geometry,median_age,count_population,median_income,count_undergrad,count_grad,area_m2,population_density
"POLYGON ((-97.747772 30.297743, -97.746935 30.299027, -97.746648 30.299508, -97.746261 30.300239, -97.74573 30.30109, -97.745455 30.301492, -97.745188 30.301904, -97.744711 30.302701, -97.744247 30.303426, -97.743738 30.304215, -97.743559 30.304473, -97.74311 30.305195, -97.741548 30.304481, -97.741431 30.304425, -97.739784 30.30358, -97.739258 30.30333, -97.738295 30.30282, -97.738147 30.302741, -97.738295 30.302481, -97.73863 30.301985, -97.738917 30.30153, -97.739127 30.301212, -97.739172 30.301136, -97.739649 30.30034, -97.739895 30.299913, -97.739981 30.299761, -97.740427 30.299091, -97.740556 30.298901, -97.74094 30.298268, -97.741198 30.297885, -97.741965 30.296696, -97.7421 30.296504, -97.742817 30.295429, -97.743918 30.295922, -97.744323 30.296141, -97.744919 30.296453, -97.745185 30.296585, -97.745937 30.296911, -97.746353 30.297093, -97.746922 30.297363, -97.747425 30.297588, -97.747772 30.297743))",28.1,1116.0,66397.0,201.0,159.0,513559.46843023004,0.0021730686874710304
"POLYGON ((-97.718851 30.33772, -97.717877 30.339321, -97.717823 30.339411, -97.715485 30.338285, -97.714411 30.337823, -97.712247 30.336756, -97.712124 30.336696, -97.712047 30.336658, -97.710874 30.336057, -97.711318 30.335356, -97.712131 30.335775, -97.713078 30.334309, -97.713658 30.333482, -97.714194 30.332662, -97.714616 30.331969, -97.714804 30.331621, -97.71482 30.330403, -97.715469 30.330389, -97.7156 30.330386, -97.715643 30.330385, -97.715703 30.330383, -97.7157 30.330442, -97.715696 30.330723, -97.715707 30.330813, -97.71573 30.330996, -97.71578 30.33127, -97.715812 30.331408, -97.715893 30.331682, -97.716004 30.332009, -97.716056 30.33214, -97.71618 30.332391, -97.716331 30.33268, -97.716686 30.333394, -97.716797 30.333606, -97.716932 30.333881, -97.716957 30.333928, -97.716988 30.333992, -97.717598 30.335188, -97.717624 30.335239, -97.717648 30.335283, -97.717673 30.335336, -97.718174 30.336341, -97.718526 30.336958, -97.718821 30.33755, -97.718853 30.337628, -97.718851 30.33772))",30.7,421.0,142593.0,40.0,25.0,330861.2150736256,0.0012724368430621765
"POLYGON ((-97.726326 30.32596, -97.725192 30.327804, -97.723709 30.330117, -97.723566 30.330337, -97.722761 30.331591, -97.721241 30.333999, -97.720165 30.335683, -97.719555 30.336702, -97.719122 30.337342, -97.719007 30.337503, -97.718851 30.33772, -97.718853 30.337628, -97.718821 30.33755, -97.718526 30.336958, -97.718174 30.336341, -97.717673 30.335336, -97.717648 30.335283, -97.717624 30.335239, -97.717598 30.335188, -97.716988 30.333992, -97.716957 30.333928, -97.716932 30.333881, -97.716797 30.333606, -97.716686 30.333394, -97.716331 30.33268, -97.71618 30.332391, -97.716056 30.33214, -97.716004 30.332009, -97.715893 30.331682, -97.715812 30.331408, -97.71578 30.33127, -97.71573 30.330996, -97.715707 30.330813, -97.715696 30.330723, -97.7157 30.330442, -97.715703 30.330383, -97.715744 30.329807, -97.71588 30.328882, -97.715898 30.328795, -97.716031 30.328004, -97.716096 30.327526, -97.716129 30.327044, -97.716132 30.326999, -97.716136 30.326468, -97.716114 30.32605, -97.716052 30.325413, -97.716013 30.325129, -97.715958 30.324795, -97.715875 30.324404, -97.7157 30.323929, -97.715663 30.323845, -97.7156 30.323701, -97.715495 30.323498, -97.715346 30.323241, -97.715128 30.322913, -97.714869 30.322586, -97.714688 30.322387, -97.714456 30.322154, -97.713453 30.321302, -97.713119 30.320989, -97.713058 30.320935, -97.712996 30.320852, -97.712778 30.320485, -97.712756 30.320435, -97.712924 30.320416, -97.713229 30.320381, -97.713467 30.320356, -97.71373 30.320342, -97.71408 30.320317, -97.714621 30.320311, -97.715374 30.320422, -97.7159 30.320655, -97.715961 30.320682, -97.716678 30.32104, -97.717641 30.321494, -97.718574 30.321964, -97.719558 30.322422, -97.720403 30.322712, -97.721186 30.322873, -97.721988 30.32295, -97.722699 30.323102, -97.722728 30.323108, -97.72383 30.323502, -97.724557 30.323918, -97.724853 30.324123, -97.725184 30.32441, -97.725389 30.324632, -97.725533 30.324829, -97.725672 30.325086, -97.725799 30.325367, -97.725879 30.325519, -97.725947 30.325609, -97.726041 30.32572, -97.726326 30.32596))",26.9,1877.0,66042.0,110.0,39.0,1152467.1471352682,0.0016286798323628842
"POLYGON ((-97.747361 30.352969, -97.746828 30.354128, -97.746294 30.355286, -97.746174 30.355525, -97.745959 30.35596, -97.745331 30.357338, -97.744926 30.358146, -97.744314 30.359578, -97.744125 30.359885, -97.744043 30.359852, -97.743751 30.359735, -97.740802 30.358545, -97.740248 30.358421, -97.739526 30.358103, -97.73948 30.358084, -97.739476 30.358006, -97.739467 30.357939, -97.73944 30.357749, -97.739335 30.357314, -97.739123 30.356483, -97.739097 30.356382, -97.739087 30.356276, -97.739096 30.35612, -97.739066 30.356005, -97.738998 30.355842, -97.738896 30.355705, -97.738809 30.355651, -97.738759 30.35557, -97.738717 30.355453, -97.738642 30.355319, -97.738585 30.355185, -97.738552 30.35506, -97.738539 30.35493, -97.738533 30.35479, -97.738554 30.354711, -97.738588 30.354629, -97.738605 30.354498, -97.738637 30.354366, -97.73867 30.354272, -97.738711 30.354184, -97.738752 30.354133, -97.738869 30.354015, -97.739039 30.353923, -97.73932 30.353711, -97.739386 30.353661, -97.739566 30.353518, -97.739837 30.353225, -97.739928 30.353156, -97.740014 30.353079, -97.740085 30.353002, -97.74013 30.352944, -97.740288 30.352827, -97.740462 30.35269, -97.74061 30.352599, -97.740739 30.35248, -97.740834 30.352323, -97.740929 30.352205, -97.740996 30.352047, -97.741031 30.351889, -97.741053 30.351817, -97.74113 30.351734, -97.741194 30.351582, -97.741231 30.351336, -97.741228 30.351183, -97.74124 30.351105, -97.741244 30.351084, -97.741266 30.35103, -97.741824 30.351307, -97.742279 30.350554, -97.746085 30.35242, -97.74699 30.352863, -97.747192 30.352938, -97.747361 30.352969))",45.6,656.0,174408.0,23.0,0.0,528587.9400290739,0.001241042313534278
"POLYGON ((-97.716132 30.326999, -97.716129 30.327044, -97.716096 30.327526, -97.716031 30.328004, -97.715898 30.328795, -97.71588 30.328882, -97.715744 30.329807, -97.715703 30.330383, -97.715643 30.330385, -97.7156 30.330386, -97.715469 30.330389, -97.71482 30.330403, -97.714804 30.331621, -97.714616 30.331969, -97.714194 30.332662, -97.713658 30.333482, -97.713078 30.334309, -97.712131 30.335775, -97.711318 30.335356, -97.710874 30.336057, -97.708899 30.335128, -97.708052 30.334671, -97.70782 30.33457, -97.70721 30.334279, -97.705755 30.333543, -97.704531 30.332954, -97.704275 30.332831, -97.704388 30.332622, -97.704502 30.332414, -97.704792 30.331884, -97.704995 30.331426, -97.705225 30.330911, -97.705467 30.330291, -97.705626 30.329719, -97.705815 30.329039, -97.706085 30.327666, -97.706195 30.32711, -97.706222 30.326935, -97.706425 30.325663, -97.706635 30.324356, -97.706782 30.322922, -97.706805 30.322764, -97.706813 30.322605, -97.706831 30.322492, -97.706858 30.322197, -97.706981 30.32217, -97.707138 30.322135, -97.707293 30.322088, -97.707449 30.322042, -97.707612 30.321988, -97.708302 30.321762, -97.709109 30.321496, -97.709377 30.321402, -97.70959 30.321335, -97.710112 30.32117, -97.710481 30.321059, -97.710782 30.320953, -97.710873 30.320925, -97.711072 30.320865, -97.711736 30.320672, -97.71243 30.320502, -97.712582 30.320459, -97.712645 30.320446, -97.712756 30.320435, -97.712778 30.320485, -97.712996 30.320852, -97.713058 30.320935, -97.713119 30.320989, -97.713453 30.321302, -97.714456 30.322154, -97.714688 30.322387, -97.714869 30.322586, -97.715128 30.322913, -97.715346 30.323241, -97.715495 30.323498, -97.7156 30.323701, -97.715663 30.323845, -97.7157 30.323929, -97.715875 30.324404, -97.715958 30.324795, -97.716013 30.325129, -97.716052 30.325413, -97.716114 30.32605, -97.716136 30.326468, -97.716132 30.326999))",36.2,1742.0,100279.0,127.0,38.0,1338361.6878018852,0.0013015913529780185
"POLYGON ((-97.73727 30.257326, -97.737031 30.25725, -97.736774 30.257188, -97.736516 30.257127, -97.736518 30.256821, -97.736483 30.255864, -97.734714 30.255327, -97.734295 30.25633, -97.732693 30.255776, -97.732185 30.2556, -97.730283 30.254935, -97.72825 30.254206, -97.726294 30.25352, -97.726693 30.252612, -97.727089 30.251679, -97.727485 30.250843, -97.727801 30.250616, -97.729095 30.249864, -97.728904 30.249536, -97.728495 30.249026, -97.72834 30.248814, -97.728083 30.248655, -97.727744 30.248553, -97.727814 30.248369, -97.727022 30.247858, -97.725907 30.247139, -97.728443 30.247774, -97.728976 30.247907, -97.729782 30.248109, -97.732776 30.249399, -97.732795 30.249367, -97.732857 30.2494, -97.733006 30.249479, -97.733174 30.249569, -97.733744 30.249859, -97.734139 30.25007, -97.734302 30.250164, -97.734424 30.250209, -97.735183 30.250353, -97.735451 30.250412, -97.735535 30.250431, -97.73562 30.25045, -97.735684 30.250464, -97.735707 30.250475, -97.735802 30.25052, -97.735994 30.250611, -97.736002 30.25065, -97.73615 30.251322, -97.736166 30.251412, -97.73625 30.251868, -97.736292 30.25207, -97.736375 30.252477, -97.736657 30.253851, -97.736894 30.254951, -97.737098 30.255989, -97.737258 30.257128, -97.73727 30.257326))",36.0,592.0,106250.0,0.0,0.0,605432.2946310233,0.0009778137130276316
"POLYGON ((-97.694547 30.262393, -97.690344 30.263589, -97.685643 30.264927, -97.684496 30.265253, -97.684462 30.265267, -97.684109 30.265377, -97.68393 30.265426, -97.68366 30.265492, -97.683387 30.265547, -97.683019 30.265608, -97.682647 30.26565, -97.682367 30.265672, -97.682087 30.265682, -97.681806 30.265682, -97.681525 30.265674, -97.681245 30.265654, -97.680874 30.265613, -97.680597 30.265569, -97.680232 30.265498, -97.679881 30.265416, -97.679102 30.265238, -97.678466 30.265091, -97.672643 30.263749, -97.672387 30.26369, -97.672589 30.263374, -97.672643 30.263291, -97.672503 30.263264, -97.672472 30.263271, -97.672446 30.26327, -97.672358 30.263268, -97.672269 30.263219, -97.672178 30.263168, -97.672136 30.263157, -97.671956 30.263126, -97.671752 30.263032, -97.671714 30.262978, -97.671639 30.262888, -97.671443 30.262766, -97.671285 30.262677, -97.671215 30.262644, -97.67115 30.262623, -97.671082 30.262611, -97.670818 30.26261, -97.670561 30.262614, -97.67048 30.262609, -97.670094 30.262555, -97.669981 30.262549, -97.669734 30.262559, -97.669617 30.262579, -97.66955 30.262601, -97.669498 30.262632, -97.669418 30.262697, -97.669357 30.262732, -97.669311 30.262748, -97.669181 30.262759, -97.669018 30.262789, -97.668902 30.262797, -97.668822 30.262793, -97.668729 30.262772, -97.668628 30.262723, -97.668559 30.262699, -97.66847 30.262674, -97.668432 30.262664, -97.668035 30.262612, -97.667824 30.262607, -97.667589 30.262582, -97.66734 30.262539, -97.667184 30.262533, -97.667074 30.262536, -97.666928 30.262547, -97.666824 30.262543, -97.666586 30.262522, -97.666282 30.262489, -97.666003 30.262476, -97.665817 30.262456, -97.665471 30.262396, -97.665267 30.262354, -97.664829 30.262257, -97.664673 30.262197, -97.66461 30.262181, -97.664338 30.262148, -97.663755 30.262066, -97.663523 30.262046, -97.663231 30.26204, -97.663102 30.262048, -97.663047 30.262061, -97.662982 30.262088, -97.662912 30.262128, -97.662851 30.262176, -97.662776 30.262256, -97.662658 30.262418, -97.662556 30.262575, -97.662467 30.26268, -97.662403 30.262741, -97.662339 30.262787, -97.662272 30.262819, -97.662205 30.262838, -97.662117 30.262842, -97.662023 30.262829, -97.661964 30.262812, -97.661876 30.262765, -97.661564 30.262554, -97.661471 30.262496, -97.661335 30.262427, -97.661139 30.262345, -97.661044 30.26231, -97.660967 30.262282, -97.66076 30.262213, -97.660698 30.262178, -97.660658 30.262143, -97.660622 30.262097, -97.660594 30.262046, -97.66055 30.261924, -97.660529 30.261864, -97.660424 30.26165, -97.66039 30.261562, -97.660375 30.261524, -97.660341 30.261387, -97.660582 30.261253, -97.660759 30.261144, -97.660832 30.261159, -97.660971 30.261148, -97.661111 30.261101, -97.661256 30.261061, -97.661372 30.261014, -97.661483 30.260985, -97.66157 30.260944, -97.66168 30.260886, -97.661796 30.260828, -97.66186 30.260782, -97.661889 30.260712, -97.661918 30.260619, -97.66193 30.260578, -97.66193 30.260526, -97.661942 30.260491, -97.661933 30.260417, -97.66339 30.259517, -97.666107 30.257839, -97.66612 30.257833, -97.667347 30.257, -97.667908 30.256619, -97.668422 30.256415, -97.669225 30.256096, -97.67078 30.255093, -97.671275 30.254774, -97.671537 30.254551, -97.671667 30.254314, -97.671689 30.253761, -97.671668 30.253509, -97.671624 30.252978, -97.671729 30.252794, -97.671849 30.252583, -97.671876 30.252537, -97.671914 30.25247, -97.672026 30.25234, -97.672225 30.252107, -97.672726 30.251257, -97.673121 30.250815, -97.674265 30.249953, -97.675138 30.249332, -97.67598 30.248826, -97.677342 30.248188, -97.677807 30.247971, -97.679714 30.247318, -97.68016 30.247129, -97.681104 30.24673, -97.682457 30.24629, -97.683073 30.246269, -97.683503 30.246256, -97.683843 30.246196, -97.684509 30.246079, -97.684992 30.245994, -97.687873 30.245813, -97.688579 30.245996, -97.688695 30.245999, -97.689151 30.245978, -97.689251 30.245965, -97.689372 30.245935, -97.689687 30.245845, -97.689756 30.245811, -97.690005 30.24566, -97.690289 30.24579, -97.690638 30.245574, -97.690792 30.245478, -97.690947 30.245383, -97.691011 30.245343, -97.691114 30.24528, -97.69128 30.245176, -97.691312 30.245374, -97.691343 30.245573, -97.691442 30.246213, -97.691586 30.247159, -97.69172 30.248105, -97.691472 30.24895, -97.691384 30.249065, -97.69122 30.249278, -97.691059 30.249453, -97.69098 30.249504, -97.690902 30.249556, -97.690838 30.249605, -97.690778 30.249651, -97.690403 30.249841, -97.689993 30.250031, -97.689453 30.250174, -97.687489 30.250482, -97.687396 30.250497, -97.686565 30.250648, -97.686292 30.250672, -97.685733 30.250669, -97.6849 30.250793, -97.684644 30.250843, -97.684199 30.250925, -97.683267 30.251107, -97.682508 30.251412, -97.681312 30.25203, -97.68014 30.252905, -97.679769 30.253193, -97.67954 30.253371, -97.680051 30.253603, -97.680976 30.254022, -97.681489 30.254269, -97.685067 30.255862, -97.685869 30.256195, -97.686627 30.256518, -97.688869 30.257497, -97.690232 30.258147, -97.690851 30.25846, -97.69098 30.258525, -97.691545 30.258812, -97.69335 30.259718, -97.693864 30.260094, -97.694534 30.262353, -97.694547 30.262393))",33.9,1957.0,90313.0,31.0,88.0,3632057.1072574863,0.0005388131139484484
"POLYGON ((-97.789441 30.216455, -97.788823 30.216666, -97.788225 30.216883, -97.786934 30.217352, -97.786214 30.217577, -97.785703 30.217718, -97.785218 30.217807, -97.784718 30.217863, -97.784413 30.217893, -97.78416 30.217918, -97.78366 30.217949, -97.783046 30.217901, -97.782779 30.217918, -97.782513 30.217926, -97.782356 30.217944, -97.78198 30.21799, -97.781448 30.218106, -97.78094 30.218272, -97.780622 30.218422, -97.780137 30.218663, -97.779767 30.21887, -97.779107 30.219102, -97.778741 30.219419, -97.778358 30.21973, -97.778277 30.219839, -97.77805 30.220093, -97.777799 30.22047, -97.777548 30.220852, -97.777289 30.221224, -97.777119 30.221661, -97.777 30.222107, -97.776889 30.222501, -97.776866 30.222908, -97.776857 30.22307, -97.776872 30.224104, -97.776856 30.224591, -97.776829 30.225401, -97.776799 30.225901, -97.776777 30.226434, -97.776693 30.226768, -97.776601 30.227077, -97.77656 30.227266, -97.77652 30.227449, -97.776492 30.22758, -97.776418 30.227581, -97.775924 30.227586, -97.773438 30.227638, -97.772955 30.227609, -97.772723 30.227583, -97.772331 30.227531, -97.772065 30.227459, -97.771992 30.227442, -97.771717 30.227378, -97.771167 30.227227, -97.770921 30.227145, -97.770714 30.227083, -97.770543 30.227022, -97.770278 30.226915, -97.769839 30.226722, -97.769726 30.226654, -97.769661 30.22662, -97.769466 30.226518, -97.769672 30.226185, -97.769989 30.225666, -97.770432 30.224971, -97.770882 30.224267, -97.771364 30.223515, -97.771595 30.223105, -97.772877 30.221043, -97.7742 30.218932, -97.774762 30.218041, -97.775992 30.21608, -97.776425 30.21539, -97.776535 30.215406, -97.777092 30.215465, -97.777257 30.215451, -97.777426 30.215448, -97.777543 30.215453, -97.778118 30.215551, -97.778311 30.215564, -97.778487 30.215564, -97.778596 30.215554, -97.778666 30.215535, -97.778724 30.215507, -97.778781 30.215461, -97.778812 30.215422, -97.778843 30.215346, -97.778848 30.215308, -97.778835 30.215242, -97.778818 30.215214, -97.778691 30.215108, -97.778638 30.215052, -97.778574 30.214942, -97.778522 30.21487, -97.778481 30.214831, -97.778446 30.214806, -97.778293 30.214736, -97.777896 30.214543, -97.777501 30.21437, -97.777313 30.214277, -97.777226 30.214236, -97.777141 30.214203, -97.777083 30.214177, -97.77698 30.214114, -97.776911 30.21406, -97.776842 30.213971, -97.776716 30.213767, -97.776659 30.213617, -97.776671 30.213491, -97.776703 30.213423, -97.77672 30.213355, -97.776732 30.21322, -97.776752 30.213069, -97.77679 30.212922, -97.776896 30.212622, -97.77694 30.212526, -97.776999 30.21243, -97.777045 30.212375, -97.777101 30.212325, -97.777193 30.212267, -97.777282 30.212219, -97.777429 30.212155, -97.777698 30.212051, -97.777813 30.21202, -97.778154 30.211946, -97.778442 30.211917, -97.778545 30.211912, -97.778872 30.211922, -97.778971 30.211929, -97.779066 30.211935, -97.779457 30.211976, -97.779671 30.212015, -97.779769 30.212022, -97.779867 30.212019, -97.780008 30.211999, -97.780198 30.211979, -97.780336 30.211976, -97.780491 30.211991, -97.780772 30.212, -97.78083 30.212005, -97.780922 30.212021, -97.780993 30.212051, -97.781059 30.2121, -97.781137 30.212178, -97.781212 30.212269, -97.781292 30.212398, -97.781351 30.212473, -97.781399 30.212517, -97.781473 30.212561, -97.781576 30.212602, -97.78168 30.212637, -97.781954 30.212752, -97.782099 30.212824, -97.782549 30.213028, -97.782758 30.213117, -97.782808 30.213123, -97.7829 30.213113, -97.783002 30.213087, -97.783039 30.213081, -97.783159 30.213078, -97.783236 30.213088, -97.783374 30.213125, -97.783496 30.213167, -97.783701 30.213257, -97.78377 30.213296, -97.783866 30.213377, -97.784138 30.213643, -97.784267 30.213779, -97.784308 30.213821, -97.784437 30.213918, -97.784696 30.214231, -97.784758 30.214322, -97.78497 30.21451, -97.785027 30.214555, -97.785116 30.214609, -97.785171 30.214629, -97.785263 30.214646, -97.785387 30.214653, -97.7855 30.21465, -97.78569 30.214627, -97.785821 30.214625, -97.785905 30.214638, -97.786093 30.214695, -97.786185 30.214728, -97.786307 30.214771, -97.786587 30.21485, -97.786762 30.214924, -97.786812 30.214934, -97.786973 30.214943, -97.787142 30.214967, -97.78721 30.214985, -97.787333 30.215034, -97.787453 30.215093, -97.787538 30.215127, -97.787737 30.215183, -97.787938 30.215227, -97.788073 30.215262, -97.788181 30.215303, -97.788225 30.215326, -97.788314 30.215381, -97.788409 30.215451, -97.7885 30.215527, -97.788597 30.215599, -97.78869 30.215657, -97.788894 30.215763, -97.788993 30.215803, -97.78906 30.215836, -97.789125 30.215878, -97.789158 30.21591, -97.789196 30.215966, -97.789217 30.216016, -97.789265 30.216133, -97.789425 30.216427, -97.789441 30.216455))",42.2,1392.0,100938.0,37.0,15.0,1151375.555240793,0.0012089886689568322
"POLYGON ((-97.791629 30.231757, -97.791563 30.231891, -97.791512 30.231994, -97.791182 30.232389, -97.790825 30.232781, -97.790625 30.233002, -97.790042 30.233643, -97.790017 30.23375, -97.790014 30.233851, -97.79002 30.233959, -97.790036 30.234036, -97.790165 30.234932, -97.790196 30.235095, -97.790209 30.235252, -97.790188 30.235384, -97.790149 30.235515, -97.790055 30.235662, -97.788233 30.234817, -97.787005 30.234314, -97.785781 30.233814, -97.786355 30.232841, -97.786994 30.231907, -97.787622 30.231009, -97.788054 30.230361, -97.788224 30.230092, -97.788341 30.229902, -97.788456 30.229956, -97.789854 30.230617, -97.79118 30.231207, -97.791793 30.23151, -97.791629 30.231757))",41.1,1097.0,54105.0,96.0,0.0,189105.7745412989,0.005800986261053735
"POLYGON ((-97.726949 30.240385, -97.726366 30.241257, -97.725208 30.243059, -97.724102 30.244778, -97.723864 30.24477, -97.723638 30.244757, -97.72325 30.244692, -97.723088 30.244648, -97.723027 30.244742, -97.722941 30.244875, -97.722822 30.245031, -97.722824 30.245057, -97.722837 30.245105, -97.722823 30.245157, -97.722802 30.245196, -97.722874 30.245184, -97.724791 30.24642, -97.725544 30.246905, -97.725476 30.247032, -97.723758 30.246603, -97.7226 30.246808, -97.720344 30.247718, -97.72006 30.247812, -97.719386 30.248035, -97.719064 30.248157, -97.717863 30.248615, -97.717071 30.249111, -97.716094 30.249724, -97.715936 30.249823, -97.715697 30.249883, -97.713793 30.25036, -97.713506 30.250432, -97.713518 30.250351, -97.713529 30.250281, -97.713577 30.24969, -97.713681 30.248995, -97.71379 30.24827, -97.71425 30.247204, -97.716271 30.243927, -97.717055 30.242659, -97.717145 30.242513, -97.71792 30.241317, -97.719551 30.238803, -97.720982 30.236545, -97.721663 30.235474, -97.721965 30.235008, -97.722137 30.234611, -97.722148 30.234519, -97.722264 30.234429, -97.722386 30.234336, -97.722624 30.23418, -97.722846 30.234103, -97.723128 30.234348, -97.723188 30.234405, -97.723968 30.235119, -97.724209 30.235424, -97.724671 30.235997, -97.725315 30.23694, -97.72545 30.237329, -97.725575 30.23749, -97.725609 30.237534, -97.725641 30.237843, -97.725734 30.238082, -97.725851 30.238367, -97.726075 30.238985, -97.726314 30.239402, -97.726887 30.240149, -97.72704 30.24025, -97.726949 30.240385))",29.9,1335.0,83694.0,36.0,0.0,1065006.8089177862,0.0012535131126124623
"POLYGON ((-97.727656 30.227467, -97.726343 30.229603, -97.72637 30.229715, -97.72625 30.229751, -97.725356 30.231144, -97.725365 30.231237, -97.725274 30.231274, -97.724377 30.232735, -97.724406 30.232833, -97.724279 30.232882, -97.723948 30.233306, -97.72368 30.233489, -97.723509 30.233664, -97.723316 30.233732, -97.722973 30.233957, -97.722846 30.234103, -97.722575 30.233916, -97.722494 30.23386, -97.721097 30.232907, -97.721134 30.232886, -97.721166 30.232857, -97.721175 30.23284, -97.721167 30.23277, -97.721192 30.232759, -97.721208 30.23274, -97.721287 30.232676, -97.721334 30.232639, -97.72138 30.232603, -97.721394 30.232587, -97.721716 30.232244, -97.722045 30.231851, -97.722239 30.231595, -97.722335 30.231477, -97.72235 30.231458, -97.722446 30.231319, -97.722592 30.231126, -97.722714 30.230948, -97.72299 30.230649, -97.723235 30.230409, -97.723291 30.230364, -97.723308 30.23035, -97.723351 30.230278, -97.723365 30.230261, -97.723396 30.230242, -97.723418 30.230238, -97.723472 30.230237, -97.723494 30.230232, -97.723624 30.230196, -97.723693 30.230169, -97.723745 30.230124, -97.723758 30.230102, -97.72381 30.230068, -97.723954 30.230011, -97.724021 30.230011, -97.72407 30.230002, -97.724254 30.229948, -97.724305 30.229945, -97.724382 30.22997, -97.724402 30.229981, -97.724423 30.229982, -97.724705 30.229874, -97.724794 30.229831, -97.724833 30.229803, -97.724895 30.229729, -97.724917 30.229682, -97.725159 30.229418, -97.725205 30.229351, -97.725434 30.229076, -97.725665 30.228718, -97.725805 30.228516, -97.725851 30.228481, -97.725867 30.228469, -97.725933 30.2284, -97.726391 30.227863, -97.726478 30.227731, -97.726702 30.227463, -97.72684 30.227349, -97.726964 30.227275, -97.72713 30.227191, -97.727776 30.227462, -97.727656 30.227467))",37.4,362.0,66820.0,0.0,26.0,142502.23287957095,0.0025403110722196703
"POLYGON ((-97.758366 30.169792, -97.757873 30.17043, -97.757752 30.17045, -97.757668 30.170547, -97.757271 30.171477, -97.757055 30.171398, -97.756761 30.171303, -97.756589 30.171287, -97.756371 30.171295, -97.75621 30.171348, -97.755956 30.171375, -97.755866 30.171368, -97.755856 30.171404, -97.755802 30.171607, -97.755705 30.17188, -97.75439 30.171496, -97.753573 30.171232, -97.752809 30.17238, -97.752342 30.172221, -97.752197 30.172172, -97.752235 30.172121, -97.752406 30.171874, -97.75285 30.171231, -97.752995 30.170992, -97.75311 30.170851, -97.753147 30.170773, -97.753091 30.170744, -97.752426 30.170403, -97.751703 30.169998, -97.750905 30.169591, -97.750111 30.169174, -97.749635 30.16986, -97.749358 30.1703, -97.748909 30.170852, -97.74838 30.171312, -97.748828 30.171741, -97.748987 30.171932, -97.749086 30.172096, -97.749255 30.172306, -97.749426 30.172441, -97.749826 30.172642, -97.750189 30.172819, -97.750725 30.172973, -97.75 30.174073, -97.749209 30.173837, -97.748445 30.17362, -97.748137 30.173528, -97.747682 30.173393, -97.743423 30.172163, -97.743253 30.172729, -97.743256 30.173015, -97.743362 30.173333, -97.743518 30.173592, -97.743577 30.173701, -97.744316 30.174654, -97.745321 30.175703, -97.745488 30.175788, -97.745681 30.175872, -97.746125 30.175994, -97.74644 30.176173, -97.746384 30.176221, -97.746208 30.17635, -97.746073 30.176433, -97.745734 30.176609, -97.745591 30.176676, -97.745551 30.176682, -97.745471 30.176816, -97.745483 30.176915, -97.745478 30.177047, -97.745459 30.177199, -97.745428 30.177326, -97.745368 30.177483, -97.74531 30.177603, -97.745265 30.177682, -97.74517 30.17783, -97.745155 30.177871, -97.745103 30.178013, -97.744638 30.177427, -97.744182 30.176821, -97.743677 30.176148, -97.743322 30.175603, -97.743089 30.175259, -97.742708 30.174735, -97.742227 30.174248, -97.741385 30.173328, -97.741078 30.172985, -97.74149 30.172605, -97.741501 30.172558, -97.741525 30.172499, -97.741704 30.172267, -97.741846 30.172065, -97.741877 30.171999, -97.741905 30.171901, -97.741916 30.171791, -97.741909 30.171672, -97.7419 30.171651, -97.741844 30.1716, -97.741825 30.171577, -97.741821 30.171558, -97.741856 30.171435, -97.741879 30.17138, -97.741987 30.171186, -97.742054 30.171089, -97.742118 30.171015, -97.742243 30.170894, -97.742374 30.17079, -97.742454 30.170717, -97.742505 30.170656, -97.742575 30.170552, -97.742633 30.170436, -97.742716 30.17022, -97.742827 30.169953, -97.742875 30.169878, -97.743012 30.169737, -97.74327 30.169482, -97.7436 30.169166, -97.743781 30.16894, -97.743842 30.168882, -97.743948 30.168796, -97.744043 30.168731, -97.7441 30.168685, -97.744194 30.168567, -97.74422 30.168502, -97.744243 30.16846, -97.744273 30.168431, -97.74433 30.168397, -97.744503 30.16833, -97.744734 30.168206, -97.744852 30.16813, -97.745451 30.167673, -97.745543 30.167589, -97.745742 30.167367, -97.745868 30.167256, -97.745945 30.167199, -97.74602 30.167156, -97.746094 30.167126, -97.746924 30.166865, -97.746999 30.166835, -97.747113 30.16677, -97.747558 30.16646, -97.748322 30.165966, -97.748376 30.165922, -97.748503 30.165788, -97.748605 30.165715, -97.748741 30.165635, -97.748922 30.165546, -97.749157 30.165445, -97.749423 30.16535, -97.749584 30.16527, -97.749652 30.165221, -97.749786 30.16508, -97.749907 30.164936, -97.749962 30.164887, -97.750058 30.164824, -97.750196 30.164745, -97.750323 30.164688, -97.750385 30.164667, -97.750474 30.164645, -97.750582 30.164634, -97.750625 30.16464, -97.750696 30.164662, -97.750769 30.164697, -97.75088 30.164771, -97.750937 30.164797, -97.751015 30.164814, -97.751108 30.16482, -97.751264 30.164813, -97.751447 30.164789, -97.75167 30.164928, -97.751836 30.165001, -97.752159 30.165113, -97.752324 30.165184, -97.752532 30.165288, -97.752697 30.16534, -97.752928 30.165453, -97.753411 30.165675, -97.753556 30.165752, -97.753646 30.165817, -97.753843 30.166, -97.754209 30.166378, -97.754303 30.166457, -97.754389 30.166512, -97.754811 30.166738, -97.754935 30.166788, -97.754989 30.166836, -97.755171 30.167069, -97.755232 30.167121, -97.755337 30.167184, -97.75549 30.167253, -97.755574 30.167305, -97.755647 30.16736, -97.755702 30.167415, -97.755782 30.167525, -97.755814 30.167589, -97.755846 30.167631, -97.75591 30.167693, -97.756088 30.167835, -97.756359 30.168051, -97.756427 30.168117, -97.756582 30.1683, -97.756645 30.168359, -97.756882 30.168545, -97.756968 30.16862, -97.75708 30.168736, -97.757295 30.169015, -97.757395 30.169121, -97.757405 30.169137, -97.757443 30.169178, -97.757523 30.169234, -97.757663 30.169321, -97.757892 30.16944, -97.757953 30.169462, -97.758302 30.169539, -97.758361 30.169552, -97.758534 30.169576, -97.758366 30.169792))",13.0,87.0,70753.0,0.0,0.0,923098.3201190494,9.424781532348564e-05
"POLYGON ((-97.75311 30.170851, -97.752995 30.170992, -97.75285 30.171231, -97.752406 30.171874, -97.752235 30.172121, -97.752197 30.172172, -97.752166 30.172225, -97.751491 30.173261, -97.75146 30.173313, -97.751399 30.173392, -97.751123 30.173802, -97.749995 30.175478, -97.749425 30.176025, -97.749388 30.176082, -97.749324 30.176121, -97.748782 30.176642, -97.748282 30.177166, -97.748233 30.177223, -97.748168 30.177281, -97.747763 30.177685, -97.747461 30.177987, -97.747345 30.178162, -97.747309 30.178215, -97.747043 30.178774, -97.746897 30.179238, -97.746845 30.17957, -97.746833 30.179647, -97.746815 30.1797, -97.746631 30.179617, -97.746273 30.179282, -97.745965 30.178999, -97.745799 30.178804, -97.745124 30.17804, -97.745103 30.178013, -97.745155 30.177871, -97.74517 30.17783, -97.745265 30.177682, -97.74531 30.177603, -97.745368 30.177483, -97.745428 30.177326, -97.745459 30.177199, -97.745478 30.177047, -97.745483 30.176915, -97.745471 30.176816, -97.745551 30.176682, -97.745591 30.176676, -97.745734 30.176609, -97.746073 30.176433, -97.746208 30.17635, -97.746384 30.176221, -97.74644 30.176173, -97.746125 30.175994, -97.745681 30.175872, -97.745488 30.175788, -97.745321 30.175703, -97.744316 30.174654, -97.743577 30.173701, -97.743518 30.173592, -97.743362 30.173333, -97.743256 30.173015, -97.743253 30.172729, -97.743423 30.172163, -97.747682 30.173393, -97.748137 30.173528, -97.748445 30.17362, -97.749209 30.173837, -97.75 30.174073, -97.750725 30.172973, -97.750189 30.172819, -97.749826 30.172642, -97.749426 30.172441, -97.749255 30.172306, -97.749086 30.172096, -97.748987 30.171932, -97.748828 30.171741, -97.74838 30.171312, -97.748909 30.170852, -97.749358 30.1703, -97.749635 30.16986, -97.750111 30.169174, -97.750905 30.169591, -97.751703 30.169998, -97.752426 30.170403, -97.753091 30.170744, -97.753147 30.170773, -97.75311 30.170851))",25.0,0.0,70000.0,0.0,0.0,386736.47470993415,0.0
"POLYGON ((-97.801933 30.201545, -97.801889 30.201608, -97.801525 30.202178, -97.801301 30.202463, -97.801122 30.202748, -97.801007 30.202947, -97.80073 30.203346, -97.800247 30.204046, -97.798293 30.206881, -97.798091 30.207173, -97.797255 30.208385, -97.797052 30.208233, -97.797039 30.208204, -97.79699 30.208173, -97.796783 30.208079, -97.796704 30.208056, -97.796152 30.208877, -97.795472 30.208525, -97.794763 30.20812, -97.794053 30.207754, -97.793066 30.207311, -97.793704 30.206757, -97.794097 30.206072, -97.794542 30.205401, -97.795031 30.204715, -97.795802 30.205016, -97.797101 30.203023, -97.797347 30.202632, -97.798616 30.200635, -97.798737 30.200445, -97.799102 30.200548, -97.80075 30.201078, -97.801952 30.201518, -97.801933 30.201545))",44.9,842.0,99107.0,0.0,25.0,325499.71338574647,0.0025867918322931183
"POLYGON ((-97.744143 30.328014, -97.742716 30.328036, -97.742228 30.328044, -97.741269 30.328061, -97.741403 30.330033, -97.741611 30.332818, -97.742439 30.333038, -97.741908 30.335104, -97.741057 30.335071, -97.74051 30.335007, -97.739822 30.334852, -97.739965 30.334105, -97.740039 30.333558, -97.740075 30.333091, -97.740096 30.33248, -97.73989 30.330071, -97.739788 30.328916, -97.739741 30.328079, -97.739746 30.327901, -97.739625 30.325959, -97.739613 30.325852, -97.739459 30.323679, -97.739402 30.322561, -97.739363 30.321995, -97.740529 30.322776, -97.741366 30.323362, -97.74146 30.323428, -97.742746 30.324234, -97.743936 30.325056, -97.743941 30.325126, -97.744143 30.328014))",41.0,1190.0,54667.0,50.0,50.0,339460.18610295386,0.0035055657444289755
"POLYGON ((-97.749749 30.334495, -97.749749 30.33462, -97.749743 30.334746, -97.749721 30.334893, -97.749653 30.335179, -97.749609 30.335323, -97.749554 30.335448, -97.749368 30.335778, -97.749236 30.336, -97.748959 30.336549, -97.748919 30.33662, -97.748854 30.33671, -97.748786 30.336778, -97.748643 30.336882, -97.74857 30.336952, -97.748528 30.337015, -97.74847 30.337165, -97.748406 30.33731, -97.748381 30.337377, -97.748332 30.337548, -97.748313 30.337659, -97.748308 30.337816, -97.748287 30.337895, -97.74821 30.338063, -97.748162 30.33819, -97.748112 30.338288, -97.747988 30.338607, -97.747884 30.338805, -97.747882 30.338864, -97.747832 30.339001, -97.747679 30.33932, -97.747639 30.339433, -97.747624 30.339518, -97.747619 30.339585, -97.747621 30.339709, -97.747652 30.340214, -97.747696 30.340599, -97.747723 30.341001, -97.747712 30.341064, -97.747673 30.341192, -97.747623 30.341322, -97.747501 30.341691, -97.747473 30.341746, -97.74743 30.341797, -97.747321 30.341888, -97.746969 30.342107, -97.746879 30.342177, -97.746666 30.342382, -97.746578 30.342486, -97.746531 30.34256, -97.746498 30.342639, -97.746453 30.342808, -97.746394 30.343132, -97.746366 30.343233, -97.74634 30.343354, -97.746291 30.34351, -97.74627 30.343599, -97.746263 30.343708, -97.746268 30.34379, -97.746264 30.343837, -97.746225 30.343956, -97.74614 30.344474, -97.746129 30.344589, -97.746073 30.344848, -97.745984 30.345329, -97.745952 30.345466, -97.745919 30.345552, -97.74588 30.345628, -97.74584 30.345683, -97.745762 30.345752, -97.745611 30.345854, -97.745496 30.345906, -97.74528 30.34598, -97.745231 30.346004, -97.745179 30.34604, -97.745167 30.346052, -97.745119 30.346097, -97.745097 30.346116, -97.74504 30.346182, -97.745008 30.346241, -97.744996 30.346285, -97.744997 30.346593, -97.745023 30.346658, -97.745242 30.347096, -97.745279 30.347177, -97.745373 30.347456, -97.745377 30.347487, -97.74537 30.347538, -97.74535 30.347572, -97.745317 30.347599, -97.745044 30.347754, -97.745006 30.347788, -97.744999 30.347833, -97.745001 30.347964, -97.744978 30.348076, -97.744962 30.348263, -97.744942 30.348304, -97.744905 30.348333, -97.744718 30.348428, -97.74461 30.348472, -97.744503 30.348499, -97.74441 30.348537, -97.744239 30.348616, -97.74418 30.348648, -97.744055 30.348752, -97.743979 30.348795, -97.743788 30.348893, -97.743494 30.349037, -97.743343 30.349126, -97.743083 30.349272, -97.742719 30.349505, -97.742591 30.349573, -97.742564 30.349578, -97.742487 30.349605, -97.742437 30.349641, -97.742291 30.349759, -97.741913 30.350058, -97.741676 30.350279, -97.741541 30.350389, -97.741438 30.350497, -97.741404 30.350576, -97.741378 30.350728, -97.741297 30.350951, -97.741266 30.35103, -97.740594 30.350716, -97.736796 30.348807, -97.73578 30.348256, -97.736611 30.346735, -97.737549 30.345416, -97.737846 30.344922, -97.737947 30.344733, -97.73809 30.344445, -97.738217 30.344153, -97.738366 30.343761, -97.738701 30.342017, -97.738966 30.340025, -97.739173 30.338717, -97.739249 30.33848, -97.739462 30.336927, -97.739822 30.334852, -97.74051 30.335007, -97.741057 30.335071, -97.741908 30.335104, -97.742951 30.335215, -97.743913 30.335422, -97.744902 30.335667, -97.745579 30.33581, -97.745996 30.335788, -97.747069 30.335376, -97.74755 30.335209, -97.749175 30.334609, -97.749749 30.334495))",46.4,1565.0,183304.0,42.0,33.0,1328151.3318809941,0.0011783295791930343
"POLYGON ((-97.728077 30.32322, -97.726699 30.325382, -97.726624 30.3255, -97.726326 30.32596, -97.726041 30.32572, -97.725947 30.325609, -97.725879 30.325519, -97.725799 30.325367, -97.725672 30.325086, -97.725533 30.324829, -97.725389 30.324632, -97.725184 30.32441, -97.724853 30.324123, -97.724557 30.323918, -97.72383 30.323502, -97.722728 30.323108, -97.722699 30.323102, -97.721988 30.32295, -97.721186 30.322873, -97.720403 30.322712, -97.719558 30.322422, -97.718574 30.321964, -97.717641 30.321494, -97.716678 30.32104, -97.715961 30.320682, -97.7159 30.320655, -97.715374 30.320422, -97.714621 30.320311, -97.71408 30.320317, -97.71373 30.320342, -97.713467 30.320356, -97.713229 30.320381, -97.712924 30.320416, -97.712756 30.320435, -97.712701 30.320302, -97.712648 30.320094, -97.712627 30.319968, -97.712623 30.319902, -97.712623 30.31982, -97.712647 30.319508, -97.712669 30.319424, -97.712704 30.319234, -97.712738 30.319043, -97.712792 30.31875, -97.7135 30.317314, -97.713708 30.316889, -97.714628 30.315025, -97.714947 30.31507, -97.715118 30.315034, -97.715342 30.314987, -97.715377 30.31498, -97.715453 30.314965, -97.715515 30.314952, -97.716741 30.315557, -97.717643 30.315988, -97.718528 30.316422, -97.719416 30.316871, -97.720284 30.317266, -97.721186 30.317708, -97.720517 30.318764, -97.721339 30.319207, -97.72113 30.319552, -97.72331 30.320579, -97.723399 30.320608, -97.723512 30.320635, -97.725828 30.321752, -97.72665 30.322146, -97.728252 30.322948, -97.728077 30.32322))",27.2,2121.0,105781.0,17.0,437.0,651980.2862797612,0.0032531658466279
"POLYGON ((-97.724607 30.306998, -97.723485 30.308742, -97.722849 30.309733, -97.722092 30.310905, -97.72136 30.312046, -97.72129 30.312174, -97.720623 30.313153, -97.719924 30.314208, -97.719225 30.315303, -97.718528 30.316422, -97.717643 30.315988, -97.716741 30.315557, -97.715515 30.314952, -97.715453 30.314965, -97.715377 30.31498, -97.715342 30.314987, -97.715118 30.315034, -97.714947 30.31507, -97.714628 30.315025, -97.715068 30.314008, -97.715249 30.313062, -97.71534 30.312069, -97.71544 30.312106, -97.715541 30.312142, -97.715644 30.312179, -97.715786 30.312233, -97.715792 30.31216, -97.715922 30.31056, -97.716476 30.309751, -97.717368 30.308364, -97.717794 30.307707, -97.718016 30.307368, -97.718615 30.30636, -97.718723 30.306202, -97.719121 30.305638, -97.719615 30.304854, -97.720937 30.305483, -97.722142 30.305994, -97.723665 30.306724, -97.723914 30.306838, -97.724103 30.306899, -97.724352 30.306976, -97.724493 30.306998, -97.724607 30.306998))",32.2,1669.0,97250.0,64.0,215.0,600292.6410235552,0.002780310611761288
"POLYGON ((-97.742381 30.306254, -97.742201 30.306562, -97.742093 30.306748, -97.741895 30.307091, -97.74139 30.307862, -97.740718 30.308913, -97.740039 30.30995, -97.739311 30.31101, -97.73854 30.312098, -97.737571 30.313464, -97.735306 30.312172, -97.733469 30.311124, -97.732976 30.310843, -97.733665 30.309724, -97.73435 30.308649, -97.734966 30.307719, -97.7351 30.307517, -97.735723 30.306509, -97.735796 30.30639, -97.736526 30.305244, -97.737298 30.304066, -97.737643 30.303493, -97.738147 30.302741, -97.738295 30.30282, -97.739258 30.30333, -97.739784 30.30358, -97.741431 30.304425, -97.741548 30.304481, -97.74311 30.305195, -97.742381 30.306254))",30.2,549.0,118971.0,17.0,81.0,566424.9246342321,0.0009692370093962864
"POLYGON ((-97.72839 30.308633, -97.72796 30.309336, -97.727947 30.309356, -97.727118 30.310614, -97.727559 30.310896, -97.727548 30.310921, -97.72705 30.311703, -97.726988 30.311793, -97.726683 30.311706, -97.725817 30.311229, -97.725316 30.311953, -97.724759 30.3128, -97.724329 30.313492, -97.724251 30.313595, -97.723743 30.314352, -97.723568 30.314627, -97.723187 30.315213, -97.72287 30.315682, -97.722577 30.315543, -97.721899 30.316639, -97.721186 30.317708, -97.720284 30.317266, -97.719416 30.316871, -97.718528 30.316422, -97.719225 30.315303, -97.719924 30.314208, -97.720623 30.313153, -97.72129 30.312174, -97.72136 30.312046, -97.722092 30.310905, -97.722849 30.309733, -97.723485 30.308742, -97.724607 30.306998, -97.724753 30.307011, -97.724899 30.307029, -97.725055 30.307072, -97.725594 30.30728, -97.726496 30.307708, -97.727442 30.30819, -97.727955 30.30844, -97.727983 30.308454, -97.72839 30.308633))",36.0,1142.0,89348.0,28.0,17.0,424435.5384504699,0.002690632372984637
"POLYGON ((-97.719719 30.294945, -97.718081 30.297611, -97.717293 30.298849, -97.716574 30.29999, -97.716422 30.300222, -97.715352 30.301874, -97.715329 30.301911, -97.715267 30.302011, -97.715213 30.302096, -97.714273 30.303605, -97.714078 30.303918, -97.712923 30.305707, -97.712523 30.306332, -97.712423 30.306487, -97.712486 30.305964, -97.712541 30.305504, -97.712462 30.305621, -97.712078 30.306192, -97.710748 30.304546, -97.709211 30.302643, -97.709318 30.301774, -97.709121 30.301388, -97.708825 30.301005, -97.709743 30.298787, -97.709605 30.298689, -97.709005 30.298016, -97.708882 30.29785, -97.708819 30.297776, -97.70831 30.296902, -97.708218 30.296666, -97.708152 30.296498, -97.707992 30.295881, -97.707939 30.295608, -97.70779 30.294262, -97.707773 30.294134, -97.707764 30.294051, -97.707437 30.291661, -97.707428 30.291579, -97.70741 30.291461, -97.707389 30.291309, -97.707252 30.290279, -97.707148 30.289196, -97.707253 30.289189, -97.707264 30.289189, -97.707376 30.289193, -97.708112 30.289222, -97.708787 30.289456, -97.709698 30.289876, -97.710248 30.290176, -97.710336 30.290217, -97.710423 30.290259, -97.710494 30.290292, -97.710564 30.290326, -97.711537 30.290794, -97.712823 30.291395, -97.713564 30.291765, -97.714493 30.292216, -97.71545 30.292658, -97.715617 30.292739, -97.716063 30.293026, -97.716424 30.293259, -97.717116 30.293664, -97.71783 30.294006, -97.718556 30.294345, -97.719382 30.294758, -97.719457 30.294796, -97.719566 30.294856, -97.719637 30.294894, -97.719719 30.294945))",37.4,2032.0,103625.0,111.0,112.0,1213825.9138964263,0.001674045657401731
"POLYGON ((-97.776469 30.227674, -97.776439 30.227764, -97.776353 30.22801, -97.77566 30.230012, -97.775362 30.230873, -97.774931 30.232195, -97.774424 30.233623, -97.774336 30.233601, -97.774305 30.233589, -97.774055 30.233496, -97.773989 30.233481, -97.773859 30.23347, -97.773674 30.233465, -97.773477 30.233443, -97.773399 30.23344, -97.773338 30.233448, -97.773269 30.233477, -97.773227 30.233502, -97.772992 30.233661, -97.772849 30.233769, -97.77281 30.233805, -97.772751 30.233877, -97.772717 30.233934, -97.772525 30.234251, -97.772479 30.234302, -97.772439 30.234331, -97.772323 30.234378, -97.772204 30.234418, -97.77211 30.234449, -97.77207 30.234474, -97.772044 30.234498, -97.77201 30.234542, -97.77199 30.234591, -97.771984 30.234642, -97.772034 30.234979, -97.772031 30.235063, -97.772018 30.235121, -97.771911 30.235365, -97.771903 30.235411, -97.771895 30.235538, -97.771877 30.2356, -97.771849 30.235642, -97.771659 30.235871, -97.771531 30.236091, -97.771374 30.236336, -97.771299 30.236479, -97.771262 30.236575, -97.771255 30.236632, -97.771275 30.236736, -97.771303 30.236816, -97.771306 30.236826, -97.771255 30.236819, -97.770866 30.236677, -97.770078 30.236281, -97.769274 30.235921, -97.76848 30.235529, -97.769481 30.233725, -97.768418 30.233201, -97.765998 30.232011, -97.766802 30.230729, -97.767637 30.22945, -97.768091 30.228695, -97.768535 30.227955, -97.768871 30.227464, -97.769241 30.22688, -97.769348 30.226707, -97.769466 30.226518, -97.769661 30.22662, -97.769726 30.226654, -97.769839 30.226722, -97.770278 30.226915, -97.770543 30.227022, -97.770714 30.227083, -97.770921 30.227145, -97.771167 30.227227, -97.771717 30.227378, -97.771992 30.227442, -97.772065 30.227459, -97.772331 30.227531, -97.772723 30.227583, -97.772955 30.227609, -97.773438 30.227638, -97.775924 30.227586, -97.776418 30.227581, -97.776492 30.22758, -97.776469 30.227674))",29.3,1649.0,92964.0,183.0,0.0,621034.9390256222,0.0026552451341742733
"POLYGON ((-97.738966 30.340025, -97.738701 30.342017, -97.738366 30.343761, -97.738217 30.344153, -97.73809 30.344445, -97.737947 30.344733, -97.737846 30.344922, -97.737549 30.345416, -97.736733 30.345013, -97.736144 30.344809, -97.73567 30.344616, -97.734933 30.344261, -97.734235 30.343895, -97.733565 30.343623, -97.732878 30.343532, -97.7322 30.343337, -97.731103 30.342809, -97.728309 30.341437, -97.728208 30.34139, -97.728132 30.341354, -97.726471 30.340521, -97.726969 30.33977, -97.727395 30.339099, -97.727934 30.338229, -97.728473 30.337383, -97.728937 30.336607, -97.729373 30.335843, -97.732205 30.337118, -97.732342 30.337104, -97.732518 30.337086, -97.733867 30.337641, -97.733982 30.337695, -97.734155 30.337776, -97.737607 30.339403, -97.73853 30.339843, -97.739173 30.338717, -97.738966 30.340025))",38.8,1387.0,105149.0,27.0,33.0,689542.636953547,0.002011478225810479
"POLYGON ((-97.726964 30.227275, -97.72684 30.227349, -97.726702 30.227463, -97.726478 30.227731, -97.726391 30.227863, -97.725933 30.2284, -97.725867 30.228469, -97.725851 30.228481, -97.725805 30.228516, -97.725665 30.228718, -97.725434 30.229076, -97.725205 30.229351, -97.725159 30.229418, -97.724917 30.229682, -97.724895 30.229729, -97.724833 30.229803, -97.724794 30.229831, -97.724705 30.229874, -97.724423 30.229982, -97.724402 30.229981, -97.724382 30.22997, -97.724305 30.229945, -97.724254 30.229948, -97.72407 30.230002, -97.724021 30.230011, -97.723954 30.230011, -97.72381 30.230068, -97.723758 30.230102, -97.723745 30.230124, -97.723693 30.230169, -97.723624 30.230196, -97.723494 30.230232, -97.723472 30.230237, -97.723418 30.230238, -97.723396 30.230242, -97.723365 30.230261, -97.723351 30.230278, -97.723308 30.23035, -97.723291 30.230364, -97.723235 30.230409, -97.72299 30.230649, -97.722714 30.230948, -97.722592 30.231126, -97.722446 30.231319, -97.72235 30.231458, -97.722335 30.231477, -97.722239 30.231595, -97.722045 30.231851, -97.721716 30.232244, -97.721394 30.232587, -97.72138 30.232603, -97.721334 30.232639, -97.721287 30.232676, -97.721208 30.23274, -97.721192 30.232759, -97.721167 30.23277, -97.721175 30.23284, -97.721166 30.232857, -97.721134 30.232886, -97.721097 30.232907, -97.720488 30.232498, -97.720377 30.232449, -97.720385 30.232426, -97.720396 30.232393, -97.720422 30.232319, -97.720463 30.23224, -97.720507 30.23205, -97.721079 30.230651, -97.72111 30.23055, -97.721141 30.230466, -97.721373 30.22982, -97.721399 30.229761, -97.721425 30.22959, -97.721446 30.229421, -97.721464 30.229252, -97.721483 30.229096, -97.721491 30.228825, -97.721491 30.228536, -97.721493 30.228323, -97.7215 30.228194, -97.721502 30.228058, -97.721523 30.227909, -97.721546 30.227743, -97.721584 30.227625, -97.721799 30.227143, -97.721987 30.226985, -97.722428 30.226614, -97.723847 30.225961, -97.724295 30.225656, -97.725886 30.226624, -97.726595 30.226966, -97.726936 30.227109, -97.72713 30.227191, -97.726964 30.227275))",31.3,2178.0,63465.0,0.0,0.0,219873.775455751,0.009905683365310279
"POLYGON ((-97.729056 30.292049, -97.728966 30.292292, -97.728915 30.292454, -97.728872 30.29265, -97.728852 30.29271, -97.728652 30.293075, -97.728491 30.293397, -97.728468 30.293483, -97.72846 30.293738, -97.728437 30.293819, -97.728403 30.294004, -97.728389 30.294041, -97.728341 30.29411, -97.728275 30.294181, -97.728181 30.294259, -97.72811 30.2943, -97.727997 30.294385, -97.727958 30.294422, -97.727734 30.294667, -97.727695 30.294716, -97.727671 30.294764, -97.727627 30.294929, -97.727618 30.29501, -97.727621 30.295121, -97.727678 30.29538, -97.727696 30.295488, -97.727694 30.29552, -97.727679 30.295729, -97.727656 30.295822, -97.727622 30.295902, -97.727561 30.296087, -97.727518 30.296191, -97.727476 30.296272, -97.727445 30.2963, -97.727358 30.296331, -97.727341 30.296362, -97.727337 30.296409, -97.72735 30.296577, -97.727365 30.296672, -97.727383 30.296725, -97.727411 30.296769, -97.727478 30.296831, -97.727534 30.296893, -97.727579 30.296959, -97.727619 30.297049, -97.727631 30.297107, -97.727626 30.297143, -97.72761 30.297182, -97.727565 30.297246, -97.727527 30.297318, -97.72736 30.297392, -97.727282 30.297486, -97.727229 30.297462, -97.726779 30.297252, -97.724418 30.296159, -97.723412 30.295638, -97.723286 30.295792, -97.722932 30.295625, -97.721036 30.294731, -97.720174 30.294304, -97.72013 30.294284, -97.720587 30.29355, -97.720991 30.292907, -97.723043 30.289756, -97.723375 30.289242, -97.723456 30.289299, -97.723906 30.289514, -97.724647 30.289868, -97.724976 30.290025, -97.727153 30.291052, -97.727384 30.291193, -97.728119 30.291572, -97.728721 30.291835, -97.729072 30.292009, -97.729056 30.292049))",26.7,2173.0,96687.0,183.0,635.0,432942.66179149493,0.005019140389187417
"POLYGON ((-97.751906 30.283719, -97.751814 30.283751, -97.751768 30.283757, -97.751709 30.283765, -97.749817 30.283939, -97.749503 30.283872, -97.748319 30.283551, -97.747185 30.283231, -97.746735 30.283104, -97.745926 30.282884, -97.745175 30.282663, -97.744833 30.282546, -97.744187 30.282382, -97.743741 30.282238, -97.743216 30.282098, -97.742687 30.28195, -97.741888 30.281735, -97.741628 30.28165, -97.741017 30.28149, -97.740508 30.281328, -97.739907 30.281176, -97.739439 30.28102, -97.739243 30.280981, -97.738107 30.280688, -97.736774 30.280295, -97.735709 30.279977, -97.735267 30.279852, -97.73451 30.279639, -97.732193 30.278976, -97.730486 30.27856, -97.730264 30.278521, -97.730183 30.278514, -97.730048 30.278506, -97.730786 30.276914, -97.730968 30.276458, -97.73118 30.275853, -97.731404 30.275039, -97.731446 30.274927, -97.731522 30.274725, -97.731578 30.274529, -97.731631 30.274341, -97.731843 30.273649, -97.732131 30.272874, -97.732498 30.271846, -97.732788 30.271834, -97.733277 30.271835, -97.733533 30.271893, -97.733755 30.271952, -97.733911 30.272014, -97.73504 30.272334, -97.735555 30.272482, -97.735593 30.272492, -97.736084 30.272619, -97.737159 30.272929, -97.738232 30.273207, -97.738653 30.27206, -97.739546 30.272306, -97.739741 30.27236, -97.740894 30.272687, -97.741106 30.272748, -97.741234 30.272782, -97.742402 30.273101, -97.742903 30.273241, -97.742483 30.274366, -97.743032 30.274529, -97.744159 30.274834, -97.745216 30.275114, -97.746288 30.27543, -97.747369 30.275746, -97.748446 30.276012, -97.749911 30.276411, -97.750167 30.276493, -97.750148 30.276592, -97.750145 30.276627, -97.750153 30.276708, -97.750183 30.276808, -97.750367 30.277235, -97.750438 30.277426, -97.750544 30.277667, -97.750599 30.277768, -97.750678 30.277884, -97.75071 30.277883, -97.750811 30.277864, -97.750833 30.277872, -97.750853 30.277906, -97.750895 30.277992, -97.750949 30.278101, -97.750978 30.278165, -97.75109 30.278477, -97.751106 30.278537, -97.751111 30.278585, -97.751096 30.278856, -97.751074 30.279106, -97.751036 30.279274, -97.750979 30.279589, -97.750954 30.279825, -97.750937 30.279911, -97.750927 30.279951, -97.75091 30.279995, -97.750837 30.279988, -97.750569 30.279967, -97.750432 30.28056, -97.750516 30.281019, -97.750606 30.281438, -97.750663 30.28164, -97.750765 30.28195, -97.75084 30.28212, -97.750967 30.282326, -97.751259 30.282728, -97.751699 30.283193, -97.751786 30.283281, -97.752116 30.283614, -97.751906 30.283719))",44.4,1175.0,98706.0,115.0,144.0,1614432.735222898,0.00072780982097577
"POLYGON ((-97.828484 30.291714, -97.828397 30.293178, -97.82827 30.295003, -97.828267 30.295039, -97.828227 30.295603, -97.828222 30.295722, -97.828129 30.297867, -97.827994 30.299352, -97.827991 30.299517, -97.827717 30.299399, -97.827162 30.29916, -97.826575 30.298844, -97.82425 30.297594, -97.823139 30.297118, -97.821961 30.2969, -97.821438 30.296603, -97.821194 30.296386, -97.821117 30.296317, -97.821037 30.296247, -97.82076 30.296001, -97.820552 30.295728, -97.820432 30.295178, -97.82057 30.294898, -97.822785 30.292974, -97.822514 30.292699, -97.82209 30.292287, -97.821945 30.292156, -97.820883 30.291258, -97.820338 30.290817, -97.819637 30.290204, -97.818975 30.289679, -97.818673 30.289497, -97.817122 30.288643, -97.816125 30.288094, -97.813609 30.286887, -97.812896 30.286295, -97.812556 30.285893, -97.81227 30.285378, -97.81211 30.28558, -97.809868 30.288414, -97.808788 30.287845, -97.807708 30.287332, -97.808719 30.285933, -97.806351 30.284769, -97.806072 30.285196, -97.806097 30.28606, -97.8058 30.287099, -97.80547 30.287703, -97.804764 30.288091, -97.80433 30.28833, -97.803653 30.28853, -97.803092 30.288696, -97.80253 30.288984, -97.802201 30.289525, -97.802096 30.290068, -97.801515 30.291101, -97.800235 30.291348, -97.799611 30.29167, -97.79946 30.291748, -97.798441 30.2923, -97.797836 30.291787, -97.797816 30.29177, -97.797989 30.291744, -97.798892 30.291464, -97.799915 30.289883, -97.797751 30.288835, -97.797766 30.288813, -97.797937 30.288562, -97.799094 30.286862, -97.8001 30.287349, -97.800306 30.287461, -97.801117 30.28672, -97.802039 30.286373, -97.802162 30.286324, -97.802346 30.286219, -97.802877 30.285858, -97.803306 30.285625, -97.803419 30.285579, -97.803546 30.285547, -97.803676 30.285529, -97.803851 30.285537, -97.804006 30.285574, -97.804221 30.285667, -97.807813 30.28062, -97.807437 30.280082, -97.808203 30.279014, -97.808383 30.278731, -97.809479 30.276921, -97.80957 30.276785, -97.809715 30.276568, -97.809741 30.276525, -97.81058 30.275149, -97.810665 30.275003, -97.811339 30.274496, -97.812249 30.274342, -97.812445 30.274361, -97.812544 30.274387, -97.812704 30.274445, -97.813042 30.274588, -97.813999 30.27502, -97.814148 30.275078, -97.81582 30.275851, -97.817305 30.276572, -97.817437 30.276634, -97.818293 30.277036, -97.818359 30.277068, -97.818596 30.277155, -97.818702 30.277232, -97.818808 30.277349, -97.818925 30.277563, -97.819013 30.277631, -97.819123 30.277669, -97.819204 30.277668, -97.819289 30.277653, -97.819429 30.277589, -97.819543 30.277537, -97.819677 30.277468, -97.819768 30.277581, -97.820335 30.278347, -97.824262 30.283652, -97.824353 30.283772, -97.824429 30.283877, -97.826433 30.286579, -97.82655 30.286737, -97.826824 30.287097, -97.827102 30.287462, -97.827298 30.287777, -97.827579 30.288242, -97.827636 30.288351, -97.827789 30.288645, -97.828008 30.289141, -97.828154 30.2896, -97.828168 30.289642, -97.828355 30.290325, -97.828414 30.290718, -97.828427 30.29084, -97.828439 30.290962, -97.828484 30.291714))",58.0,439.0,192344.0,13.0,12.0,3037842.816287303,0.000144510439330934
"POLYGON ((-97.809333 30.174002, -97.808895 30.176448, -97.808779 30.177108, -97.808773 30.177126, -97.808464 30.178655, -97.808167 30.180054, -97.808158 30.180093, -97.807988 30.180642, -97.807724 30.181193, -97.807155 30.18227, -97.807147 30.182374, -97.807144 30.182404, -97.807117 30.182746, -97.807184 30.183542, -97.806248 30.18365, -97.806377 30.184447, -97.806387 30.185096, -97.804352 30.18515, -97.804327 30.184717, -97.804325 30.18458, -97.804312 30.184445, -97.804285 30.18431, -97.804205 30.184069, -97.803612 30.183496, -97.803231 30.183299, -97.802966 30.183178, -97.802637 30.182968, -97.802555 30.182817, -97.802499 30.182712, -97.802405 30.182443, -97.80232 30.181685, -97.802284 30.181346, -97.802525 30.180699, -97.801632 30.180462, -97.800845 30.180237, -97.801058 30.179513, -97.801675 30.17769, -97.801938 30.176978, -97.80363 30.177429, -97.804457 30.17673, -97.805185 30.176263, -97.805372 30.17607, -97.805494 30.17591, -97.805597 30.175759, -97.805657 30.175549, -97.805772 30.175119, -97.805812 30.174812, -97.805824 30.174716, -97.805835 30.174206, -97.805833 30.17411, -97.805833 30.174079, -97.807406 30.17404, -97.808363 30.174024, -97.809247 30.17401, -97.809333 30.174002))",46.2,1503.0,105592.0,34.0,30.0,570159.4253431939,0.0026361048036613703
"POLYGON ((-97.866315 30.252649, -97.866296 30.253012, -97.866239 30.253267, -97.866118 30.253604, -97.865977 30.253904, -97.865761 30.254184, -97.865672 30.254279, -97.865589 30.254352, -97.865476 30.254507, -97.865439 30.254465, -97.86541 30.254432, -97.8651 30.254126, -97.864788 30.253834, -97.864445 30.253524, -97.863982 30.253181, -97.863755 30.253032, -97.863428 30.252862, -97.863133 30.252719, -97.862769 30.252573, -97.862426 30.252457, -97.862117 30.252372, -97.861879 30.252321, -97.861121 30.252213, -97.860047 30.252077, -97.858826 30.251901, -97.858707 30.251861, -97.858532 30.251837, -97.858293 30.251785, -97.85792 30.251689, -97.856783 30.251205, -97.856028 30.250907, -97.853098 30.249697, -97.852992 30.249644, -97.852899 30.24961, -97.852223 30.249303, -97.84986 30.248221, -97.849708 30.248129, -97.849667 30.248107, -97.849633 30.248089, -97.84954 30.248027, -97.849378 30.247946, -97.849243 30.247878, -97.847646 30.247079, -97.846331 30.246422, -97.844596 30.245572, -97.842618 30.244585, -97.841095 30.243826, -97.837228 30.241895, -97.837153 30.241856, -97.837058 30.241812, -97.836224 30.241413, -97.834137 30.240412, -97.833449 30.240232, -97.833282 30.24019, -97.833157 30.240161, -97.832882 30.240121, -97.832064 30.240106, -97.830614 30.240167, -97.830303 30.240183, -97.829887 30.240247, -97.828936 30.240297, -97.82866 30.240311, -97.828463 30.240287, -97.82728 30.240141, -97.826038 30.239773, -97.82557 30.239528, -97.82518 30.239316, -97.824742 30.239008, -97.824335 30.238632, -97.824082 30.238349, -97.823977 30.238227, -97.823705 30.237846, -97.823603 30.237743, -97.823359 30.237493, -97.823344 30.237477, -97.823187 30.237349, -97.823101 30.237246, -97.822939 30.237336, -97.822854 30.237384, -97.822484 30.237597, -97.821636 30.237974, -97.821285 30.238121, -97.820055 30.238633, -97.818963 30.239096, -97.81894 30.239108, -97.818181 30.239482, -97.817088 30.239972, -97.815686 30.240662, -97.815318 30.240861, -97.815177 30.240938, -97.81404 30.241497, -97.812519 30.242245, -97.810715 30.243166, -97.810707 30.243068, -97.810698 30.24294, -97.810688 30.242868, -97.810672 30.242774, -97.810663 30.242717, -97.810659 30.242593, -97.81067 30.242479, -97.8107 30.242317, -97.810759 30.242066, -97.810815 30.241774, -97.810857 30.241108, -97.810879 30.240867, -97.810874 30.240769, -97.810852 30.240684, -97.810773 30.240521, -97.810556 30.240072, -97.810471 30.23991, -97.810425 30.239841, -97.810361 30.23976, -97.810339 30.239741, -97.810327 30.23973, -97.810298 30.239704, -97.810217 30.239651, -97.81013 30.239609, -97.810041 30.239579, -97.809946 30.239558, -97.809806 30.239543, -97.809682 30.239543, -97.809545 30.239556, -97.809447 30.239575, -97.809424 30.239579, -97.809332 30.239605, -97.809164 30.239673, -97.809015 30.23975, -97.808909 30.239811, -97.808771 30.2399, -97.808644 30.24, -97.808493 30.240163, -97.808295 30.240326, -97.808136 30.240458, -97.808105 30.240484, -97.808018 30.240568, -97.807949 30.240653, -97.807813 30.240844, -97.807625 30.241092, -97.807556 30.241169, -97.807377 30.241303, -97.807172 30.241487, -97.807057 30.241603, -97.806909 30.241772, -97.806773 30.24195, -97.80673 30.242016, -97.806623 30.242198, -97.806515 30.242336, -97.806418 30.242443, -97.806315 30.242549, -97.806136 30.242713, -97.805968 30.242849, -97.805872 30.242917, -97.8057 30.243007, -97.805127 30.243305, -97.8048 30.243506, -97.804636 30.243614, -97.804552 30.243665, -97.803912 30.244028, -97.803818 30.244074, -97.803452 30.24424, -97.803269 30.244329, -97.80303 30.244472, -97.802928 30.244516, -97.80274 30.244579, -97.802487 30.244692, -97.801265 30.242241, -97.801203 30.242129, -97.801142 30.242003, -97.800539 30.24078, -97.799912 30.239487, -97.79973 30.239176, -97.799278 30.238294, -97.799147 30.23804, -97.798542 30.236746, -97.798281 30.236224, -97.797907 30.23552, -97.797829 30.235414, -97.79767 30.23518, -97.797514 30.234974, -97.797285 30.234708, -97.797035 30.234444, -97.796868 30.234301, -97.796729 30.234176, -97.796636 30.234095, -97.796557 30.234042, -97.796674 30.233975, -97.796902 30.233874, -97.797235 30.233725, -97.798837 30.233286, -97.800691 30.232747, -97.800954 30.232671, -97.80152 30.232506, -97.803099 30.232201, -97.80315 30.232191, -97.803516 30.232121, -97.803588 30.232107, -97.804212 30.231987, -97.80501 30.231948, -97.805407 30.231968, -97.805633 30.23198, -97.806123 30.232044, -97.806835 30.23222, -97.806923 30.232254, -97.808698 30.232934, -97.809198 30.233122, -97.809775 30.233332, -97.81019 30.233468, -97.810338 30.233516, -97.810729 30.233617, -97.811207 30.233704, -97.811232 30.233704, -97.811763 30.233767, -97.813547 30.233711, -97.815284 30.233498, -97.817812 30.233278, -97.818116 30.233276, -97.818314 30.233275, -97.818335 30.233269, -97.818434 30.233272, -97.81853 30.233275, -97.818896 30.233285, -97.819384 30.233346, -97.819804 30.233455, -97.820452 30.233721, -97.820568 30.233769, -97.820598 30.233781, -97.82245 30.234541, -97.823248 30.2349, -97.823752 30.235159, -97.823898 30.235233, -97.82438 30.235478, -97.824487 30.235546, -97.824539 30.23557, -97.824716 30.235643, -97.825151 30.235823, -97.825298 30.235883, -97.825537 30.235982, -97.825573 30.235991, -97.827217 30.236446, -97.827723 30.236542, -97.827876 30.236571, -97.828512 30.236662, -97.828607 30.236664, -97.829283 30.236677, -97.830156 30.236709, -97.831903 30.236742, -97.835408 30.236733, -97.837769 30.236729, -97.838366 30.236731, -97.839034 30.236733, -97.839612 30.236755, -97.839831 30.236764, -97.8401 30.236774, -97.840464 30.236788, -97.840758 30.236782, -97.84255 30.236748, -97.844116 30.236618, -97.8452 30.236529, -97.845924 30.23643, -97.84619 30.236393, -97.846762 30.236316, -97.847718 30.236163, -97.848418 30.236051, -97.84958 30.235843, -97.849918 30.235783, -97.85077 30.235642, -97.851231 30.235565, -97.851903 30.235482, -97.85198 30.235472, -97.852131 30.235466, -97.852348 30.235458, -97.852945 30.235436, -97.853972 30.235412, -97.854567 30.235398, -97.855321 30.235415, -97.855533 30.235422, -97.856068 30.235439, -97.856172 30.235453, -97.8566 30.235513, -97.85753 30.235477, -97.857848 30.235465, -97.85811 30.235463, -97.859454 30.23545, -97.859964 30.23541, -97.860328 30.235349, -97.860644 30.235296, -97.864779 30.234061, -97.864964 30.234512, -97.86522 30.235127, -97.865324 30.235814, -97.865272 30.236033, -97.86507 30.236502, -97.864609 30.236983, -97.862199 30.238723, -97.861957 30.238932, -97.861775 30.23917, -97.861646 30.239351, -97.86152 30.23956, -97.861461 30.239727, -97.861353 30.23997, -97.861268 30.240269, -97.861239 30.240667, -97.861223 30.241147, -97.861228 30.241276, -97.861314 30.241592, -97.86149 30.242011, -97.861651 30.242279, -97.861794 30.242476, -97.862028 30.242744, -97.862277 30.243015, -97.862813 30.243539, -97.863255 30.243988, -97.863615 30.244372, -97.863812 30.244637, -97.864033 30.244946, -97.864473 30.245645, -97.864798 30.24616, -97.865335 30.246997, -97.865962 30.247992, -97.866115 30.248348, -97.866214 30.248719, -97.866251 30.249049, -97.866264 30.249344, -97.866271 30.249656, -97.866261 30.249734, -97.866264 30.25, -97.866321 30.251954, -97.866315 30.252649))",35.8,3210.0,122688.0,82.0,101.0,6178329.490130888,0.0005195579169300659
"POLYGON ((-97.735925 30.296797, -97.7356 30.297326, -97.735398 30.297636, -97.73508 30.298141, -97.734935 30.298369, -97.734319 30.299327, -97.733932 30.299922, -97.733548 30.30053, -97.732609 30.300104, -97.73214 30.299864, -97.731571 30.29958, -97.730929 30.299283, -97.730745 30.299175, -97.729778 30.298707, -97.730354 30.297795, -97.730546 30.297515, -97.730901 30.296931, -97.731164 30.296552, -97.731469 30.296049, -97.731781 30.295535, -97.732467 30.294535, -97.732972 30.294735, -97.733625 30.295089, -97.733813 30.295161, -97.734805 30.295652, -97.735659 30.296068, -97.736222 30.296332, -97.735925 30.296797))",27.0,965.0,60677.0,161.0,305.0,221206.53108555023,0.004362439007855479
"POLYGON ((-97.686315 30.316847, -97.686304 30.317026, -97.68629 30.31718, -97.686267 30.317269, -97.686245 30.317339, -97.686203 30.317411, -97.686164 30.317467, -97.686111 30.317522, -97.685928 30.317738, -97.684815 30.319503, -97.683732 30.321167, -97.683343 30.321824, -97.683325 30.32198, -97.683319 30.322035, -97.682261 30.322595, -97.681023 30.323006, -97.680785 30.32309, -97.680604 30.322895, -97.680502 30.322786, -97.680425 30.322726, -97.680355 30.322673, -97.680232 30.322603, -97.680056 30.322509, -97.67988 30.322408, -97.679744 30.322299, -97.679618 30.32219, -97.679487 30.322059, -97.679406 30.321959, -97.679294 30.321794, -97.67918 30.321594, -97.679088 30.321264, -97.679036 30.320978, -97.679042 30.320751, -97.6791 30.320457, -97.679121 30.320348, -97.679152 30.320242, -97.679222 30.320108, -97.679317 30.319943, -97.679432 30.319755, -97.679621 30.319455, -97.679938 30.318967, -97.68002 30.318829, -97.680129 30.318675, -97.681128 30.317109, -97.681302 30.316858, -97.681378 30.31673, -97.681448 30.316594, -97.681505 30.31647, -97.681547 30.316354, -97.681576 30.316225, -97.681586 30.316067, -97.681589 30.315881, -97.681564 30.315733, -97.681527 30.315599, -97.681487 30.315468, -97.681433 30.315345, -97.681368 30.315231, -97.681309 30.315144, -97.681208 30.315021, -97.681079 30.314889, -97.680925 30.314755, -97.681419 30.314031, -97.68153 30.313902, -97.681614 30.313824, -97.681737 30.313741, -97.68191 30.313668, -97.682397 30.313515, -97.683279 30.313222, -97.683404 30.313156, -97.683921 30.312812, -97.684163 30.312658, -97.684633 30.312335, -97.686124 30.313056, -97.685775 30.313634, -97.685722 30.313737, -97.685688 30.313821, -97.685663 30.313928, -97.685639 30.314067, -97.685625 30.314362, -97.685635 30.314581, -97.685656 30.314704, -97.6857 30.314845, -97.686017 30.315659, -97.686231 30.31619, -97.68627 30.316321, -97.686302 30.316457, -97.686326 30.316589, -97.686315 30.316847))",32.7,2183.0,74038.0,47.0,0.0,483365.642535368,0.004516249828079722
"POLYGON ((-97.804291 30.248091, -97.804164 30.248266, -97.804134 30.248315, -97.803984 30.248559, -97.803881 30.248726, -97.803736 30.248961, -97.803373 30.249564, -97.803342 30.249627, -97.802363 30.25189, -97.80171 30.253593, -97.801157 30.255038, -97.800809 30.255592, -97.80013 30.256464, -97.799874 30.256748, -97.799588 30.257009, -97.7991 30.257384, -97.798803 30.257585, -97.798371 30.257826, -97.797642 30.258224, -97.797424 30.258344, -97.796855 30.258657, -97.795045 30.259632, -97.794786 30.25946, -97.794529 30.259288, -97.794508 30.259279, -97.79446 30.25922, -97.794358 30.259071, -97.794274 30.258927, -97.794213 30.258841, -97.794172 30.258803, -97.794055 30.258743, -97.793864 30.258667, -97.793833 30.258659, -97.793737 30.258645, -97.793564 30.258591, -97.793435 30.258565, -97.793277 30.258543, -97.793238 30.258462, -97.793216 30.258382, -97.793217 30.258323, -97.793236 30.258272, -97.79329 30.258212, -97.793347 30.258164, -97.793468 30.25808, -97.793499 30.258043, -97.793516 30.258001, -97.793562 30.257721, -97.793584 30.25769, -97.793623 30.257662, -97.793666 30.257642, -97.793761 30.257606, -97.793884 30.257545, -97.79393 30.257511, -97.793965 30.257469, -97.793981 30.257438, -97.794099 30.257097, -97.794105 30.257038, -97.794099 30.256942, -97.793947 30.256799, -97.79385 30.256695, -97.793789 30.256611, -97.793747 30.256569, -97.793668 30.256512, -97.793415 30.25633, -97.793309 30.256235, -97.79326 30.256177, -97.793214 30.2561, -97.793139 30.255912, -97.793092 30.255829, -97.793037 30.255754, -97.792972 30.255689, -97.792898 30.255637, -97.79279 30.255581, -97.792689 30.255539, -97.792499 30.255472, -97.79222 30.255388, -97.791997 30.25531, -97.791867 30.25528, -97.791727 30.255272, -97.791347 30.255281, -97.791325 30.255267, -97.7913 30.255226, -97.79126 30.25509, -97.791325 30.255084, -97.791675 30.254923, -97.791823 30.254894, -97.792176 30.254785, -97.792296 30.254742, -97.792728 30.254565, -97.792949 30.254491, -97.793159 30.254433, -97.793397 30.254345, -97.793644 30.254267, -97.793755 30.254207, -97.793822 30.254177, -97.793854 30.254169, -97.794007 30.254155, -97.794475 30.254086, -97.794533 30.254068, -97.794792 30.253936, -97.795082 30.253818, -97.795242 30.253739, -97.795459 30.253608, -97.795633 30.253492, -97.795716 30.253427, -97.795777 30.253357, -97.795811 30.253304, -97.795909 30.253123, -97.795976 30.253022, -97.796011 30.25295, -97.796058 30.252809, -97.796123 30.252645, -97.796135 30.252588, -97.796136 30.252521, -97.796111 30.252368, -97.796081 30.252306, -97.79607 30.252273, -97.796081 30.252222, -97.796233 30.251821, -97.796259 30.251717, -97.796282 30.251546, -97.7963 30.251336, -97.796365 30.251046, -97.796379 30.250891, -97.796476 30.250358, -97.796484 30.250216, -97.796496 30.250115, -97.796531 30.249955, -97.796599 30.249793, -97.796613 30.249701, -97.796636 30.249418, -97.796648 30.249317, -97.796709 30.249101, -97.796773 30.248748, -97.796776 30.248652, -97.796754 30.248531, -97.796726 30.248294, -97.796706 30.248216, -97.796675 30.248149, -97.796619 30.248071, -97.796574 30.248028, -97.796502 30.247978, -97.796415 30.247885, -97.796279 30.247762, -97.796216 30.247716, -97.796185 30.247701, -97.796114 30.247681, -97.796024 30.24767, -97.795857 30.247671, -97.795495 30.247677, -97.795383 30.247688, -97.795345 30.247692, -97.795207 30.247722, -97.794993 30.247756, -97.794809 30.247796, -97.794492 30.247883, -97.794244 30.247944, -97.794161 30.247957, -97.793908 30.24798, -97.793811 30.248003, -97.793773 30.248012, -97.793622 30.248034, -97.793482 30.248043, -97.793269 30.248039, -97.793152 30.248024, -97.792966 30.247976, -97.792784 30.247936, -97.792649 30.247896, -97.792565 30.247875, -97.792378 30.247846, -97.792266 30.247849, -97.792168 30.247833, -97.792089 30.247805, -97.792016 30.247766, -97.791892 30.247676, -97.791704 30.247562, -97.791255 30.247309, -97.79114 30.247239, -97.791016 30.247131, -97.790937 30.247081, -97.790888 30.24706, -97.790845 30.247052, -97.790719 30.247049, -97.790666 30.247042, -97.790549 30.247005, -97.790457 30.246965, -97.789799 30.246594, -97.789701 30.246542, -97.789571 30.246461, -97.789479 30.246395, -97.78941 30.24633, -97.789335 30.24624, -97.789109 30.245931, -97.789001 30.245795, -97.788948 30.245709, -97.788899 30.245601, -97.78887 30.245511, -97.788851 30.245418, -97.788841 30.245251, -97.788805 30.245106, -97.788764 30.24488, -97.788721 30.244651, -97.788704 30.244539, -97.788704 30.244456, -97.788714 30.244425, -97.788764 30.244351, -97.788779 30.2443, -97.788795 30.244225, -97.788814 30.243748, -97.788824 30.24365, -97.788865 30.243431, -97.788898 30.243313, -97.788945 30.243201, -97.789011 30.243085, -97.789137 30.242908, -97.789299 30.242698, -97.789387 30.24257, -97.789493 30.242421, -97.789564 30.242338, -97.789657 30.242252, -97.789805 30.242137, -97.789858 30.242103, -97.789934 30.242069, -97.790024 30.242046, -97.790164 30.242021, -97.790416 30.24199, -97.790521 30.241983, -97.791069 30.241983, -97.791332 30.241967, -97.791528 30.241948, -97.79166 30.241923, -97.791989 30.24185, -97.792083 30.241837, -97.792185 30.241836, -97.792261 30.241847, -97.792337 30.24187, -97.792429 30.241914, -97.792508 30.241965, -97.79262 30.242062, -97.792712 30.242166, -97.792761 30.242242, -97.792789 30.242302, -97.792822 30.242438, -97.792879 30.242543, -97.792992 30.242708, -97.79309 30.242831, -97.793191 30.24294, -97.793307 30.243046, -97.793382 30.243104, -97.793446 30.243136, -97.793487 30.243146, -97.793613 30.243154, -97.79388 30.24315, -97.793969 30.243163, -97.794053 30.243187, -97.794185 30.243246, -97.794468 30.24339, -97.795051 30.243672, -97.79532 30.243784, -97.795576 30.243878, -97.795619 30.243899, -97.79571 30.243954, -97.795812 30.244032, -97.795911 30.244122, -97.795955 30.244157, -97.796073 30.24424, -97.79641 30.244452, -97.796563 30.24454, -97.79682 30.244674, -97.797183 30.244843, -97.797307 30.244891, -97.797495 30.244944, -97.797635 30.244972, -97.798243 30.245074, -97.798295 30.245124, -97.798426 30.245167, -97.798493 30.245179, -97.799209 30.245201, -97.799444 30.245217, -97.799767 30.24527, -97.800114 30.245304, -97.800278 30.24531, -97.800597 30.245286, -97.800945 30.245255, -97.801012 30.245243, -97.80112 30.245209, -97.801813 30.244912, -97.802173 30.244795, -97.802231 30.244777, -97.802289 30.24476, -97.802416 30.244719, -97.802487 30.244692, -97.802707 30.245129, -97.803077 30.24592, -97.803363 30.246401, -97.803454 30.246563, -97.803701 30.246931, -97.803837 30.247112, -97.804024 30.247358, -97.804102 30.247453, -97.804173 30.247544, -97.804263 30.247655, -97.804441 30.247886, -97.804291 30.248091))",30.8,1296.0,117039.0,50.0,0.0,1363122.2308014021,0.0009507584651730462
"POLYGON ((-97.806 30.266756, -97.805428 30.267725, -97.805182 30.26814, -97.804937 30.268556, -97.804517 30.269018, -97.80428 30.26914, -97.80416 30.269202, -97.804064 30.269251, -97.803963 30.269274, -97.803843 30.269302, -97.803759 30.269258, -97.803271 30.268999, -97.802381 30.268527, -97.801697 30.268247, -97.801039 30.269166, -97.800502 30.26992, -97.800007 30.270725, -97.799466 30.271602, -97.799279 30.271907, -97.799172 30.272068, -97.798782 30.272655, -97.798485 30.273102, -97.796571 30.271743, -97.795955 30.271681, -97.794466 30.271528, -97.794335 30.271455, -97.793887 30.271207, -97.793043 30.270738, -97.792511 30.270727, -97.791135 30.270697, -97.791106 30.269946, -97.791252 30.269686, -97.7914 30.269422, -97.791464 30.26931, -97.791776 30.268958, -97.791973 30.268126, -97.791942 30.267622, -97.791876 30.267395, -97.791629 30.267135, -97.790742 30.266751, -97.790516 30.266491, -97.790407 30.266222, -97.791581 30.265167, -97.792356 30.265755, -97.79265 30.265483, -97.792923 30.265356, -97.793437 30.26513, -97.79368 30.265379, -97.793973 30.26558, -97.794806 30.265844, -97.795476 30.26599, -97.795986 30.265959, -97.796804 30.265587, -97.797183 30.265424, -97.797737 30.265462, -97.798437 30.265468, -97.798877 30.26538, -97.79926 30.265212, -97.799776 30.264837, -97.800396 30.264343, -97.800766 30.264216, -97.801215 30.264214, -97.801693 30.264276, -97.802139 30.264414, -97.803087 30.264826, -97.803662 30.265216, -97.803972 30.265556, -97.804156 30.265757, -97.804726 30.266085, -97.805555 30.266472, -97.805869 30.266638, -97.806 30.266756))",46.2,774.0,231375.0,11.0,10.0,798025.3489764028,0.0009698940027315934
"POLYGON ((-97.721584 30.227625, -97.721546 30.227743, -97.721523 30.227909, -97.721502 30.228058, -97.7215 30.228194, -97.721493 30.228323, -97.721491 30.228536, -97.721491 30.228825, -97.721483 30.229096, -97.721464 30.229252, -97.721446 30.229421, -97.721425 30.22959, -97.721399 30.229761, -97.721373 30.22982, -97.721141 30.230466, -97.72111 30.23055, -97.721071 30.230539, -97.720519 30.230379, -97.720024 30.230155, -97.719214 30.229689, -97.719082 30.229425, -97.719035 30.229114, -97.719149 30.228784, -97.719263 30.228455, -97.719277 30.228027, -97.719117 30.227218, -97.719156 30.226897, -97.719192 30.226617, -97.719399 30.226167, -97.719886 30.225877, -97.720605 30.225892, -97.721057 30.226316, -97.721313 30.226817, -97.721799 30.227143, -97.721584 30.227625))",26.0,718.0,73453.0,0.0,0.0,100071.58816194208,0.007174863646993267
"POLYGON ((-97.785977 30.297376, -97.785921 30.297505, -97.785183 30.297505, -97.784184 30.297506, -97.783499 30.297064, -97.783779 30.296666, -97.783804 30.296127, -97.782297 30.295492, -97.781136 30.294916, -97.779966 30.294345, -97.778726 30.293776, -97.777411 30.293167, -97.776153 30.292553, -97.775474 30.292218, -97.772053 30.290598, -97.771411 30.290203, -97.769832 30.28925, -97.77044 30.288322, -97.770546 30.288102, -97.770557 30.288079, -97.770369 30.287707, -97.770487 30.286645, -97.770516 30.285832, -97.770488 30.285267, -97.770549 30.285051, -97.770875 30.284596, -97.771305 30.2839, -97.771782 30.283148, -97.770455 30.282508, -97.770346 30.28239, -97.770263 30.282023, -97.770192 30.281911, -97.770578 30.28157, -97.771364 30.280395, -97.771814 30.280621, -97.774359 30.281805, -97.775229 30.28221, -97.776037 30.282595, -97.776494 30.282796, -97.776773 30.283213, -97.777657 30.284387, -97.780208 30.287788, -97.781051 30.288911, -97.781942 30.290098, -97.78296 30.291456, -97.783062 30.291591, -97.785241 30.291591, -97.78539 30.291617, -97.785558 30.291646, -97.785765 30.291658, -97.785651 30.292058, -97.785618 30.29215, -97.785607 30.292224, -97.785527 30.292614, -97.785261 30.29316, -97.785383 30.293403, -97.785416 30.293483, -97.785474 30.293549, -97.785575 30.293596, -97.785599 30.293878, -97.785587 30.294253, -97.785884 30.295528, -97.785935 30.296576, -97.785977 30.297376))",42.2,1058.0,131458.0,43.0,58.0,1261156.0975057418,0.0008389128055539399
"POLYGON ((-97.78592 30.290922, -97.785875 30.291193, -97.785877 30.291272, -97.785788 30.291578, -97.78577 30.291639, -97.785877 30.291661, -97.785765 30.291658, -97.785558 30.291646, -97.78539 30.291617, -97.785241 30.291591, -97.783062 30.291591, -97.78296 30.291456, -97.781942 30.290098, -97.781051 30.288911, -97.780208 30.287788, -97.777657 30.284387, -97.776773 30.283213, -97.776494 30.282796, -97.776198 30.282345, -97.775169 30.280885, -97.774662 30.280167, -97.774015 30.279249, -97.773129 30.278547, -97.772528 30.278097, -97.772453 30.278041, -97.772335 30.277953, -97.771866 30.277687, -97.771487 30.27752, -97.771312 30.277467, -97.770483 30.277217, -97.770154 30.277177, -97.770028 30.277154, -97.769946 30.277132, -97.769815 30.277104, -97.769693 30.277075, -97.769573 30.277053, -97.769441 30.277028, -97.769288 30.276994, -97.769139 30.276963, -97.769218 30.276862, -97.769356 30.276686, -97.769391 30.276639, -97.76957 30.276415, -97.770043 30.275763, -97.770121 30.275655, -97.770535 30.275084, -97.770593 30.275, -97.770617 30.274964, -97.770728 30.274805, -97.771045 30.274351, -97.771147 30.27422, -97.771466 30.273814, -97.771605 30.273636, -97.771698 30.27373, -97.771772 30.273804, -97.771829 30.273861, -97.771912 30.273944, -97.772148 30.274182, -97.772562 30.274647, -97.772779 30.27489, -97.773289 30.275224, -97.77419 30.275813, -97.774809 30.276219, -97.774997 30.276353, -97.776663 30.277539, -97.776871 30.277704, -97.777665 30.278333, -97.77948 30.27977, -97.780348 30.2805, -97.78295 30.283029, -97.783893 30.283946, -97.784268 30.28431, -97.784888 30.285378, -97.785336 30.286148, -97.785371 30.28642, -97.785415 30.286754, -97.785604 30.288194, -97.785591 30.288254, -97.785583 30.288491, -97.785539 30.288811, -97.785532 30.289074, -97.785508 30.289304, -97.785504 30.289465, -97.785526 30.289806, -97.785532 30.289849, -97.785547 30.289905, -97.785613 30.290072, -97.785647 30.290199, -97.785798 30.290606, -97.785819 30.290642, -97.785887 30.290798, -97.785905 30.290854, -97.78591 30.290897, -97.78592 30.290922))",29.2,1097.0,37961.0,307.0,437.0,944749.9185454759,0.0011611538444892657
"POLYGON ((-97.798367 30.27322, -97.798216 30.273321, -97.798129 30.273358, -97.798032 30.273386, -97.797386 30.273503, -97.795636 30.273603, -97.794688 30.273766, -97.792721 30.273677, -97.792837 30.274626, -97.792249 30.275387, -97.791877 30.275916, -97.791626 30.276248, -97.791501 30.276461, -97.791094 30.27711, -97.790753 30.277678, -97.789679 30.27947, -97.789665 30.279492, -97.788905 30.280689, -97.78867 30.281083, -97.788374 30.281594, -97.788089 30.282106, -97.788018 30.282558, -97.787678 30.282942, -97.787465 30.283067, -97.786928 30.282931, -97.786093 30.28214, -97.785285 30.281375, -97.784691 30.280814, -97.783738 30.279924, -97.782971 30.2792, -97.782498 30.27875, -97.780877 30.277232, -97.780546 30.276921, -97.780194 30.276593, -97.779823 30.276246, -97.778992 30.275459, -97.777296 30.273863, -97.777278 30.273847, -97.777141 30.273722, -97.77774 30.272975, -97.77782 30.272876, -97.778091 30.272545, -97.778312 30.272273, -97.778571 30.271952, -97.778693 30.271816, -97.778821 30.271666, -97.77878 30.271643, -97.778825 30.271593, -97.778896 30.271504, -97.778923 30.271521, -97.779147 30.27124, -97.779632 30.270606, -97.779944 30.270229, -97.780118 30.270009, -97.780366 30.269683, -97.780412 30.269615, -97.780886 30.269001, -97.780901 30.269007, -97.780991 30.269042, -97.781101 30.269049, -97.781241 30.269037, -97.781346 30.269019, -97.781531 30.26896, -97.781615 30.268947, -97.781731 30.268946, -97.781789 30.268952, -97.781849 30.268943, -97.781949 30.268921, -97.782031 30.268892, -97.782099 30.268856, -97.78214 30.268825, -97.782177 30.268789, -97.782301 30.268652, -97.782361 30.268594, -97.782675 30.268343, -97.782947 30.268096, -97.783058 30.268007, -97.783389 30.267764, -97.783633 30.267595, -97.783733 30.267536, -97.78385 30.267491, -97.783988 30.267462, -97.784138 30.267445, -97.784335 30.267433, -97.784584 30.267428, -97.784636 30.267433, -97.784706 30.267447, -97.784775 30.26748, -97.784817 30.267513, -97.784879 30.267583, -97.784921 30.267637, -97.785222 30.267615, -97.785592 30.267307, -97.785918 30.267712, -97.786102 30.268102, -97.786185 30.268725, -97.78618 30.269822, -97.786281 30.270249, -97.786527 30.270602, -97.786746 30.270831, -97.787211 30.271141, -97.787515 30.27128, -97.788101 30.271407, -97.790566 30.270782, -97.791135 30.270697, -97.792511 30.270727, -97.793043 30.270738, -97.793887 30.271207, -97.794335 30.271455, -97.794466 30.271528, -97.795955 30.271681, -97.796571 30.271743, -97.798485 30.273102, -97.798367 30.27322))",46.1,1282.0,234688.0,27.0,15.0,1541745.985502417,0.000831524785571099
"POLYGON ((-97.822785 30.292974, -97.82057 30.294898, -97.820432 30.295178, -97.820552 30.295728, -97.82076 30.296001, -97.821037 30.296247, -97.821117 30.296317, -97.821194 30.296386, -97.821438 30.296603, -97.82148 30.296639, -97.821805 30.29691, -97.821895 30.296986, -97.822318 30.297545, -97.822338 30.297908, -97.822303 30.298103, -97.821904 30.298411, -97.82147 30.298746, -97.820857 30.299241, -97.820052 30.299571, -97.819293 30.299603, -97.818795 30.300583, -97.818272 30.300724, -97.817802 30.301258, -97.817366 30.301414, -97.816971 30.30092, -97.816722 30.300155, -97.816105 30.299739, -97.815572 30.299119, -97.814966 30.299184, -97.814537 30.299355, -97.813757 30.299769, -97.812847 30.300582, -97.811936 30.300993, -97.811236 30.300828, -97.810814 30.300506, -97.810305 30.29952, -97.809791 30.298792, -97.809094 30.29852, -97.808859 30.29832, -97.808264 30.298151, -97.807234 30.298027, -97.806822 30.298266, -97.806342 30.298309, -97.805473 30.298435, -97.804864 30.298266, -97.803757 30.298167, -97.803261 30.298223, -97.802832 30.298293, -97.802503 30.298346, -97.802304 30.298141, -97.802017 30.297651, -97.801472 30.296183, -97.801467 30.295196, -97.801369 30.294374, -97.800602 30.293905, -97.800263 30.293689, -97.799788 30.293523, -97.799004 30.293692, -97.797993 30.294093, -97.797873 30.293408, -97.797984 30.293149, -97.798277 30.292844, -97.798441 30.2923, -97.79946 30.291748, -97.799611 30.29167, -97.800235 30.291348, -97.801515 30.291101, -97.802096 30.290068, -97.802201 30.289525, -97.80253 30.288984, -97.803092 30.288696, -97.803653 30.28853, -97.80433 30.28833, -97.804764 30.288091, -97.80547 30.287703, -97.8058 30.287099, -97.806097 30.28606, -97.806072 30.285196, -97.806351 30.284769, -97.808719 30.285933, -97.807708 30.287332, -97.808788 30.287845, -97.809868 30.288414, -97.81211 30.28558, -97.81227 30.285378, -97.812556 30.285893, -97.812896 30.286295, -97.813609 30.286887, -97.816125 30.288094, -97.817122 30.288643, -97.818673 30.289497, -97.818975 30.289679, -97.819637 30.290204, -97.820338 30.290817, -97.820883 30.291258, -97.821945 30.292156, -97.82209 30.292287, -97.822514 30.292699, -97.822785 30.292974))",52.6,1486.0,178646.0,66.0,30.0,2495968.0094371573,0.000595360194674568
"POLYGON ((-97.774629 30.315876, -97.774525 30.316339, -97.774398 30.316698, -97.774274 30.316957, -97.77405 30.317625, -97.773836 30.318227, -97.773656 30.318679, -97.773445 30.319177, -97.772869 30.320544, -97.772801 30.320842, -97.772791 30.321219, -97.773155 30.322164, -97.773306 30.32256, -97.773407 30.323629, -97.772957 30.323632, -97.772207 30.323391, -97.771482 30.32289, -97.770765 30.32256, -97.770236 30.322502, -97.769585 30.323393, -97.769398 30.323675, -97.769279 30.323916, -97.769193 30.324125, -97.768667 30.324772, -97.768514 30.324849, -97.768299 30.324897, -97.768118 30.324931, -97.767994 30.324987, -97.76789 30.325064, -97.767809 30.325185, -97.767464 30.325793, -97.767151 30.326255, -97.766888 30.326608, -97.766673 30.326956, -97.766575 30.327154, -97.766497 30.327361, -97.766454 30.327584, -97.766454 30.3277, -97.766489 30.327872, -97.766501 30.327963, -97.766487 30.328095, -97.766353 30.328323, -97.766327 30.328367, -97.766062 30.328752, -97.765572 30.329182, -97.76533 30.329301, -97.765033 30.329374, -97.764891 30.329412, -97.764769 30.329472, -97.764645 30.329568, -97.763513 30.329023, -97.7626 30.328566, -97.76018 30.327391, -97.759438 30.327153, -97.75878 30.326862, -97.758587 30.326691, -97.758505 30.326617, -97.757852 30.326156, -97.757622 30.325969, -97.757345 30.325732, -97.757236 30.325616, -97.757174 30.32557, -97.757 30.325493, -97.75628 30.325126, -97.75613 30.32505, -97.755991 30.325013, -97.755803 30.325007, -97.755625 30.325005, -97.755629 30.324833, -97.755662 30.323419, -97.755706 30.321461, -97.755708 30.321363, -97.755807 30.319712, -97.755932 30.31865, -97.755988 30.318202, -97.756434 30.314638, -97.756518 30.313959, -97.756653 30.312873, -97.756667 30.312769, -97.756746 30.312008, -97.756926 30.310469, -97.757179 30.308968, -97.757368 30.308996, -97.75758 30.309025, -97.75764 30.309037, -97.757808 30.309068, -97.757914 30.309088, -97.758224 30.309145, -97.759327 30.309376, -97.759889 30.309516, -97.760761 30.309734, -97.761624 30.30995, -97.762142 30.310208, -97.762674 30.31048, -97.763122 30.3108, -97.763975 30.311579, -97.764229 30.311853, -97.764822 30.312239, -97.766002 30.312923, -97.766116 30.312986, -97.767155 30.313537, -97.767277 30.313608, -97.767355 30.313654, -97.767564 30.313769, -97.767922 30.313943, -97.768068 30.314016, -97.768179 30.314075, -97.76904 30.314529, -97.769468 30.31441, -97.769822 30.314285, -97.770151 30.314131, -97.77044 30.313961, -97.770779 30.313707, -97.771128 30.313428, -97.771337 30.313298, -97.7716 30.313164, -97.772098 30.313669, -97.772353 30.313918, -97.772521 30.314144, -97.772955 30.314752, -97.773187 30.315001, -97.773407 30.315198, -97.77372 30.315377, -97.774137 30.315586, -97.774438 30.315679, -97.77456 30.315725, -97.774612 30.315783, -97.774629 30.315876))",56.4,641.0,236023.0,30.0,0.0,2658027.844873003,0.00024115623966709275
"POLYGON ((-97.755674 30.301068, -97.75514 30.30183, -97.754793 30.302401, -97.754649 30.30264, -97.754153 30.303367, -97.753706 30.304212, -97.753541 30.304622, -97.753144 30.30534, -97.752441 30.306485, -97.752212 30.306828, -97.751624 30.307765, -97.751182 30.307509, -97.750742 30.307251, -97.75072 30.307245, -97.750412 30.307159, -97.750412 30.307096, -97.750405 30.307039, -97.750372 30.306974, -97.75032 30.306902, -97.750186 30.306767, -97.749897 30.306507, -97.749453 30.306132, -97.749378 30.306052, -97.749331 30.305992, -97.749287 30.305919, -97.749259 30.30583, -97.749259 30.305738, -97.749279 30.305622, -97.749311 30.305456, -97.749319 30.305363, -97.749308 30.305209, -97.749281 30.305149, -97.749244 30.305084, -97.749201 30.305029, -97.749139 30.304947, -97.748821 30.304717, -97.748868 30.304648, -97.749002 30.304501, -97.749138 30.304334, -97.749297 30.304149, -97.749351 30.304068, -97.749412 30.303956, -97.749473 30.303811, -97.749519 30.303686, -97.749677 30.303403, -97.749717 30.30335, -97.749858 30.303226, -97.749941 30.303146, -97.749976 30.303107, -97.750006 30.303046, -97.750063 30.302822, -97.750083 30.302726, -97.75009 30.302673, -97.750085 30.302655, -97.750069 30.302643, -97.74991 30.302561, -97.749767 30.30254, -97.749645 30.302436, -97.749536 30.302296, -97.74947 30.30219, -97.749368 30.301967, -97.749272 30.301792, -97.749059 30.301454, -97.748688 30.301103, -97.748562 30.300998, -97.748229 30.300747, -97.747932 30.300515, -97.747666 30.300321, -97.747563 30.300237, -97.747463 30.300144, -97.747379 30.300046, -97.747291 30.299908, -97.747182 30.299716, -97.747123 30.299602, -97.747112 30.29956, -97.74711 30.299484, -97.747122 30.299391, -97.747146 30.299313, -97.747184 30.299238, -97.747235 30.299169, -97.747295 30.299111, -97.747362 30.299064, -97.74743 30.29903, -97.747475 30.299016, -97.747521 30.299001, -97.747576 30.298997, -97.747769 30.29903, -97.747988 30.299044, -97.748358 30.299048, -97.748521 30.299041, -97.748579 30.299032, -97.748704 30.298999, -97.748912 30.298924, -97.749049 30.298886, -97.749109 30.298862, -97.749391 30.299183, -97.749438 30.299229, -97.749546 30.299292, -97.749631 30.299348, -97.750254 30.299627, -97.750407 30.299672, -97.751051 30.298695, -97.75122 30.298222, -97.751647 30.298044, -97.752056 30.298137, -97.753107 30.29867, -97.754654 30.299378, -97.756181 30.300096, -97.755674 30.301068))",35.4,920.0,212250.0,39.0,0.0,468339.21663494105,0.0019643881343319523
"POLYGON ((-97.852537 30.282916, -97.852464 30.283064, -97.852413 30.283343, -97.852407 30.283382, -97.852284 30.28369, -97.852127 30.284014, -97.852103 30.284099, -97.852024 30.28422, -97.851848 30.284383, -97.851842 30.28441, -97.851097 30.285166, -97.850956 30.285312, -97.850674 30.285608, -97.849314 30.286387, -97.849188 30.286464, -97.848653 30.286773, -97.847911 30.287289, -97.847851 30.287205, -97.847552 30.287428, -97.847481 30.287494, -97.847099 30.287803, -97.846825 30.288189, -97.846054 30.28863, -97.845786 30.288765, -97.845444 30.28885, -97.845248 30.288909, -97.845002 30.289002, -97.8447 30.289193, -97.844377 30.289445, -97.844305 30.289511, -97.844 30.289764, -97.843804 30.289895, -97.843725 30.290001, -97.843564 30.29016, -97.843329 30.29042, -97.843206 30.290567, -97.843181 30.290716, -97.843181 30.29082, -97.843164 30.29098, -97.843093 30.291284, -97.843026 30.291506, -97.842985 30.29175, -97.842982 30.292135, -97.842956 30.292349, -97.843138 30.292616, -97.843389 30.292749, -97.843568 30.292783, -97.843607 30.292874, -97.843639 30.292914, -97.843691 30.292942, -97.843903 30.293008, -97.843934 30.293033, -97.843939 30.293051, -97.843879 30.293169, -97.843878 30.293187, -97.843893 30.293206, -97.843884 30.293284, -97.843846 30.293368, -97.843745 30.293459, -97.843628 30.293556, -97.843513 30.293695, -97.843476 30.293763, -97.843417 30.293794, -97.842873 30.293753, -97.84277 30.293731, -97.84268 30.293674, -97.842601 30.293552, -97.842541 30.293491, -97.842502 30.29347, -97.842456 30.293464, -97.842299 30.293506, -97.842019 30.29354, -97.841955 30.293549, -97.841787 30.293604, -97.841578 30.293711, -97.841344 30.293814, -97.841212 30.293925, -97.84114 30.293993, -97.841122 30.294004, -97.840972 30.294047, -97.840625 30.294056, -97.840422 30.294058, -97.840169 30.294086, -97.840088 30.294127, -97.840052 30.294163, -97.839999 30.294216, -97.839981 30.294352, -97.839883 30.294497, -97.839739 30.294643, -97.839552 30.294773, -97.839352 30.294939, -97.839159 30.295057, -97.838947 30.295155, -97.838903 30.295186, -97.83881 30.295256, -97.838746 30.295335, -97.838317 30.295302, -97.838059 30.295311, -97.837419 30.294704, -97.836531 30.294272, -97.835818 30.293777, -97.835516 30.294007, -97.835337 30.29418, -97.835302 30.294233, -97.835286 30.294276, -97.835279 30.294308, -97.835263 30.294435, -97.835242 30.294591, -97.835231 30.294839, -97.835208 30.295104, -97.835182 30.29523, -97.835146 30.295322, -97.835111 30.295389, -97.83507 30.295444, -97.83501 30.295504, -97.83495 30.295561, -97.834861 30.295623, -97.834741 30.295697, -97.834691 30.295745, -97.834663 30.295794, -97.834631 30.295868, -97.834615 30.295918, -97.834592 30.295987, -97.834587 30.296021, -97.834592 30.296102, -97.834624 30.296212, -97.83467 30.296329, -97.834732 30.296504, -97.834732 30.296679, -97.833356 30.296719, -97.832817 30.296734, -97.832468 30.296717, -97.83132 30.296513, -97.82949 30.296084, -97.829284 30.296027, -97.828725 30.295874, -97.828573 30.295828, -97.828222 30.295722, -97.828227 30.295603, -97.828267 30.295039, -97.82827 30.295003, -97.828397 30.293178, -97.828484 30.291714, -97.828439 30.290962, -97.828427 30.29084, -97.828414 30.290718, -97.828355 30.290325, -97.828168 30.289642, -97.828154 30.2896, -97.828008 30.289141, -97.827789 30.288645, -97.827636 30.288351, -97.827579 30.288242, -97.827298 30.287777, -97.827102 30.287462, -97.826824 30.287097, -97.82655 30.286737, -97.826433 30.286579, -97.824429 30.283877, -97.824353 30.283772, -97.824883 30.283488, -97.825297 30.283266, -97.825637 30.283107, -97.825937 30.283011, -97.826134 30.283007, -97.826311 30.283052, -97.826695 30.28323, -97.82731 30.284001, -97.828045 30.284626, -97.828463 30.284816, -97.829048 30.285, -97.829867 30.285043, -97.829986 30.285049, -97.830297 30.284978, -97.830577 30.284851, -97.831229 30.284383, -97.831566 30.284156, -97.831959 30.283938, -97.832337 30.28383, -97.832733 30.283906, -97.83353 30.284208, -97.83422 30.28446, -97.834558 30.284593, -97.834822 30.284654, -97.835031 30.284677, -97.835529 30.28464, -97.836594 30.28446, -97.837691 30.284327, -97.838467 30.28374, -97.839278 30.283131, -97.839751 30.282728, -97.84011 30.282507, -97.840314 30.282343, -97.84052 30.282183, -97.840717 30.282076, -97.840939 30.281982, -97.841227 30.281893, -97.841841 30.281869, -97.842158 30.281823, -97.842467 30.281706, -97.842865 30.281433, -97.843177 30.280982, -97.843477 30.280667, -97.843526 30.280615, -97.843706 30.280126, -97.843685 30.279207, -97.84369 30.277618, -97.844019 30.276348, -97.84384 30.275448, -97.843817 30.274853, -97.844511 30.274065, -97.844537 30.274124, -97.844568 30.274203, -97.844581 30.274228, -97.844718 30.274418, -97.844928 30.274654, -97.845077 30.274835, -97.845207 30.275019, -97.845376 30.275345, -97.845475 30.275469, -97.845572 30.275538, -97.845722 30.275652, -97.845787 30.275693, -97.845955 30.275743, -97.846014 30.275908, -97.846074 30.276115, -97.846128 30.276267, -97.846175 30.276369, -97.846306 30.276552, -97.846344 30.276619, -97.846355 30.27665, -97.846358 30.276692, -97.846345 30.276779, -97.846343 30.276826, -97.84638 30.277135, -97.846393 30.277201, -97.846408 30.277245, -97.846523 30.277419, -97.846549 30.277441, -97.846573 30.277452, -97.846678 30.277517, -97.846706 30.277539, -97.846753 30.277593, -97.846975 30.277789, -97.847039 30.277855, -97.847163 30.277954, -97.847204 30.277992, -97.84724 30.278044, -97.847277 30.278135, -97.847298 30.278166, -97.847467 30.278367, -97.847574 30.278502, -97.847598 30.278516, -97.847666 30.27854, -97.84807 30.278943, -97.84831 30.279096, -97.848447 30.279177, -97.848485 30.279189, -97.848512 30.27919, -97.848599 30.279182, -97.848613 30.279182, -97.848641 30.279182, -97.848667 30.279187, -97.848713 30.279215, -97.848739 30.279241, -97.848864 30.279337, -97.848935 30.279374, -97.84903 30.279402, -97.84906 30.279407, -97.849097 30.279405, -97.84915 30.279392, -97.849208 30.279372, -97.849249 30.279347, -97.84927 30.279317, -97.849291 30.279304, -97.849337 30.279304, -97.849536 30.279354, -97.849651 30.279396, -97.849728 30.279442, -97.849785 30.279489, -97.849987 30.279768, -97.850215 30.279952, -97.850794 30.280369, -97.851124 30.280642, -97.851253 30.280781, -97.851397 30.280935, -97.851589 30.281241, -97.851825 30.281657, -97.852024 30.281774, -97.852273 30.281846, -97.852366 30.281901, -97.852384 30.281915, -97.852418 30.282053, -97.852486 30.282277, -97.852541 30.282658, -97.852537 30.282916))",48.5,1788.0,197045.0,35.0,7.0,2823839.591800894,0.0006331804416906376
"POLYGON ((-97.841976 30.244533, -97.841531 30.244344, -97.840776 30.244119, -97.840048 30.244165, -97.839384 30.244437, -97.83865 30.244708, -97.837904 30.244829, -97.837401 30.244849, -97.836601 30.244749, -97.836777 30.244887, -97.836919 30.244969, -97.837115 30.245056, -97.837361 30.245181, -97.838506 30.245759, -97.839706 30.246554, -97.839987 30.24674, -97.841793 30.247933, -97.8423 30.248762, -97.842269 30.249188, -97.842177 30.249593, -97.842139 30.249755, -97.841781 30.250257, -97.84121 30.250856, -97.840698 30.251399, -97.840593 30.251495, -97.840453 30.251588, -97.840338 30.251655, -97.840191 30.251727, -97.84017 30.251732, -97.840124 30.251751, -97.83998 30.251795, -97.839808 30.251833, -97.839657 30.251849, -97.839531 30.251855, -97.839417 30.251852, -97.839303 30.251842, -97.839183 30.251823, -97.838727 30.251737, -97.83859 30.251721, -97.838488 30.251716, -97.838362 30.251716, -97.838202 30.251733, -97.837694 30.251808, -97.837376 30.251879, -97.83714 30.251948, -97.836837 30.252058, -97.836637 30.252145, -97.836421 30.252253, -97.836181 30.252394, -97.836065 30.252469, -97.835864 30.252614, -97.835667 30.252778, -97.83548 30.252956, -97.835001 30.252718, -97.834684 30.252574, -97.834368 30.252508, -97.833939 30.252475, -97.832707 30.252291, -97.832051 30.252149, -97.831468 30.252124, -97.830943 30.252152, -97.830484 30.252215, -97.829589 30.252335, -97.82905 30.252376, -97.828585 30.252381, -97.828078 30.252267, -97.827948 30.252218, -97.828013 30.252118, -97.828049 30.252044, -97.828113 30.251951, -97.828174 30.251902, -97.828335 30.251814, -97.828538 30.251693, -97.828742 30.25156, -97.82882 30.251498, -97.828928 30.251396, -97.829259 30.251006, -97.829364 30.250897, -97.82953 30.250705, -97.829667 30.250554, -97.829749 30.25045, -97.829844 30.2503, -97.829864 30.250199, -97.829883 30.250129, -97.829901 30.25002, -97.829902 30.249939, -97.830436 30.249749, -97.830981 30.24965, -97.831002 30.249544, -97.83105 30.249316, -97.831186 30.249021, -97.831473 30.248826, -97.832026 30.24829, -97.832069 30.248134, -97.832088 30.247906, -97.832075 30.247825, -97.832046 30.247735, -97.831998 30.247611, -97.831946 30.24753, -97.831865 30.247432, -97.831768 30.247346, -97.831653 30.247275, -97.831168 30.24705, -97.830699 30.246883, -97.830091 30.246203, -97.82985 30.245874, -97.830132 30.24561, -97.830348 30.245229, -97.830695 30.244709, -97.830743 30.244742, -97.830997 30.244948, -97.831095 30.245042, -97.831323 30.245259, -97.831441 30.245234, -97.831717 30.245185, -97.831851 30.245131, -97.831969 30.245112, -97.832092 30.245108, -97.832238 30.245114, -97.83239 30.245107, -97.832512 30.245084, -97.832606 30.245056, -97.832665 30.244253, -97.832768 30.243865, -97.832844 30.243234, -97.832454 30.243144, -97.832106 30.243019, -97.831844 30.242885, -97.831602 30.242701, -97.831239 30.242444, -97.83093 30.242182, -97.830767 30.241918, -97.830414 30.241102, -97.830397 30.240991, -97.830303 30.240183, -97.830614 30.240167, -97.832064 30.240106, -97.832882 30.240121, -97.833157 30.240161, -97.833282 30.24019, -97.833449 30.240232, -97.834137 30.240412, -97.836224 30.241413, -97.837058 30.241812, -97.837153 30.241856, -97.837228 30.241895, -97.841095 30.243826, -97.842618 30.244585, -97.841976 30.244533))",41.7,1457.0,250001.0,91.0,25.0,1121745.3717828868,0.0012988687420963138
"POLYGON ((-97.761631 30.201708, -97.760885 30.202639, -97.760445 30.20317, -97.75999 30.203721, -97.759334 30.204511, -97.758624 30.205369, -97.75835 30.205699, -97.758149 30.20559, -97.757853 30.20543, -97.75397 30.203257, -97.7532 30.202773, -97.752315 30.202145, -97.751525 30.201541, -97.75167 30.201043, -97.751933 30.200097, -97.752058 30.199704, -97.752178 30.199323, -97.752383 30.198546, -97.752641 30.197754, -97.752845 30.197024, -97.75309 30.196242, -97.753186 30.19601, -97.752866 30.195085, -97.752597 30.194348, -97.752437 30.193584, -97.752587 30.193573, -97.753028 30.193539, -97.753189 30.193523, -97.753516 30.193508, -97.753603 30.193507, -97.754481 30.193451, -97.75471 30.193444, -97.755 30.193441, -97.755385 30.193474, -97.755682 30.193526, -97.755823 30.193565, -97.756299 30.193701, -97.756443 30.193775, -97.756698 30.193912, -97.756795 30.193985, -97.756901 30.194065, -97.758043 30.195051, -97.758102 30.195099, -97.758172 30.195161, -97.75906 30.195916, -97.759125 30.195958, -97.7592 30.196016, -97.759669 30.196359, -97.759724 30.196394, -97.759691 30.196432, -97.759586 30.196547, -97.75946 30.196648, -97.759364 30.19671, -97.759273 30.196754, -97.759011 30.196839, -97.758973 30.19686, -97.758809 30.197017, -97.75875 30.197094, -97.758616 30.197213, -97.758574 30.197266, -97.758402 30.197551, -97.758346 30.197623, -97.7583 30.197697, -97.758292 30.197738, -97.758324 30.19782, -97.758328 30.197851, -97.758312 30.197959, -97.758302 30.198094, -97.758314 30.198227, -97.758328 30.198299, -97.758362 30.198414, -97.758377 30.198488, -97.758372 30.198593, -97.758375 30.198626, -97.758415 30.198816, -97.75851 30.199143, -97.758547 30.199313, -97.758569 30.199392, -97.758624 30.199502, -97.758657 30.199588, -97.758653 30.199648, -97.758669 30.199677, -97.758708 30.199718, -97.758799 30.19978, -97.758829 30.199816, -97.758853 30.199864, -97.75891 30.199954, -97.759215 30.200178, -97.759377 30.20027, -97.759751 30.200568, -97.75985 30.200634, -97.760049 30.200736, -97.760237 30.200838, -97.760278 30.200868, -97.760315 30.200948, -97.760366 30.201003, -97.760466 30.20108, -97.760614 30.201176, -97.760722 30.201234, -97.760846 30.201275, -97.760998 30.201354, -97.761132 30.201408, -97.761159 30.20142, -97.761211 30.201448, -97.761286 30.2015, -97.761321 30.20152, -97.76139 30.201553, -97.761563 30.201636, -97.761649 30.201682, -97.761631 30.201708))",45.2,2474.0,83003.0,85.0,32.0,767228.1775304134,0.003224594810846776
"POLYGON ((-97.776425 30.21539, -97.775992 30.21608, -97.774762 30.218041, -97.7742 30.218932, -97.772877 30.221043, -97.771595 30.223105, -97.771364 30.223515, -97.770882 30.224267, -97.770432 30.224971, -97.769989 30.225666, -97.769672 30.226185, -97.769466 30.226518, -97.769261 30.226399, -97.769164 30.226343, -97.768859 30.226138, -97.768352 30.225812, -97.768078 30.225628, -97.767723 30.225398, -97.767591 30.225304, -97.767242 30.22507, -97.766116 30.224315, -97.765686 30.224029, -97.765354 30.223783, -97.764938 30.223467, -97.764818 30.223376, -97.764149 30.222964, -97.763955 30.222844, -97.764171 30.22248, -97.764825 30.221368, -97.764874 30.221322, -97.764902 30.221296, -97.765522 30.220354, -97.766878 30.218205, -97.767306 30.21748, -97.768774 30.215157, -97.771483 30.21091, -97.771878 30.210346, -97.77192 30.210278, -97.772083 30.210252, -97.772167 30.210233, -97.77232 30.210211, -97.772567 30.210188, -97.772723 30.210184, -97.772971 30.210194, -97.77314 30.210208, -97.773193 30.210219, -97.7733 30.210253, -97.773388 30.210293, -97.773533 30.210381, -97.773605 30.210434, -97.773658 30.210486, -97.773793 30.210652, -97.773831 30.210713, -97.773861 30.210783, -97.773886 30.210879, -97.773913 30.211084, -97.773913 30.21117, -97.773899 30.211213, -97.773868 30.211255, -97.773815 30.211297, -97.773455 30.211526, -97.773408 30.211547, -97.773229 30.2116, -97.77318 30.211617, -97.773133 30.211646, -97.773055 30.211718, -97.77294 30.21185, -97.772798 30.211969, -97.772478 30.212253, -97.772348 30.212357, -97.77214 30.212546, -97.772048 30.212639, -97.771996 30.212711, -97.771903 30.212884, -97.771789 30.213077, -97.771723 30.213205, -97.771647 30.213319, -97.771575 30.213538, -97.771546 30.213683, -97.771518 30.213995, -97.771505 30.214278, -97.771496 30.214462, -97.771498 30.214545, -97.771509 30.214595, -97.77156 30.214707, -97.771664 30.214897, -97.771706 30.214955, -97.771751 30.214998, -97.771847 30.215058, -97.771884 30.215081, -97.772036 30.215186, -97.772041 30.215204, -97.77201 30.215267, -97.772011 30.215287, -97.772061 30.215332, -97.772113 30.215363, -97.772188 30.215394, -97.772353 30.215441, -97.772502 30.215471, -97.772637 30.215489, -97.772717 30.215492, -97.772826 30.215482, -97.773096 30.215441, -97.773265 30.215421, -97.773707 30.215391, -97.773975 30.215384, -97.774273 30.215392, -97.774498 30.215394, -97.775141 30.215377, -97.775266 30.215368, -97.775413 30.215348, -97.775587 30.215312, -97.775826 30.215273, -97.775898 30.215271, -97.77596 30.21528, -97.776038 30.215303, -97.776128 30.21534, -97.776176 30.215353, -97.776342 30.215372, -97.776425 30.21539))",33.4,1925.0,78676.0,66.0,0.0,892558.2617636967,0.0021567219558263867
"POLYGON ((-97.680785 30.32309, -97.67991 30.323398, -97.679019 30.323672, -97.678932 30.323699, -97.677972 30.324054, -97.67431 30.325341, -97.674134 30.325402, -97.673973 30.325458, -97.67371 30.32555, -97.673572 30.325598, -97.673492 30.325626, -97.673329 30.325684, -97.673228 30.32572, -97.673141 30.325646, -97.673031 30.325555, -97.673009 30.325536, -97.67296 30.325496, -97.672558 30.325188, -97.672429 30.325104, -97.672217 30.32497, -97.671973 30.324758, -97.671586 30.324462, -97.671151 30.324128, -97.670464 30.323543, -97.67035 30.323448, -97.670236 30.323352, -97.669199 30.322613, -97.666616 30.32073, -97.666522 30.32064, -97.666703 30.320446, -97.666779 30.320364, -97.666861 30.320224, -97.667221 30.319919, -97.667322 30.319814, -97.667373 30.319743, -97.667405 30.319677, -97.667449 30.319561, -97.667594 30.319154, -97.668092 30.318755, -97.668675 30.318596, -97.668992 30.318166, -97.6692 30.317826, -97.669424 30.317512, -97.66973 30.317111, -97.67003 30.316972, -97.671177 30.31682, -97.671915 30.316007, -97.672502 30.315559, -97.67402 30.314967, -97.674444 30.315482, -97.674481 30.315527, -97.674906 30.315951, -97.675269 30.316367, -97.675439 30.316594, -97.675905 30.317319, -97.676191 30.31776, -97.676439 30.318099, -97.676515 30.318193, -97.676585 30.31827, -97.676676 30.318346, -97.67657 30.318866, -97.676464 30.319391, -97.676568 30.31986, -97.676847 30.320111, -97.67765 30.321008, -97.678282 30.321772, -97.678347 30.321825, -97.678441 30.321876, -97.678514 30.321895, -97.678559 30.321895, -97.678637 30.321876, -97.679053 30.321655, -97.67918 30.321594, -97.679294 30.321794, -97.679406 30.321959, -97.679487 30.322059, -97.679618 30.32219, -97.679744 30.322299, -97.67988 30.322408, -97.680056 30.322509, -97.680232 30.322603, -97.680355 30.322673, -97.680425 30.322726, -97.680502 30.322786, -97.680604 30.322895, -97.680785 30.32309))",40.9,1251.0,113500.0,0.0,5.0,817017.8863358021,0.0015311782286805738
"POLYGON ((-97.67402 30.314967, -97.672502 30.315559, -97.671915 30.316007, -97.671177 30.31682, -97.67003 30.316972, -97.66973 30.317111, -97.669424 30.317512, -97.6692 30.317826, -97.668992 30.318166, -97.668675 30.318596, -97.668092 30.318755, -97.667594 30.319154, -97.667449 30.319561, -97.667405 30.319677, -97.667373 30.319743, -97.667322 30.319814, -97.667221 30.319919, -97.666861 30.320224, -97.666779 30.320364, -97.666703 30.320446, -97.666522 30.32064, -97.665657 30.319818, -97.664723 30.318913, -97.664242 30.318339, -97.663764 30.317628, -97.663578 30.317302, -97.663441 30.317044, -97.663146 30.316427, -97.663133 30.31638, -97.663016 30.316097, -97.663067 30.316013, -97.663218 30.315786, -97.66325 30.315738, -97.663572 30.315283, -97.66404 30.314671, -97.66501 30.313077, -97.665497 30.31235, -97.665988 30.311577, -97.666377 30.310917, -97.666631 30.310586, -97.667152 30.310063, -97.667913 30.310856, -97.668679 30.31133, -97.669457 30.311691, -97.670271 30.312089, -97.671067 30.312529, -97.671846 30.312966, -97.672095 30.313129, -97.672203 30.313211, -97.672361 30.313334, -97.67253 30.313482, -97.672767 30.313703, -97.673258 30.314211, -97.67402 30.314967))",40.6,1179.0,136625.0,6.0,24.0,604080.9394777056,0.0019517252125507802
"POLYGON ((-97.638346 30.274466, -97.637274 30.276794, -97.63663 30.277803, -97.636478 30.278042, -97.636402 30.27816, -97.635951 30.278855, -97.635724 30.279205, -97.634877 30.28051, -97.634336 30.281344, -97.634318 30.281372, -97.632933 30.283523, -97.632474 30.284235, -97.631192 30.286226, -97.629906 30.28824, -97.629381 30.289027, -97.629204 30.289293, -97.628963 30.289656, -97.628894 30.289788, -97.628862 30.289849, -97.627952 30.29124, -97.625535 30.28941, -97.625428 30.289331, -97.622795 30.287395, -97.622285 30.28702, -97.622258 30.287, -97.622153 30.286949, -97.621362 30.286565, -97.618362 30.285108, -97.615577 30.283797, -97.614981 30.283516, -97.614585 30.283296, -97.613854 30.282831, -97.6129 30.28219, -97.611913 30.281527, -97.610046 30.280253, -97.60945 30.279964, -97.606186 30.278383, -97.603853 30.277238, -97.603262 30.276948, -97.601363 30.276284, -97.601279 30.27626, -97.599956 30.275877, -97.600176 30.275518, -97.601125 30.274123, -97.601931 30.272763, -97.602305 30.272131, -97.604684 30.268345, -97.606712 30.26512, -97.607791 30.263402, -97.608871 30.261685, -97.611818 30.256997, -97.613974 30.258996, -97.614877 30.259348, -97.616278 30.259895, -97.619661 30.261031, -97.621263 30.262679, -97.623382 30.264594, -97.625368 30.266762, -97.625547 30.266962, -97.626027 30.267497, -97.626517 30.268452, -97.626656 30.268723, -97.627349 30.26921, -97.628312 30.269886, -97.628774 30.270116, -97.628887 30.270173, -97.629825 30.270641, -97.630544 30.270892, -97.631126 30.271094, -97.631256 30.27114, -97.631616 30.271265, -97.631994 30.271396, -97.632069 30.271423, -97.632753 30.27175, -97.632832 30.271788, -97.633566 30.272139, -97.634609 30.272666, -97.635674 30.273204, -97.637035 30.273891, -97.637961 30.274303, -97.638346 30.274466))",37.4,5036.0,88309.0,180.0,201.0,6797479.376635622,0.0007408628582691695
"POLYGON ((-97.696965 30.147652, -97.696913 30.14978, -97.696821 30.150407, -97.69672 30.151089, -97.696689 30.151302, -97.696669 30.151436, -97.696385 30.152608, -97.694238 30.159879, -97.693524 30.162353, -97.693432 30.162764, -97.693415 30.162823, -97.693365 30.162995, -97.693347 30.163058, -97.693297 30.163231, -97.693028 30.164102, -97.693002 30.164193, -97.692987 30.164246, -97.692789 30.164154, -97.692756 30.164138, -97.692492 30.164009, -97.691942 30.163741, -97.689343 30.162474, -97.688715 30.162184, -97.688216 30.161953, -97.687982 30.161845, -97.685857 30.160847, -97.684452 30.160188, -97.682996 30.159504, -97.67924 30.157741, -97.675665 30.156063, -97.674399 30.155468, -97.673594 30.15509, -97.672307 30.154415, -97.671824 30.154161, -97.670963 30.153639, -97.670832 30.153494, -97.670668 30.15322, -97.670602 30.153078, -97.670557 30.152956, -97.670527 30.152866, -97.670463 30.152621, -97.670417 30.152339, -97.670423 30.152062, -97.670452 30.151906, -97.670477 30.151753, -97.670547 30.151625, -97.670774 30.151208, -97.671795 30.149334, -97.673102 30.146955, -97.673255 30.146647, -97.673326 30.146442, -97.67335 30.14632, -97.673371 30.146174, -97.67339 30.145917, -97.673372 30.145691, -97.673321 30.145388, -97.674159 30.144871, -97.674246 30.14478, -97.674324 30.144699, -97.674242 30.144685, -97.67419 30.14467, -97.674085 30.144638, -97.673426 30.144377, -97.673227 30.144304, -97.672826 30.144092, -97.672518 30.143938, -97.672278 30.143843, -97.672072 30.143743, -97.671926 30.143698, -97.671548 30.143513, -97.67138 30.143436, -97.671214 30.143414, -97.671193 30.143415, -97.671091 30.143437, -97.665217 30.140632, -97.664777 30.140422, -97.665139 30.139862, -97.66554 30.13913, -97.665913 30.138273, -97.666087 30.137683, -97.666286 30.137099, -97.666438 30.136367, -97.666534 30.135468, -97.666548 30.134418, -97.666465 30.133562, -97.666286 30.132678, -97.666092 30.132028, -97.665664 30.130909, -97.665458 30.1304, -97.664937 30.129533, -97.664187 30.128316, -97.66297 30.126491, -97.66224 30.125294, -97.661651 30.124462, -97.661286 30.123813, -97.661165 30.12353, -97.660968 30.123056, -97.660645 30.122065, -97.660411 30.12113, -97.660344 30.120674, -97.660266 30.119772, -97.660289 30.118892, -97.660367 30.118302, -97.660415 30.117892, -97.660523 30.117501, -97.66069 30.116877, -97.660868 30.116398, -97.66099 30.116087, -97.661093 30.115806, -97.661369 30.115229, -97.661803 30.114517, -97.662337 30.11366, -97.66305 30.112502, -97.663829 30.111288, -97.664464 30.110275, -97.665076 30.109329, -97.665455 30.108761, -97.665711 30.108316, -97.66593 30.107913, -97.666312 30.10728, -97.667236 30.1058, -97.668616 30.103729, -97.669307 30.102772, -97.669906 30.101991, -97.671204 30.100357, -97.672126 30.099352, -97.672293 30.099143, -97.673089 30.098515, -97.674695 30.097091, -97.676244 30.095848, -97.67725 30.09494, -97.677766 30.094577, -97.678436 30.094061, -97.678897 30.093698, -97.679624 30.093042, -97.683335 30.089487, -97.683445 30.089385, -97.683582 30.089256, -97.683719 30.089128, -97.683858 30.088998, -97.683998 30.088868, -97.684181 30.088697, -97.68551 30.087397, -97.68722 30.085622, -97.687849 30.085029, -97.689564 30.083646, -97.6908 30.082851, -97.691491 30.082585, -97.691971 30.082353, -97.692963 30.082069, -97.693192 30.081999, -97.693373 30.081942, -97.693454 30.084831, -97.693529 30.086346, -97.69363 30.088396, -97.69365 30.088809, -97.693683 30.08947, -97.693701 30.089846, -97.69372 30.090248, -97.693876 30.09352, -97.694058 30.096664, -97.694263 30.100193, -97.694287 30.100593, -97.694349 30.10167, -97.694363 30.101914, -97.694369 30.102027, -97.694425 30.102972, -97.694553 30.105173, -97.694661 30.107029, -97.694708 30.107487, -97.69474 30.108206, -97.694813 30.10982, -97.694866 30.110985, -97.694926 30.112321, -97.694998 30.113337, -97.695029 30.113775, -97.695064 30.115399, -97.695089 30.115714, -97.695255 30.117868, -97.695479 30.122788, -97.695542 30.123763, -97.69576 30.127636, -97.695814 30.128605, -97.69587 30.129519, -97.695935 30.130674, -97.69594 30.130772, -97.695953 30.130989, -97.696069 30.132779, -97.696117 30.133444, -97.696222 30.135823, -97.696731 30.14419, -97.696964 30.147588, -97.696965 30.147652))",42.1,1145.0,63125.0,61.0,30.0,20703190.602216516,5.53054851302685e-05
"POLYGON ((-97.758307 30.303247, -97.75828 30.303519, -97.758266 30.303749, -97.758174 30.304388, -97.758029 30.305089, -97.757894 30.305684, -97.757631 30.306979, -97.757276 30.308547, -97.757179 30.308968, -97.757009 30.308937, -97.756697 30.308889, -97.756332 30.308831, -97.755893 30.308777, -97.755457 30.308706, -97.754938 30.308624, -97.754639 30.308569, -97.754291 30.308482, -97.752614 30.308097, -97.751624 30.307765, -97.752212 30.306828, -97.752441 30.306485, -97.753144 30.30534, -97.753541 30.304622, -97.753706 30.304212, -97.754153 30.303367, -97.754649 30.30264, -97.754793 30.302401, -97.75514 30.30183, -97.755674 30.301068, -97.756181 30.300096, -97.756921 30.300436, -97.757007 30.30047, -97.75711 30.300497, -97.757196 30.30051, -97.757671 30.300473, -97.758066 30.300428, -97.758227 30.302096, -97.758254 30.302291, -97.758294 30.302699, -97.758314 30.303002, -97.758307 30.303247))",46.2,921.0,228750.0,8.0,0.0,373447.72715310525,0.0024662086097592194
"POLYGON ((-97.757188 30.298499, -97.756675 30.299286, -97.757671 30.299733, -97.757671 30.300112, -97.757671 30.300473, -97.757196 30.30051, -97.75711 30.300497, -97.757007 30.30047, -97.756921 30.300436, -97.756181 30.300096, -97.754654 30.299378, -97.753107 30.29867, -97.752056 30.298137, -97.751647 30.298044, -97.75122 30.298222, -97.751051 30.298695, -97.750407 30.299672, -97.750254 30.299627, -97.749631 30.299348, -97.749546 30.299292, -97.749438 30.299229, -97.749391 30.299183, -97.749109 30.298862, -97.749167 30.298828, -97.749251 30.298763, -97.749467 30.298553, -97.749552 30.298451, -97.749815 30.298085, -97.749918 30.297952, -97.749959 30.297919, -97.750103 30.297835, -97.750142 30.297796, -97.750163 30.29775, -97.750167 30.2977, -97.750154 30.297655, -97.75008 30.297519, -97.749982 30.297368, -97.74992 30.297291, -97.749903 30.297275, -97.749728 30.297207, -97.749646 30.297162, -97.749574 30.297108, -97.749484 30.297015, -97.749408 30.296909, -97.74932 30.29674, -97.749288 30.296655, -97.749223 30.296379, -97.749161 30.296091, -97.749129 30.295987, -97.74909 30.295896, -97.749036 30.295798, -97.74889 30.2956, -97.748759 30.29537, -97.748698 30.295241, -97.74864 30.295161, -97.748522 30.295026, -97.748253 30.294679, -97.748205 30.294602, -97.748157 30.2945, -97.748046 30.294305, -97.747939 30.294068, -97.747717 30.293597, -97.747641 30.293451, -97.747522 30.29318, -97.747482 30.293076, -97.74742 30.29291, -97.747396 30.292804, -97.747395 30.292766, -97.747965 30.292541, -97.748071 30.292897, -97.74816 30.293012, -97.749036 30.293739, -97.750211 30.293656, -97.751273 30.294244, -97.751654 30.294345, -97.75221 30.29489, -97.752941 30.294429, -97.75511 30.295457, -97.754623 30.296261, -97.754784 30.296339, -97.755562 30.296709, -97.757705 30.297709, -97.757188 30.298499))",46.5,457.0,250001.0,24.0,15.0,368067.4267747403,0.0012416203302871652
"POLYGON ((-97.759816 30.292138, -97.759692 30.292469, -97.759144 30.294215, -97.758905 30.295126, -97.758608 30.296264, -97.758081 30.298234, -97.75803 30.298838, -97.758004 30.29909, -97.757994 30.299313, -97.758003 30.299712, -97.758037 30.300045, -97.758066 30.300428, -97.757671 30.300473, -97.757671 30.300112, -97.757671 30.299733, -97.756675 30.299286, -97.757188 30.298499, -97.757705 30.297709, -97.755562 30.296709, -97.754784 30.296339, -97.754623 30.296261, -97.75511 30.295457, -97.752941 30.294429, -97.75221 30.29489, -97.751654 30.294345, -97.751273 30.294244, -97.750211 30.293656, -97.749036 30.293739, -97.74816 30.293012, -97.748071 30.292897, -97.747965 30.292541, -97.747395 30.292766, -97.7474 30.29272, -97.747414 30.292659, -97.747438 30.292605, -97.74747 30.29256, -97.747515 30.292513, -97.747658 30.292391, -97.747739 30.292338, -97.747803 30.292312, -97.747905 30.292285, -97.748446 30.292184, -97.748651 30.29218, -97.748847 30.292164, -97.748942 30.292148, -97.749096 30.292111, -97.749278 30.292083, -97.749472 30.292074, -97.749629 30.292077, -97.749752 30.292087, -97.749869 30.292133, -97.749928 30.292144, -97.750194 30.292157, -97.750557 30.292114, -97.750998 30.29201, -97.751232 30.291921, -97.751308 30.291816, -97.751392 30.291722, -97.751531 30.291609, -97.751721 30.291378, -97.751827 30.291103, -97.75187 30.290866, -97.75194 30.290615, -97.751995 30.290314, -97.752125 30.29011, -97.752371 30.289877, -97.752564 30.289661, -97.752934 30.289185, -97.753125 30.288931, -97.753248 30.288795, -97.753314 30.288686, -97.754139 30.288916, -97.754647 30.289042, -97.754772 30.289042, -97.754985 30.28904, -97.755359 30.289009, -97.755696 30.289083, -97.755907 30.289205, -97.756051 30.289296, -97.756259 30.289462, -97.756291 30.289575, -97.75641 30.289773, -97.756809 30.290348, -97.756918 30.290499, -97.757126 30.290718, -97.757252 30.29083, -97.757506 30.291005, -97.757739 30.29112, -97.757993 30.291249, -97.758533 30.291513, -97.758666 30.291578, -97.758821 30.291653, -97.759165 30.291784, -97.759736 30.29203, -97.759841 30.292083, -97.759816 30.292138))",39.4,921.0,250001.0,25.0,0.0,579374.2059898699,0.0015896461914911401
"POLYGON ((-97.781487 30.301506, -97.781433 30.301659, -97.781299 30.301901, -97.781111 30.302143, -97.780866 30.302384, -97.780376 30.302924, -97.780238 30.30305, -97.78008 30.303192, -97.779838 30.303324, -97.779446 30.303554, -97.778585 30.304381, -97.77735 30.305724, -97.777164 30.305841, -97.777031 30.30577, -97.776627 30.305423, -97.776457 30.305626, -97.776144 30.305862, -97.775883 30.306003, -97.77575 30.306102, -97.775676 30.306221, -97.775603 30.306382, -97.775548 30.306554, -97.775524 30.306711, -97.775546 30.306829, -97.775643 30.307115, -97.775662 30.307208, -97.775657 30.307269, -97.775629 30.307324, -97.775577 30.307374, -97.775311 30.307039, -97.774986 30.306851, -97.774744 30.306774, -97.774674 30.306751, -97.773981 30.306696, -97.773717 30.306672, -97.773525 30.306687, -97.773313 30.30674, -97.77312 30.306781, -97.773032 30.306782, -97.77275 30.306699, -97.772712 30.306687, -97.771215 30.305923, -97.770891 30.305828, -97.770561 30.30586, -97.770183 30.305971, -97.769871 30.305944, -97.769581 30.306676, -97.769429 30.306909, -97.769243 30.307109, -97.768969 30.307333, -97.768616 30.30712, -97.768351 30.30696, -97.768092 30.306709, -97.76804 30.3066, -97.767987 30.306476, -97.767897 30.306353, -97.767759 30.306219, -97.767569 30.306096, -97.767355 30.306034, -97.767105 30.306023, -97.766943 30.306042, -97.766691 30.306099, -97.766534 30.306118, -97.766396 30.306109, -97.76631 30.306085, -97.766182 30.305995, -97.766044 30.305866, -97.765782 30.305738, -97.764902 30.305338, -97.764746 30.304718, -97.764346 30.303395, -97.764306 30.303034, -97.764378 30.302758, -97.764503 30.302554, -97.765336 30.30127, -97.765905 30.300366, -97.766397 30.299548, -97.76699 30.298688, -97.767459 30.297941, -97.768259 30.2967, -97.769026 30.297309, -97.769887 30.297937, -97.770242 30.298065, -97.770821 30.298335, -97.772049 30.298921, -97.773887 30.299738, -97.775418 30.300418, -97.776157 30.300762, -97.776813 30.301095, -97.778075 30.301675, -97.77807 30.301758, -97.779085 30.302253, -97.779579 30.302489, -97.780103 30.301678, -97.780569 30.300898, -97.781315 30.301224, -97.781436 30.301339, -97.781481 30.301412, -97.781487 30.301506))",50.2,917.0,250001.0,105.0,0.0,1036749.9453381429,0.0008844948621636187
"POLYGON ((-97.776949 30.293955, -97.776453 30.294754, -97.776075 30.295148, -97.775934 30.295566, -97.775474 30.296415, -97.775191 30.29686, -97.775132 30.297239, -97.774796 30.298192, -97.774246 30.298965, -97.773887 30.299738, -97.772049 30.298921, -97.770821 30.298335, -97.770242 30.298065, -97.769887 30.297937, -97.769026 30.297309, -97.768259 30.2967, -97.768779 30.295863, -97.76996 30.293992, -97.770395 30.293219, -97.770815 30.292573, -97.771316 30.291843, -97.771449 30.291508, -97.771649 30.29125, -97.772053 30.290598, -97.775474 30.292218, -97.776153 30.292553, -97.777411 30.293167, -97.776949 30.293955))",43.7,1291.0,244554.0,22.0,22.0,485365.1897726589,0.002659852884391429
"POLYGON ((-97.771649 30.29125, -97.771449 30.291508, -97.771316 30.291843, -97.770815 30.292573, -97.770395 30.293219, -97.76996 30.293992, -97.768779 30.295863, -97.768259 30.2967, -97.767528 30.296044, -97.76728 30.295833, -97.766826 30.295395, -97.766077 30.294615, -97.76574 30.294273, -97.765243 30.293773, -97.76428 30.293463, -97.763775 30.29334, -97.762809 30.293087, -97.762 30.292883, -97.761272 30.292688, -97.761172 30.292661, -97.760958 30.292582, -97.760701 30.292472, -97.760492 30.292383, -97.7602 30.292254, -97.760021 30.292174, -97.76 30.292165, -97.759841 30.292083, -97.760063 30.291609, -97.76025 30.29121, -97.760487 30.290708, -97.760826 30.290154, -97.761126 30.289668, -97.762183 30.288096, -97.762835 30.287169, -97.763742 30.285877, -97.763886 30.285948, -97.763905 30.285958, -97.764066 30.286025, -97.76417 30.286068, -97.764255 30.286109, -97.764608 30.286293, -97.765544 30.286747, -97.766191 30.287106, -97.767386 30.287807, -97.768559 30.288496, -97.768693 30.288587, -97.769832 30.28925, -97.771411 30.290203, -97.772053 30.290598, -97.771649 30.29125))",34.7,2636.0,121296.0,162.0,0.0,706489.624132325,0.0037311234446470495
"POLYGON ((-97.763742 30.285877, -97.762835 30.287169, -97.762183 30.288096, -97.761126 30.289668, -97.760826 30.290154, -97.760487 30.290708, -97.76025 30.29121, -97.760063 30.291609, -97.759841 30.292083, -97.759736 30.29203, -97.759165 30.291784, -97.758821 30.291653, -97.758666 30.291578, -97.758533 30.291513, -97.757993 30.291249, -97.757739 30.29112, -97.757506 30.291005, -97.757252 30.29083, -97.757126 30.290718, -97.756918 30.290499, -97.756809 30.290348, -97.75641 30.289773, -97.756291 30.289575, -97.756259 30.289462, -97.756296 30.288547, -97.756404 30.286299, -97.756413 30.285964, -97.756503 30.285232, -97.756858 30.285395, -97.757308 30.284247, -97.757816 30.282774, -97.759073 30.283075, -97.760307 30.283504, -97.761863 30.284676, -97.761979 30.284742, -97.762425 30.285048, -97.762576 30.285166, -97.763079 30.285534, -97.763301 30.285646, -97.763742 30.285877))",43.1,833.0,215179.0,0.0,23.0,452907.7155221002,0.0018392267816408014
"POLYGON ((-97.757308 30.284247, -97.756858 30.285395, -97.756503 30.285232, -97.756413 30.285964, -97.756404 30.286299, -97.756296 30.288547, -97.756259 30.289462, -97.756051 30.289296, -97.755907 30.289205, -97.755696 30.289083, -97.755359 30.289009, -97.754985 30.28904, -97.754772 30.289042, -97.754647 30.289042, -97.754139 30.288916, -97.753314 30.288686, -97.753462 30.288444, -97.75359 30.288068, -97.753863 30.286986, -97.753878 30.286928, -97.753903 30.286533, -97.753901 30.28611, -97.753916 30.285846, -97.75394 30.285583, -97.753954 30.285486, -97.753969 30.285457, -97.754014 30.285408, -97.75413 30.285295, -97.754427 30.284956, -97.75449 30.284867, -97.754517 30.284806, -97.754524 30.284763, -97.754522 30.284726, -97.75449 30.284623, -97.754481 30.284522, -97.754483 30.284477, -97.754497 30.284427, -97.754487 30.284391, -97.754462 30.284353, -97.754422 30.284315, -97.754364 30.284275, -97.753767 30.283934, -97.753479 30.283755, -97.753196 30.283567, -97.752998 30.283446, -97.752854 30.283324, -97.752375 30.283016, -97.752289 30.282972, -97.751798 30.282767, -97.751737 30.282732, -97.751613 30.282638, -97.751389 30.28249, -97.751297 30.282419, -97.751229 30.282336, -97.751151 30.282214, -97.751098 30.28211, -97.751018 30.2819, -97.750977 30.281766, -97.750865 30.281291, -97.750843 30.28117, -97.750819 30.280975, -97.750817 30.28095, -97.750773 30.2805, -97.750782 30.280364, -97.75083 30.280147, -97.750853 30.280079, -97.750863 30.280063, -97.75091 30.279995, -97.750927 30.279951, -97.750937 30.279911, -97.750954 30.279825, -97.750979 30.279589, -97.751036 30.279274, -97.751074 30.279106, -97.751096 30.278856, -97.751111 30.278585, -97.751106 30.278537, -97.75109 30.278477, -97.750978 30.278165, -97.750949 30.278101, -97.750895 30.277992, -97.750853 30.277906, -97.750833 30.277872, -97.750811 30.277864, -97.75071 30.277883, -97.750678 30.277884, -97.750599 30.277768, -97.750544 30.277667, -97.750438 30.277426, -97.750367 30.277235, -97.750183 30.276808, -97.750153 30.276708, -97.750145 30.276627, -97.750148 30.276592, -97.750167 30.276493, -97.750234 30.276514, -97.751398 30.276897, -97.752362 30.277227, -97.753144 30.277471, -97.753352 30.277536, -97.754174 30.277852, -97.7553 30.278403, -97.756199 30.278801, -97.755674 30.279819, -97.754941 30.281171, -97.756043 30.282026, -97.756533 30.282424, -97.756957 30.282559, -97.757816 30.282774, -97.757308 30.284247))",45.9,710.0,139474.0,18.0,29.0,474892.8123004919,0.0014950742180337366
"POLYGON ((-97.765076 30.283839, -97.764366 30.284963, -97.763742 30.285877, -97.763301 30.285646, -97.763079 30.285534, -97.762576 30.285166, -97.762425 30.285048, -97.761979 30.284742, -97.761863 30.284676, -97.760307 30.283504, -97.759073 30.283075, -97.757816 30.282774, -97.756957 30.282559, -97.756533 30.282424, -97.756043 30.282026, -97.754941 30.281171, -97.755674 30.279819, -97.756199 30.278801, -97.756886 30.279153, -97.757222 30.279289, -97.75775 30.279563, -97.758138 30.279747, -97.758664 30.279994, -97.75912 30.280226, -97.758816 30.280701, -97.760624 30.281577, -97.761384 30.281988, -97.762465 30.282505, -97.764446 30.283452, -97.765076 30.283839))",43.8,1098.0,83942.0,0.0,81.0,259046.58124495714,0.004238619922035257
"POLYGON ((-97.785727 30.297876, -97.785703 30.297915, -97.785473 30.298303, -97.78506 30.298909, -97.784454 30.299717, -97.784053 30.300324, -97.783871 30.300643, -97.783716 30.300851, -97.783498 30.301111, -97.783101 30.30155, -97.782762 30.301916, -97.782333 30.302392, -97.782055 30.302686, -97.781326 30.303437, -97.781064 30.303729, -97.780505 30.304435, -97.779532 30.305731, -97.779153 30.306219, -97.778912 30.30663, -97.778533 30.307363, -97.778381 30.307657, -97.777884 30.308306, -97.777866 30.308351, -97.77717 30.310197, -97.775884 30.313606, -97.775084 30.313106, -97.774711 30.312863, -97.774173 30.312646, -97.773834 30.312598, -97.772927 30.312739, -97.772277 30.312908, -97.7716 30.313164, -97.771337 30.313298, -97.771128 30.313428, -97.770779 30.313707, -97.77044 30.313961, -97.770151 30.314131, -97.769822 30.314285, -97.769468 30.31441, -97.76904 30.314529, -97.768179 30.314075, -97.768068 30.314016, -97.767922 30.313943, -97.767564 30.313769, -97.767355 30.313654, -97.767277 30.313608, -97.767155 30.313537, -97.767214 30.313176, -97.767258 30.312814, -97.767328 30.312438, -97.767447 30.311689, -97.767474 30.31156, -97.767515 30.311433, -97.767551 30.311297, -97.767649 30.311055, -97.767686 30.310914, -97.767856 30.309912, -97.768154 30.310033, -97.768368 30.310107, -97.768544 30.310143, -97.768833 30.310169, -97.769098 30.310171, -97.769293 30.310159, -97.76944 30.310145, -97.76958 30.310108, -97.769697 30.310098, -97.770717 30.310184, -97.770905 30.310185, -97.770986 30.310181, -97.771103 30.310159, -97.771227 30.310114, -97.77136 30.310212, -97.771557 30.310373, -97.771824 30.310568, -97.771973 30.310685, -97.772049 30.310735, -97.772118 30.31077, -97.772168 30.310789, -97.772197 30.310789, -97.772218 30.310785, -97.772283 30.310775, -97.772335 30.310756, -97.772413 30.310709, -97.772461 30.310673, -97.772475 30.310642, -97.772475 30.310573, -97.772442 30.310352, -97.77244 30.310259, -97.772461 30.310181, -97.772518 30.310104, -97.772561 30.310024, -97.772575 30.309945, -97.772551 30.309793, -97.772499 30.309624, -97.772399 30.309437, -97.772592 30.309341, -97.772806 30.309165, -97.773001 30.308994, -97.773201 30.308794, -97.773343 30.308689, -97.773586 30.308561, -97.773985 30.308415, -97.774468 30.308253, -97.77459 30.308179, -97.774673 30.308098, -97.774761 30.307956, -97.774844 30.307872, -97.774956 30.307792, -97.775148 30.307668, -97.77536 30.30753, -97.775577 30.307374, -97.775629 30.307324, -97.775657 30.307269, -97.775662 30.307208, -97.775643 30.307115, -97.775546 30.306829, -97.775524 30.306711, -97.775548 30.306554, -97.775603 30.306382, -97.775676 30.306221, -97.77575 30.306102, -97.775883 30.306003, -97.776144 30.305862, -97.776457 30.305626, -97.776627 30.305423, -97.777031 30.30577, -97.777164 30.305841, -97.77735 30.305724, -97.778585 30.304381, -97.779446 30.303554, -97.779838 30.303324, -97.78008 30.303192, -97.780238 30.30305, -97.780376 30.302924, -97.780866 30.302384, -97.781111 30.302143, -97.781299 30.301901, -97.781433 30.301659, -97.781487 30.301506, -97.781481 30.301412, -97.781436 30.301339, -97.781315 30.301224, -97.780569 30.300898, -97.780103 30.301678, -97.779579 30.302489, -97.779085 30.302253, -97.77807 30.301758, -97.778075 30.301675, -97.776813 30.301095, -97.776157 30.300762, -97.775418 30.300418, -97.773887 30.299738, -97.774246 30.298965, -97.774796 30.298192, -97.775132 30.297239, -97.775191 30.29686, -97.775474 30.296415, -97.775934 30.295566, -97.776075 30.295148, -97.776453 30.294754, -97.776949 30.293955, -97.777411 30.293167, -97.778726 30.293776, -97.779966 30.294345, -97.781136 30.294916, -97.782297 30.295492, -97.783804 30.296127, -97.783779 30.296666, -97.783499 30.297064, -97.784184 30.297506, -97.785183 30.297505, -97.785921 30.297505, -97.785727 30.297876))",49.9,1529.0,244375.0,15.0,10.0,1245407.7119100208,0.0012277103998778421
"POLYGON ((-97.77536 30.30753, -97.775148 30.307668, -97.774956 30.307792, -97.774844 30.307872, -97.774761 30.307956, -97.774673 30.308098, -97.77459 30.308179, -97.774468 30.308253, -97.773985 30.308415, -97.773586 30.308561, -97.773343 30.308689, -97.773201 30.308794, -97.773001 30.308994, -97.772806 30.309165, -97.772592 30.309341, -97.772399 30.309437, -97.772499 30.309624, -97.772551 30.309793, -97.772575 30.309945, -97.772561 30.310024, -97.772518 30.310104, -97.772461 30.310181, -97.77244 30.310259, -97.772442 30.310352, -97.772475 30.310573, -97.772475 30.310642, -97.772461 30.310673, -97.772413 30.310709, -97.772335 30.310756, -97.772283 30.310775, -97.772218 30.310785, -97.772197 30.310789, -97.772168 30.310789, -97.772118 30.31077, -97.772049 30.310735, -97.771973 30.310685, -97.771824 30.310568, -97.771557 30.310373, -97.77136 30.310212, -97.771227 30.310114, -97.771103 30.310159, -97.770986 30.310181, -97.770905 30.310185, -97.770717 30.310184, -97.769697 30.310098, -97.76958 30.310108, -97.76944 30.310145, -97.769293 30.310159, -97.769098 30.310171, -97.768833 30.310169, -97.768544 30.310143, -97.768368 30.310107, -97.768154 30.310033, -97.767856 30.309912, -97.767686 30.310914, -97.767649 30.311055, -97.767551 30.311297, -97.767515 30.311433, -97.767474 30.31156, -97.767447 30.311689, -97.767328 30.312438, -97.767258 30.312814, -97.767214 30.313176, -97.767155 30.313537, -97.766116 30.312986, -97.766002 30.312923, -97.764822 30.312239, -97.764229 30.311853, -97.763975 30.311579, -97.763122 30.3108, -97.762674 30.31048, -97.762845 30.30935, -97.762914 30.308807, -97.763032 30.308276, -97.763397 30.307529, -97.763601 30.307195, -97.763932 30.306843, -97.764203 30.306524, -97.764686 30.305836, -97.764812 30.305681, -97.764864 30.305562, -97.764902 30.305338, -97.765782 30.305738, -97.766044 30.305866, -97.766182 30.305995, -97.76631 30.306085, -97.766396 30.306109, -97.766534 30.306118, -97.766691 30.306099, -97.766943 30.306042, -97.767105 30.306023, -97.767355 30.306034, -97.767569 30.306096, -97.767759 30.306219, -97.767897 30.306353, -97.767987 30.306476, -97.76804 30.3066, -97.768092 30.306709, -97.768351 30.30696, -97.768616 30.30712, -97.768969 30.307333, -97.769243 30.307109, -97.769429 30.306909, -97.769581 30.306676, -97.769871 30.305944, -97.770183 30.305971, -97.770561 30.30586, -97.770891 30.305828, -97.771215 30.305923, -97.772712 30.306687, -97.77275 30.306699, -97.773032 30.306782, -97.77312 30.306781, -97.773313 30.30674, -97.773525 30.306687, -97.773717 30.306672, -97.773981 30.306696, -97.774674 30.306751, -97.774744 30.306774, -97.774986 30.306851, -97.775311 30.307039, -97.775577 30.307374, -97.77536 30.30753))",51.6,583.0,134712.0,0.0,16.0,552385.5126043543,0.0010554223213626772
"POLYGON ((-97.627875 30.48527, -97.627807 30.485313, -97.627544 30.485459, -97.627003 30.485758, -97.624834 30.486962, -97.624728 30.487021, -97.624592 30.487096, -97.624516 30.487138, -97.624334 30.487098, -97.624271 30.487081, -97.623814 30.486959, -97.622526 30.486637, -97.620573 30.4861, -97.619963 30.485782, -97.618794 30.48522, -97.617642 30.484627, -97.617213 30.484409, -97.614987 30.483311, -97.614534 30.483137, -97.6141 30.482966, -97.614774 30.481965, -97.615321 30.481144, -97.615728 30.480427, -97.617289 30.477871, -97.618515 30.4759, -97.619104 30.474954, -97.619193 30.474811, -97.619482 30.474347, -97.620973 30.472027, -97.621046 30.471913, -97.621115 30.471806, -97.621953 30.473291, -97.621999 30.473423, -97.622364 30.474183, -97.622675 30.474846, -97.622745 30.474969, -97.622793 30.475065, -97.62284 30.475187, -97.622949 30.475397, -97.623184 30.475904, -97.623281 30.47609, -97.623456 30.476478, -97.62354 30.476643, -97.623852 30.47732, -97.624327 30.478306, -97.624417 30.478505, -97.624848 30.479423, -97.624942 30.479614, -97.625212 30.480195, -97.625362 30.480481, -97.625444 30.480662, -97.625554 30.480639, -97.625746 30.481, -97.625827 30.481151, -97.626722 30.483134, -97.627391 30.484847, -97.627864 30.4849, -97.628008 30.485236, -97.627875 30.48527))",31.9,878.0,152143.0,22.0,0.0,1105348.2348158648,0.0007943198101241481
"POLYGON ((-97.832324 30.12975, -97.832271 30.130544, -97.832114 30.131479, -97.831948 30.132084, -97.831807 30.133046, -97.831465 30.134432, -97.831185 30.13557, -97.830755 30.137316, -97.830095 30.140147, -97.82999 30.140571, -97.829503 30.140579, -97.828528 30.14058, -97.827696 30.140598, -97.82588 30.140605, -97.824853 30.140614, -97.824044 30.14063, -97.823639 30.140658, -97.823232 30.140695, -97.822975 30.140761, -97.822114 30.140983, -97.820681 30.141415, -97.818962 30.141868, -97.818894 30.141878, -97.818558 30.141897, -97.817828 30.141994, -97.81551 30.142039, -97.814337 30.141898, -97.81363 30.141999, -97.813344 30.14206, -97.813191 30.142175, -97.813009 30.142301, -97.812733 30.142529, -97.8115 30.144004, -97.811183 30.144374, -97.810821 30.144614, -97.81042 30.144796, -97.80966 30.144869, -97.808562 30.144581, -97.808494 30.144564, -97.808239 30.1445, -97.807749 30.144378, -97.807457 30.144305, -97.806982 30.144186, -97.806849 30.144153, -97.805736 30.143876, -97.804799 30.143662, -97.801555 30.142828, -97.799585 30.141888, -97.797164 30.140734, -97.796603 30.140466, -97.796363 30.140352, -97.796142 30.140204, -97.796087 30.140167, -97.795906 30.14006, -97.796033 30.139741, -97.796177 30.139377, -97.796409 30.138775, -97.796756 30.137873, -97.797112 30.136978, -97.797133 30.136926, -97.797731 30.13541, -97.797838 30.135438, -97.797907 30.135455, -97.797937 30.135463, -97.797997 30.135477, -97.798072 30.135498, -97.798242 30.135536, -97.798294 30.135556, -97.798346 30.135583, -97.79844 30.135629, -97.798877 30.135731, -97.799312 30.135661, -97.800125 30.13553, -97.801217 30.135327, -97.801707 30.135236, -97.802505 30.135047, -97.803448 30.134823, -97.804378 30.134499, -97.805238 30.1341, -97.805843 30.1336, -97.80667 30.133015, -97.806736 30.132969, -97.806867 30.132922, -97.807076 30.132848, -97.807538 30.132633, -97.807715 30.132593, -97.808296 30.132693, -97.808893 30.132857, -97.809956 30.133201, -97.810211 30.133235, -97.81038 30.133247, -97.810406 30.133248, -97.810442 30.13325, -97.810546 30.133253, -97.810883 30.133262, -97.81104 30.133254, -97.81123 30.133224, -97.811393 30.133212, -97.812036 30.133229, -97.812572 30.133265, -97.812786 30.133286, -97.813028 30.133326, -97.813182 30.133357, -97.813333 30.133379, -97.813564 30.133393, -97.813819 30.133396, -97.813993 30.133404, -97.814068 30.133417, -97.814161 30.133445, -97.814266 30.133487, -97.814371 30.13352, -97.814564 30.133567, -97.814665 30.133579, -97.814936 30.133588, -97.815028 30.133583, -97.815098 30.133571, -97.815386 30.133487, -97.815522 30.133441, -97.815617 30.133383, -97.815681 30.133373, -97.815702 30.133366, -97.815784 30.133316, -97.815893 30.133231, -97.815962 30.133185, -97.816023 30.133158, -97.816081 30.133165, -97.816105 30.133155, -97.816171 30.133094, -97.816385 30.132972, -97.816431 30.132935, -97.816453 30.132905, -97.816465 30.132863, -97.816503 30.132398, -97.816516 30.13233, -97.816548 30.132236, -97.816592 30.13213, -97.816639 30.132047, -97.81675 30.131898, -97.816872 30.131754, -97.816959 30.131672, -97.817113 30.131562, -97.817228 30.131495, -97.817274 30.131456, -97.817495 30.131216, -97.817603 30.131112, -97.817728 30.131016, -97.817809 30.130967, -97.8179 30.130937, -97.818092 30.130816, -97.818169 30.130719, -97.818268 30.13056, -97.818342 30.130455, -97.818423 30.130321, -97.818517 30.130184, -97.818631 30.129991, -97.818695 30.129876, -97.818814 30.129646, -97.818958 30.129419, -97.819077 30.129175, -97.819143 30.129064, -97.819205 30.128982, -97.819273 30.128914, -97.819361 30.128845, -97.819569 30.128708, -97.819754 30.128563, -97.819847 30.128479, -97.820032 30.128302, -97.82017 30.128181, -97.820308 30.128028, -97.820451 30.127911, -97.820564 30.127807, -97.820635 30.127855, -97.820672 30.127873, -97.820712 30.127867, -97.820902 30.127791, -97.821016 30.127762, -97.821092 30.127735, -97.821217 30.127674, -97.821455 30.127594, -97.821594 30.127562, -97.821662 30.127539, -97.821807 30.127466, -97.82197 30.127401, -97.822053 30.127378, -97.822091 30.127369, -97.822216 30.127341, -97.822361 30.127301, -97.82245 30.127281, -97.822589 30.127278, -97.822773 30.127293, -97.823208 30.127282, -97.823497 30.127295, -97.823634 30.127296, -97.823866 30.127279, -97.824065 30.12727, -97.82418 30.127261, -97.824337 30.127233, -97.824589 30.127218, -97.824775 30.127216, -97.824819 30.127212, -97.824913 30.127195, -97.825006 30.127167, -97.825051 30.127144, -97.825081 30.127116, -97.82512 30.127022, -97.825163 30.126975, -97.825214 30.126939, -97.825296 30.126905, -97.825415 30.126871, -97.825569 30.126843, -97.826097 30.12677, -97.826284 30.126731, -97.826759 30.126683, -97.827118 30.126609, -97.8273 30.126549, -97.827556 30.126471, -97.827749 30.126419, -97.827895 30.126395, -97.828419 30.126351, -97.828671 30.126345, -97.828944 30.126348, -97.829102 30.126357, -97.829168 30.126367, -97.829254 30.126388, -97.829425 30.126463, -97.829628 30.126524, -97.829867 30.126575, -97.830414 30.126626, -97.830783 30.126633, -97.830909 30.126642, -97.831294 30.126701, -97.831383 30.126724, -97.831475 30.126759, -97.831541 30.126794, -97.831641 30.126862, -97.831729 30.126943, -97.831783 30.126978, -97.831832 30.126993, -97.831917 30.126999, -97.83207 30.12699, -97.832176 30.12699, -97.832213 30.126991, -97.832259 30.126995, -97.832294 30.128955, -97.832324 30.12975))",36.6,1909.0,74669.0,53.0,16.0,4005755.8113851477,0.00047656424652103
"POLYGON ((-97.806866 30.112482, -97.806264 30.113927, -97.806149 30.114214, -97.805999 30.114593, -97.805591 30.115573, -97.804351 30.118627, -97.804192 30.119026, -97.804027 30.119439, -97.803716 30.12022, -97.802772 30.12261, -97.801494 30.125847, -97.801408 30.126068, -97.801224 30.126532, -97.801018 30.127058, -97.800543 30.128259, -97.799937 30.129802, -97.799724 30.130341, -97.798909 30.132411, -97.798424 30.133648, -97.798111 30.134443, -97.797731 30.13541, -97.797133 30.136926, -97.797112 30.136978, -97.796756 30.137873, -97.796409 30.138775, -97.796177 30.139377, -97.796033 30.139741, -97.79592 30.139683, -97.795892 30.139657, -97.795825 30.139582, -97.795215 30.139405, -97.795002 30.139384, -97.794779 30.139396, -97.794528 30.139474, -97.794221 30.139781, -97.793946 30.139957, -97.793238 30.140125, -97.793295 30.140764, -97.793078 30.141301, -97.793055 30.141359, -97.792564 30.141819, -97.792028 30.142276, -97.791518 30.142305, -97.790699 30.142035, -97.790243 30.142021, -97.789909 30.142105, -97.789663 30.142358, -97.788726 30.143148, -97.788213 30.142786, -97.787978 30.142704, -97.787788 30.14267, -97.787554 30.142688, -97.787329 30.142821, -97.786929 30.143217, -97.78624 30.1438, -97.78536 30.144201, -97.784422 30.144586, -97.783217 30.144821, -97.782622 30.145252, -97.78214 30.145333, -97.782099 30.145024, -97.781936 30.144652, -97.781722 30.144304, -97.781661 30.144316, -97.781126 30.144394, -97.780766 30.144463, -97.780617 30.144498, -97.780544 30.144516, -97.780064 30.144601, -97.779372 30.14471, -97.778904 30.144777, -97.778656 30.14483, -97.778534 30.144846, -97.778417 30.144852, -97.778223 30.144848, -97.777961 30.144812, -97.777993 30.14475, -97.778152 30.144448, -97.778216 30.144328, -97.778382 30.144108, -97.778325 30.143857, -97.777579 30.143768, -97.777267 30.143558, -97.777229 30.143344, -97.777291 30.142659, -97.777313 30.142407, -97.777318 30.14209, -97.777207 30.141736, -97.777183 30.141658, -97.777098 30.141387, -97.77656 30.141063, -97.776014 30.141183, -97.775783 30.141107, -97.775674 30.141084, -97.775441 30.141066, -97.775365 30.14105, -97.775327 30.141029, -97.7753 30.141, -97.775286 30.140962, -97.77528 30.140896, -97.775291 30.140748, -97.775313 30.140574, -97.775344 30.140476, -97.775422 30.140313, -97.775502 30.140174, -97.775525 30.140103, -97.775528 30.140067, -97.775521 30.139997, -97.775488 30.139877, -97.77544 30.139763, -97.775424 30.139719, -97.775381 30.13955, -97.775351 30.139395, -97.775284 30.13921, -97.775276 30.139163, -97.775282 30.139124, -97.775416 30.138771, -97.775421 30.138749, -97.775414 30.138711, -97.775394 30.138674, -97.77535 30.138629, -97.775267 30.138576, -97.775116 30.138511, -97.774747 30.13842, -97.774658 30.138391, -97.774615 30.138381, -97.774557 30.138382, -97.774498 30.138378, -97.774463 30.138378, -97.774373 30.13835, -97.774287 30.138308, -97.773803 30.138012, -97.773617 30.137864, -97.773703 30.137706, -97.77453 30.136394, -97.775079 30.135522, -97.775421 30.134974, -97.77744 30.131744, -97.778719 30.129695, -97.778752 30.129636, -97.778805 30.12954, -97.778842 30.129415, -97.778844 30.12935, -97.778808 30.129134, -97.778731 30.128929, -97.778607 30.128821, -97.777825 30.12839, -97.777282 30.128126, -97.776987 30.127982, -97.775625 30.127318, -97.775376 30.127107, -97.775277 30.126909, -97.775241 30.126612, -97.775352 30.126336, -97.777405 30.122919, -97.777431 30.122876, -97.778077 30.121848, -97.780479 30.118031, -97.780663 30.117726, -97.781497 30.116347, -97.78181 30.11583, -97.782211 30.115384, -97.784223 30.113736, -97.784446 30.113553, -97.785152 30.112901, -97.78529 30.112775, -97.78612 30.112764, -97.791966 30.112681, -97.792115 30.112679, -97.792558 30.112674, -97.794153 30.112652, -97.798613 30.112591, -97.799116 30.112585, -97.802908 30.112532, -97.803584 30.112522, -97.803644 30.112521, -97.805637 30.112493, -97.806214 30.112472, -97.806618 30.11247, -97.806848 30.11247, -97.806871 30.11247, -97.806866 30.112482))",61.6,1649.0,104975.0,81.0,8.0,7456496.046873928,0.0002211494500411261
"POLYGON ((-97.793619 30.141939, -97.792216 30.144177, -97.789578 30.142978, -97.787142 30.146982, -97.786923 30.147343, -97.786945 30.148212, -97.786442 30.148452, -97.786085 30.148601, -97.786083 30.148619, -97.786058 30.148637, -97.785988 30.148666, -97.785929 30.148678, -97.785384 30.148736, -97.785221 30.148776, -97.785174 30.148783, -97.785092 30.148792, -97.784921 30.148785, -97.784819 30.148786, -97.784601 30.148761, -97.78454 30.14876, -97.784478 30.148766, -97.784119 30.148827, -97.783891 30.148844, -97.783756 30.148846, -97.783686 30.14884, -97.783626 30.148825, -97.783568 30.148793, -97.783517 30.148717, -97.783497 30.148669, -97.783476 30.148651, -97.783429 30.148634, -97.783226 30.14861, -97.783145 30.148608, -97.782982 30.148621, -97.782859 30.148641, -97.782813 30.148654, -97.782677 30.148704, -97.782388 30.148768, -97.782313 30.148775, -97.781998 30.148764, -97.781877 30.148766, -97.781775 30.148784, -97.781672 30.148813, -97.781518 30.148874, -97.781364 30.148947, -97.781258 30.149015, -97.781149 30.149107, -97.781053 30.149204, -97.781016 30.14925, -97.780998 30.149272, -97.780948 30.149348, -97.780913 30.14942, -97.78089 30.149495, -97.78088 30.149581, -97.780885 30.149653, -97.780923 30.149803, -97.780944 30.149926, -97.780941 30.150003, -97.780923 30.150122, -97.780877 30.15057, -97.780877 30.150772, -97.780887 30.150852, -97.780912 30.150915, -97.780978 30.150998, -97.781201 30.15124, -97.781337 30.151366, -97.781448 30.151483, -97.781494 30.151548, -97.781532 30.151628, -97.781545 30.15168, -97.781546 30.151739, -97.781542 30.151785, -97.781519 30.15188, -97.781493 30.151939, -97.781453 30.151999, -97.781401 30.152061, -97.781229 30.152206, -97.781098 30.152305, -97.78102 30.152372, -97.78088 30.15247, -97.780841 30.152507, -97.780662 30.152762, -97.780647 30.152808, -97.780614 30.153009, -97.780477 30.153377, -97.780441 30.153383, -97.780461 30.153495, -97.78058 30.154174, -97.780376 30.155037, -97.780366 30.155127, -97.780306 30.15534, -97.780241 30.155541, -97.780228 30.155617, -97.780223 30.155723, -97.780238 30.155891, -97.780236 30.155914, -97.780218 30.156025, -97.780185 30.15615, -97.780145 30.15626, -97.780098 30.156354, -97.780034 30.15645, -97.779892 30.156633, -97.779818 30.156704, -97.779622 30.156843, -97.779458 30.156952, -97.779365 30.157013, -97.779207 30.157103, -97.779057 30.15717, -97.778756 30.15728, -97.778575 30.157357, -97.778492 30.157384, -97.778417 30.157398, -97.778328 30.157396, -97.778229 30.157382, -97.778104 30.157356, -97.778015 30.157347, -97.777944 30.157353, -97.777909 30.157367, -97.777875 30.157392, -97.777814 30.157448, -97.777772 30.157473, -97.777699 30.157496, -97.777636 30.157506, -97.777496 30.157498, -97.777411 30.157502, -97.77727 30.157526, -97.777066 30.157593, -97.776979 30.15761, -97.77688 30.157616, -97.776763 30.157597, -97.776706 30.157597, -97.776618 30.157611, -97.77655 30.157631, -97.776421 30.157711, -97.776376 30.157727, -97.776303 30.157741, -97.776233 30.157744, -97.776104 30.157726, -97.775856 30.157678, -97.77578 30.157656, -97.775507 30.157547, -97.775444 30.157521, -97.775281 30.157455, -97.775094 30.157379, -97.77492 30.157313, -97.774791 30.157282, -97.774707 30.157271, -97.774411 30.157262, -97.774209 30.157263, -97.774048 30.157247, -97.773917 30.157221, -97.773794 30.157183, -97.773728 30.157171, -97.773191 30.157147, -97.772928 30.157147, -97.772762 30.157157, -97.772585 30.157179, -97.772381 30.157181, -97.772182 30.157174, -97.772 30.157181, -97.771934 30.1572, -97.771766 30.157315, -97.771436 30.157555, -97.771314 30.157608, -97.771271 30.157642, -97.771238 30.157691, -97.771213 30.157762, -97.771132 30.158219, -97.771103 30.158338, -97.771076 30.1584, -97.771014 30.1585, -97.770908 30.158636, -97.770787 30.158763, -97.77072 30.158818, -97.770533 30.158941, -97.770405 30.159032, -97.770068 30.159201, -97.770012 30.159224, -97.769652 30.15934, -97.769627 30.159347, -97.769622 30.159189, -97.769474 30.158532, -97.76932 30.15785, -97.769245 30.157518, -97.76866 30.156167, -97.767149 30.153362, -97.76696 30.153011, -97.766645 30.152449, -97.766562 30.152299, -97.766457 30.152111, -97.76623 30.151702, -97.765859 30.151036, -97.765762 30.150773, -97.765845 30.150502, -97.766397 30.149677, -97.76731 30.148318, -97.767394 30.147981, -97.766393 30.146098, -97.766202 30.145738, -97.765939 30.145243, -97.767568 30.144424, -97.768359 30.144028, -97.769561 30.143426, -97.770053 30.14318, -97.770377 30.142811, -97.771536 30.141491, -97.771987 30.140834, -97.772363 30.140146, -97.773351 30.138348, -97.773617 30.137864, -97.773803 30.138012, -97.774287 30.138308, -97.774373 30.13835, -97.774463 30.138378, -97.774498 30.138378, -97.774557 30.138382, -97.774615 30.138381, -97.774658 30.138391, -97.774747 30.13842, -97.775116 30.138511, -97.775267 30.138576, -97.77535 30.138629, -97.775394 30.138674, -97.775414 30.138711, -97.775421 30.138749, -97.775416 30.138771, -97.775282 30.139124, -97.775276 30.139163, -97.775284 30.13921, -97.775351 30.139395, -97.775381 30.13955, -97.775424 30.139719, -97.77544 30.139763, -97.775488 30.139877, -97.775521 30.139997, -97.775528 30.140067, -97.775525 30.140103, -97.775502 30.140174, -97.775422 30.140313, -97.775344 30.140476, -97.775313 30.140574, -97.775291 30.140748, -97.77528 30.140896, -97.775286 30.140962, -97.7753 30.141, -97.775327 30.141029, -97.775365 30.14105, -97.775441 30.141066, -97.775674 30.141084, -97.775783 30.141107, -97.776014 30.141183, -97.77656 30.141063, -97.777098 30.141387, -97.777183 30.141658, -97.777207 30.141736, -97.777318 30.14209, -97.777313 30.142407, -97.777291 30.142659, -97.777229 30.143344, -97.777267 30.143558, -97.777579 30.143768, -97.778325 30.143857, -97.778382 30.144108, -97.778216 30.144328, -97.778152 30.144448, -97.777993 30.14475, -97.777961 30.144812, -97.778223 30.144848, -97.778417 30.144852, -97.778534 30.144846, -97.778656 30.14483, -97.778904 30.144777, -97.779372 30.14471, -97.780064 30.144601, -97.780544 30.144516, -97.780617 30.144498, -97.780766 30.144463, -97.781126 30.144394, -97.781661 30.144316, -97.781722 30.144304, -97.781936 30.144652, -97.782099 30.145024, -97.78214 30.145333, -97.782622 30.145252, -97.783217 30.144821, -97.784422 30.144586, -97.78536 30.144201, -97.78624 30.1438, -97.786929 30.143217, -97.787329 30.142821, -97.787554 30.142688, -97.787788 30.14267, -97.787978 30.142704, -97.788213 30.142786, -97.788726 30.143148, -97.789663 30.142358, -97.789909 30.142105, -97.790243 30.142021, -97.790699 30.142035, -97.791518 30.142305, -97.792028 30.142276, -97.792564 30.141819, -97.793055 30.141359, -97.793078 30.141301, -97.793186 30.141342, -97.793222 30.141409, -97.793248 30.141473, -97.793424 30.141729, -97.793619 30.141939))",40.0,2959.0,108021.0,98.0,24.0,2648161.7037405903,0.0011173788956393197
"POLYGON ((-97.769245 30.157518, -97.767168 30.158194, -97.766633 30.158279, -97.764547 30.157528, -97.762548 30.156709, -97.762128 30.156649, -97.762109 30.156646, -97.761748 30.156941, -97.759954 30.159729, -97.75972 30.159843, -97.759307 30.159846, -97.756821 30.158676, -97.75643 30.158604, -97.752724 30.157905, -97.752392 30.157831, -97.752177 30.158072, -97.751715 30.15886, -97.751505 30.159218, -97.750961 30.160165, -97.750913 30.160249, -97.750579 30.160495, -97.750179 30.160532, -97.749405 30.160132, -97.748163 30.15949, -97.747224 30.159071, -97.746055 30.158489, -97.74533 30.158152, -97.74509 30.158041, -97.744411 30.157843, -97.744265 30.157812, -97.744072 30.157764, -97.743877 30.157741, -97.743663 30.157687, -97.743706 30.157214, -97.743711 30.156943, -97.743692 30.1567, -97.743638 30.156466, -97.743592 30.15632, -97.743576 30.155812, -97.744074 30.154942, -97.744144 30.154843, -97.744616 30.154045, -97.745489 30.15269, -97.74629 30.15304, -97.74641 30.153095, -97.74676 30.153254, -97.746989 30.153357, -97.747081 30.153399, -97.747908 30.153777, -97.749043 30.151958, -97.74947 30.151232, -97.74948 30.151215, -97.749912 30.150513, -97.747524 30.149419, -97.74744 30.149393, -97.747292 30.149351, -97.747226 30.149331, -97.747169 30.149315, -97.747087 30.149293, -97.746749 30.149251, -97.746497 30.149219, -97.74665 30.148771, -97.745737 30.148557, -97.74555 30.148506, -97.74538 30.148452, -97.743845 30.147765, -97.742839 30.147303, -97.742608 30.147195, -97.742382 30.147122, -97.742046 30.147042, -97.741539 30.146976, -97.74111 30.148632, -97.741081 30.148755, -97.741033 30.148989, -97.74098 30.149261, -97.740946 30.149414, -97.740936 30.149461, -97.740923 30.149507, -97.74089 30.149591, -97.74087 30.149638, -97.740849 30.14969, -97.740828 30.149741, -97.740804 30.149791, -97.740757 30.149891, -97.740734 30.149935, -97.740712 30.149979, -97.740693 30.150021, -97.740594 30.150183, -97.740564 30.150231, -97.740499 30.150329, -97.740462 30.150383, -97.740423 30.15044, -97.740384 30.150501, -97.740303 30.150626, -97.74026 30.150691, -97.740246 30.150714, -97.740216 30.150759, -97.740169 30.150827, -97.740075 30.150965, -97.740026 30.151035, -97.739978 30.151103, -97.739932 30.151169, -97.7398 30.151359, -97.739758 30.151418, -97.739718 30.151476, -97.739599 30.151648, -97.739589 30.151662, -97.739563 30.151708, -97.739527 30.151768, -97.739445 30.151907, -97.739382 30.152009, -97.73935 30.152104, -97.739292 30.152278, -97.739114 30.152559, -97.738885 30.152923, -97.738485 30.153586, -97.738319 30.153503, -97.73812 30.153433, -97.738035 30.153412, -97.737835 30.153383, -97.737721 30.153381, -97.737557 30.153394, -97.737385 30.153432, -97.737302 30.153458, -97.737199 30.1535, -97.737155 30.153521, -97.73705 30.153582, -97.736962 30.153646, -97.736848 30.153748, -97.736476 30.154379, -97.736181 30.154791, -97.736018 30.155019, -97.735285 30.154632, -97.735223 30.154599, -97.734706 30.154016, -97.7345 30.153796, -97.733507 30.152682, -97.733099 30.152181, -97.732069 30.150916, -97.731684 30.150454, -97.731582 30.150505, -97.731406 30.149994, -97.730357 30.146215, -97.72929 30.14247, -97.729405 30.142082, -97.73095 30.139653, -97.731405 30.13894, -97.731959 30.13807, -97.732518 30.137192, -97.733015 30.136415, -97.733064 30.136341, -97.733254 30.136044, -97.733656 30.135417, -97.735061 30.133225, -97.735213 30.132988, -97.735916 30.131895, -97.738244 30.128265, -97.74022 30.125184, -97.740876 30.124162, -97.74159 30.123049, -97.741942 30.122501, -97.744289 30.118844, -97.744705 30.118195, -97.744946 30.118004, -97.74527 30.117739, -97.746118 30.116459, -97.7469 30.11528, -97.747824 30.113962, -97.748266 30.113685, -97.748615 30.113559, -97.74878 30.1135, -97.748844 30.113399, -97.748881 30.113426, -97.748893 30.113452, -97.748963 30.113527, -97.749213 30.113724, -97.749266 30.11378, -97.749478 30.11404, -97.749631 30.114207, -97.749679 30.114246, -97.749727 30.114272, -97.749816 30.114311, -97.749977 30.114392, -97.750568 30.114828, -97.750639 30.114885, -97.750762 30.114994, -97.75096 30.115209, -97.751059 30.1153, -97.751135 30.115358, -97.751185 30.115388, -97.751271 30.11542, -97.751332 30.115433, -97.751399 30.11544, -97.751346 30.115556, -97.751321 30.115626, -97.751312 30.115689, -97.751319 30.115855, -97.75134 30.116047, -97.751333 30.116369, -97.751341 30.116447, -97.751358 30.116473, -97.751409 30.116509, -97.751478 30.116537, -97.751603 30.116551, -97.751675 30.116579, -97.751732 30.11662, -97.751755 30.116657, -97.751759 30.116704, -97.751752 30.116807, -97.751776 30.117029, -97.751774 30.117144, -97.751758 30.11721, -97.751726 30.117302, -97.75172 30.117367, -97.751728 30.117431, -97.751751 30.117488, -97.751772 30.117519, -97.751846 30.117607, -97.751873 30.117664, -97.751881 30.11772, -97.751871 30.117763, -97.751844 30.117807, -97.751806 30.117848, -97.751717 30.11793, -97.751655 30.118019, -97.751633 30.118067, -97.751624 30.118126, -97.751634 30.118216, -97.751653 30.118289, -97.751777 30.118581, -97.751815 30.118698, -97.75182 30.118766, -97.752646 30.119554, -97.752888 30.120013, -97.75276 30.120324, -97.751853 30.12178, -97.751816 30.122027, -97.753071 30.124451, -97.753551 30.125411, -97.754059 30.12616, -97.755323 30.128078, -97.755642 30.128551, -97.755814 30.128977, -97.755736 30.129197, -97.754975 30.130406, -97.754467 30.131223, -97.753706 30.132406, -97.75362 30.132587, -97.753629 30.132724, -97.753647 30.132761, -97.753676 30.132819, -97.753753 30.132892, -97.753848 30.132952, -97.755181 30.133584, -97.756794 30.134354, -97.756923 30.134419, -97.756973 30.134444, -97.758504 30.135995, -97.758897 30.136475, -97.759411 30.137102, -97.760594 30.138548, -97.762873 30.141331, -97.763078 30.141581, -97.763937 30.14263, -97.764562 30.143393, -97.764719 30.143584, -97.76542 30.14444, -97.765536 30.14462, -97.765939 30.145243, -97.766202 30.145738, -97.766393 30.146098, -97.767394 30.147981, -97.76731 30.148318, -97.766397 30.149677, -97.765845 30.150502, -97.765762 30.150773, -97.765859 30.151036, -97.76623 30.151702, -97.766457 30.152111, -97.766562 30.152299, -97.766645 30.152449, -97.76696 30.153011, -97.767149 30.153362, -97.76866 30.156167, -97.769245 30.157518))",30.2,4994.0,61599.0,58.0,0.0,10136833.14936966,0.0004926587945576022
"POLYGON ((-97.763555 30.176849, -97.763361 30.177433, -97.763054 30.178249, -97.762872 30.178777, -97.762837 30.178878, -97.762827 30.178907, -97.762783 30.179059, -97.762761 30.179943, -97.762674 30.180381, -97.762489 30.180691, -97.761636 30.180446, -97.760728 30.180232, -97.759819 30.180032, -97.758851 30.17979, -97.758036 30.179468, -97.757223 30.179015, -97.757076 30.17894, -97.75702 30.178912, -97.756022 30.178406, -97.755227 30.178028, -97.754993 30.177917, -97.754794 30.178206, -97.754729 30.178302, -97.754591 30.178524, -97.754065 30.17875, -97.753468 30.179, -97.752445 30.179356, -97.751675 30.179643, -97.751228 30.179777, -97.750796 30.180076, -97.750518 30.180423, -97.75029 30.180887, -97.750229 30.181012, -97.750153 30.180986, -97.748932 30.180486, -97.748871 30.180463, -97.748815 30.180436, -97.748744 30.180404, -97.748692 30.180387, -97.748625 30.180353, -97.748239 30.180195, -97.747991 30.180104, -97.747667 30.180016, -97.747379 30.179944, -97.747189 30.179884, -97.74697 30.179772, -97.746953 30.179762, -97.746815 30.1797, -97.746833 30.179647, -97.746845 30.17957, -97.746897 30.179238, -97.747043 30.178774, -97.747309 30.178215, -97.747345 30.178162, -97.747461 30.177987, -97.747763 30.177685, -97.748168 30.177281, -97.748233 30.177223, -97.748282 30.177166, -97.748782 30.176642, -97.749324 30.176121, -97.749388 30.176082, -97.749425 30.176025, -97.749995 30.175478, -97.751123 30.173802, -97.751399 30.173392, -97.75146 30.173313, -97.751491 30.173261, -97.752166 30.172225, -97.752197 30.172172, -97.752342 30.172221, -97.752809 30.17238, -97.753262 30.172524, -97.753774 30.172686, -97.754159 30.172861, -97.754348 30.173074, -97.754812 30.173356, -97.755195 30.173589, -97.756091 30.173563, -97.756037 30.174049, -97.759029 30.17481, -97.759434 30.174766, -97.759728 30.174981, -97.760305 30.175187, -97.762372 30.175711, -97.762747 30.17568, -97.763173 30.176013, -97.763751 30.176258, -97.763555 30.176849))",36.7,2164.0,104207.0,0.0,27.0,856701.4566731248,0.0025259674570924373
"POLYGON ((-97.531787 30.369378, -97.531742 30.369787, -97.53169 30.370486, -97.53168 30.370622, -97.531645 30.370894, -97.531637 30.370955, -97.531592 30.371217, -97.531554 30.37137, -97.531359 30.371976, -97.5313 30.372144, -97.531147 30.372493, -97.53103 30.372725, -97.530866 30.373015, -97.530695 30.373289, -97.529982 30.374415, -97.52994 30.374482, -97.529119 30.375769, -97.527823 30.377716, -97.525835 30.380902, -97.525496 30.381406, -97.524164 30.383388, -97.52306 30.385028, -97.522993 30.385878, -97.522919 30.386139, -97.522783 30.386757, -97.522731 30.387088, -97.522703 30.387551, -97.522697 30.387973, -97.522697 30.388424, -97.52272 30.388698, -97.522811 30.38936, -97.52292 30.390142, -97.522954 30.390496, -97.522977 30.390787, -97.522982 30.391301, -97.522965 30.391627, -97.522914 30.392043, -97.522783 30.392745, -97.522646 30.393259, -97.522451 30.393767, -97.522217 30.394275, -97.521989 30.394721, -97.521662 30.395237, -97.520232 30.397455, -97.520187 30.397526, -97.520047 30.397743, -97.520011 30.397799, -97.519935 30.397918, -97.519726 30.398301, -97.519375 30.398846, -97.518865 30.399677, -97.518019 30.40106, -97.517252 30.402239, -97.516546 30.403345, -97.516368 30.403625, -97.515206 30.405477, -97.514676 30.406326, -97.513544 30.408071, -97.513031 30.408881, -97.512818 30.408773, -97.51133 30.408058, -97.50639 30.405684, -97.505703 30.405353, -97.505079 30.405054, -97.502255 30.403669, -97.501891 30.403516, -97.501675 30.403463, -97.501479 30.403469, -97.5013 30.403511, -97.501131 30.403585, -97.500934 30.403738, -97.500782 30.40396, -97.499898 30.405403, -97.490824 30.401144, -97.490139 30.400825, -97.489297 30.40042, -97.489234 30.400376, -97.489177 30.400326, -97.48914 30.400268, -97.48913 30.400234, -97.489118 30.400185, -97.489117 30.400123, -97.489145 30.400038, -97.489169 30.399983, -97.489237 30.399879, -97.49092 30.397272, -97.490983 30.397149, -97.490991 30.39711, -97.491001 30.397051, -97.490988 30.396997, -97.490961 30.396926, -97.490888 30.396839, -97.48984 30.396347, -97.489673 30.39625, -97.48945 30.39605, -97.489206 30.395826, -97.488883 30.395534, -97.488814 30.395482, -97.488301 30.395211, -97.487797 30.394956, -97.48534 30.393765, -97.483966 30.393107, -97.482323 30.392332, -97.481098 30.391755, -97.480113 30.391281, -97.479139 30.390806, -97.477061 30.389803, -97.47694 30.389753, -97.47686 30.389728, -97.476769 30.38971, -97.476688 30.389716, -97.476618 30.389727, -97.476558 30.389745, -97.476499 30.389774, -97.476434 30.38982, -97.476402 30.389845, -97.476342 30.389905, -97.476208 30.390094, -97.476088 30.390273, -97.475824 30.390299, -97.475779 30.390268, -97.475747 30.390231, -97.475607 30.390136, -97.47533 30.389991, -97.474149 30.389426, -97.470495 30.38771, -97.464847 30.385048, -97.464527 30.384885, -97.464428 30.384813, -97.464368 30.384745, -97.464313 30.384665, -97.464276 30.384559, -97.464271 30.384454, -97.464285 30.384354, -97.464316 30.384246, -97.46437 30.384123, -97.464984 30.383127, -97.465315 30.382613, -97.465819 30.381866, -97.466142 30.381351, -97.466194 30.381229, -97.466225 30.381124, -97.466248 30.381003, -97.466229 30.380886, -97.466185 30.380801, -97.466391 30.380649, -97.466534 30.380524, -97.466714 30.380341, -97.466871 30.380153, -97.467222 30.379642, -97.467784 30.37874, -97.468686 30.37731, -97.469037 30.376762, -97.469753 30.375663, -97.470533 30.374422, -97.470577 30.374356, -97.471009 30.373714, -97.471809 30.372439, -97.472254 30.371733, -97.473653 30.369561, -97.473994 30.36905, -97.47677 30.364912, -97.477301 30.36421, -97.478077 30.363204, -97.478233 30.362971, -97.47894 30.361912, -97.479029 30.361779, -97.482035 30.357148, -97.48235 30.356664, -97.482662 30.35657, -97.48285 30.356479, -97.483101 30.356388, -97.483204 30.356359, -97.483352 30.35633, -97.483503 30.356316, -97.483657 30.35631, -97.4839 30.356316, -97.485903 30.356502, -97.487405 30.356624, -97.487578 30.356639, -97.487623 30.356643, -97.488165 30.356687, -97.489975 30.356841, -97.495593 30.357319, -97.496056 30.357253, -97.496606 30.356995, -97.496729 30.356867, -97.497039 30.356545, -97.497635 30.355662, -97.497666 30.355613, -97.497725 30.35552, -97.498453 30.354374, -97.498518 30.354273, -97.49882 30.353781, -97.498905 30.353642, -97.499048 30.353414, -97.499197 30.353171, -97.499321 30.352969, -97.500157 30.351449, -97.500521 30.350818, -97.500588 30.35067, -97.500817 30.350666, -97.501479 30.350647, -97.507819 30.350402, -97.508197 30.350378, -97.509339 30.350334, -97.509452 30.350327, -97.509512 30.350324, -97.509739 30.350315, -97.509756 30.350324, -97.509833 30.350321, -97.510674 30.350292, -97.511637 30.350244, -97.512112 30.350227, -97.513863 30.350164, -97.514186 30.350147, -97.514406 30.350137, -97.514667 30.350127, -97.517245 30.350027, -97.517993 30.34999, -97.518254 30.349981, -97.518686 30.349935, -97.518686 30.349985, -97.518686 30.350096, -97.518686 30.350135, -97.51783 30.351437, -97.517554 30.351857, -97.517546 30.351869, -97.516662 30.353215, -97.516134 30.354018, -97.516125 30.354032, -97.51495 30.355821, -97.514197 30.356966, -97.512699 30.359247, -97.512162 30.360064, -97.514047 30.360957, -97.520001 30.363779, -97.520391 30.363964, -97.520606 30.364065, -97.525563 30.366393, -97.526459 30.366814, -97.527223 30.367172, -97.527825 30.367453, -97.528154 30.367608, -97.52889 30.367954, -97.529632 30.368327, -97.531128 30.369081, -97.531588 30.369111, -97.531793 30.369097, -97.531787 30.369378))",30.7,11245.0,96832.0,123.0,34.0,24631153.005005654,0.00045653567243542114
"POLYGON ((-97.925771 30.453268, -97.925275 30.456241, -97.924763 30.457433, -97.923936 30.458649, -97.922256 30.460204, -97.921999 30.460335, -97.921524 30.460578, -97.918526 30.46211, -97.915527 30.463641, -97.913711 30.464568, -97.913026 30.464419, -97.912136 30.464566, -97.91128 30.46495, -97.910527 30.465512, -97.910328 30.465867, -97.90998 30.46628, -97.909638 30.467402, -97.909774 30.468347, -97.910014 30.469204, -97.91016 30.469289, -97.91057 30.469538, -97.910521 30.470164, -97.910484 30.470651, -97.910322 30.472758, -97.910155 30.473742, -97.909726 30.476128, -97.909597 30.477026, -97.909168 30.477851, -97.909081 30.478089, -97.908847 30.478691, -97.908752 30.478939, -97.907103 30.480244, -97.906487 30.480906, -97.905956 30.482397, -97.90585 30.482695, -97.905666 30.483212, -97.905481 30.483429, -97.904706 30.484106, -97.904542 30.484386, -97.904468 30.484524, -97.904406 30.484726, -97.904389 30.485852, -97.904431 30.486259, -97.904431 30.486465, -97.904413 30.486776, -97.904317 30.487091, -97.904232 30.487308, -97.904121 30.487525, -97.902921 30.489656, -97.902658 30.490034, -97.9025 30.490208, -97.902344 30.490341, -97.902049 30.490561, -97.901605 30.490795, -97.900313 30.491004, -97.897374 30.491108, -97.894011 30.492707, -97.892837 30.493299, -97.892556 30.493464, -97.892176 30.493688, -97.891604 30.494417, -97.891379 30.494886, -97.891072 30.495684, -97.890689 30.496843, -97.890595 30.49711, -97.890484 30.497365, -97.890357 30.497542, -97.889443 30.498762, -97.888593 30.499896, -97.888448 30.500218, -97.888348 30.50059, -97.88828 30.501268, -97.888593 30.503064, -97.888583 30.503443, -97.888099 30.504784, -97.887504 30.506435, -97.887257 30.507119, -97.887249 30.507141, -97.887233 30.507185, -97.887159 30.507393, -97.886874 30.508036, -97.88685 30.508102, -97.886654 30.508624, -97.886634 30.508675, -97.886486 30.50906, -97.885563 30.511464, -97.885536 30.511535, -97.885516 30.511589, -97.885432 30.511706, -97.885003 30.5123, -97.884711 30.512154, -97.884389 30.512037, -97.884098 30.511967, -97.883746 30.511903, -97.883491 30.511872, -97.883258 30.511854, -97.882599 30.511851, -97.882286 30.51189, -97.882208 30.511908, -97.881937 30.511969, -97.881838 30.511993, -97.881741 30.51202, -97.881644 30.512048, -97.881438 30.512115, -97.87921 30.51285, -97.878493 30.513089, -97.876759 30.513663, -97.876719 30.513677, -97.876644 30.513705, -97.875732 30.514005, -97.874585 30.514384, -97.873049 30.514893, -97.87257 30.51505, -97.871416 30.515432, -97.871309 30.515466, -97.871202 30.515498, -97.871094 30.515528, -97.870986 30.515555, -97.870876 30.515581, -97.870776 30.515603, -97.870656 30.515626, -97.870545 30.515645, -97.870433 30.515662, -97.870321 30.515677, -97.870209 30.51569, -97.869712 30.515703, -97.86931 30.515708, -97.868811 30.515653, -97.868322 30.515557, -97.86791 30.515442, -97.867459 30.515308, -97.866852 30.515049, -97.86668 30.514957, -97.866456 30.514805, -97.866193 30.514614, -97.865923 30.514397, -97.8656 30.514101, -97.865 30.513488, -97.864363 30.512826, -97.864125 30.512639, -97.863651 30.512327, -97.863181 30.512115, -97.862765 30.511957, -97.862537 30.511887, -97.862211 30.511787, -97.861907 30.511726, -97.861622 30.511692, -97.861144 30.511665, -97.860505 30.511684, -97.859878 30.511792, -97.859401 30.511916, -97.859174 30.51164, -97.859039 30.511478, -97.859007 30.511438, -97.858975 30.511398, -97.858935 30.51135, -97.857094 30.509103, -97.85705 30.509049, -97.855765 30.507401, -97.85587 30.505962, -97.856017 30.504031, -97.856107 30.502812, -97.856778 30.502235, -97.857505 30.50161, -97.858393 30.500831, -97.858447 30.500783, -97.859209 30.500082, -97.862248 30.497309, -97.859328 30.493448, -97.859292 30.493402, -97.85922 30.493305, -97.859823 30.492372, -97.860223 30.491752, -97.86026 30.49165, -97.860309 30.491312, -97.860322 30.490689, -97.86022 30.490217, -97.860399 30.490151, -97.860754 30.490066, -97.861057 30.489969, -97.861257 30.489885, -97.861525 30.489742, -97.86187 30.489557, -97.863123 30.488848, -97.863534 30.48859, -97.863417 30.487664, -97.863156 30.487102, -97.863591 30.486382, -97.864109 30.485566, -97.861944 30.484482, -97.861463 30.483375, -97.859644 30.483404, -97.859645 30.481451, -97.859654 30.481266, -97.859664 30.478951, -97.856951 30.479842, -97.856947 30.479665, -97.856986 30.479529, -97.857028 30.479401, -97.857066 30.479169, -97.857068 30.479089, -97.857034 30.478747, -97.856993 30.478637, -97.856993 30.478591, -97.85697 30.478565, -97.856942 30.478521, -97.856913 30.478444, -97.856903 30.478369, -97.856916 30.478306, -97.856981 30.478177, -97.85702 30.478124, -97.857041 30.478104, -97.8572 30.477998, -97.857284 30.477933, -97.857337 30.477873, -97.857411 30.477756, -97.857443 30.477682, -97.85747 30.477597, -97.857539 30.477424, -97.857555 30.477361, -97.85756 30.477292, -97.857544 30.477203, -97.857515 30.477115, -97.857471 30.477005, -97.857432 30.476853, -97.857419 30.476744, -97.857423 30.476653, -97.857446 30.476559, -97.857489 30.476443, -97.857497 30.476335, -97.857509 30.476297, -97.857551 30.476224, -97.857634 30.476116, -97.857676 30.476037, -97.857704 30.475911, -97.857746 30.475689, -97.857698 30.475605, -97.857659 30.475563, -97.857573 30.475504, -97.85739 30.475403, -97.857228 30.47533, -97.857145 30.475299, -97.857093 30.47526, -97.857072 30.475237, -97.857009 30.475156, -97.856967 30.475087, -97.85694 30.475008, -97.856931 30.474956, -97.856942 30.474846, -97.85696 30.474757, -97.85697 30.474634, -97.856974 30.474524, -97.857032 30.474307, -97.857121 30.474037, -97.857256 30.473796, -97.857278 30.473749, -97.857306 30.47369, -97.857328 30.473635, -97.857414 30.473387, -97.857356 30.472928, -97.857317 30.472689, -97.857181 30.472493, -97.857127 30.472429, -97.857048 30.472335, -97.856936 30.47209, -97.856796 30.471846, -97.85676 30.471617, -97.856592 30.471159, -97.856555 30.47084, -97.8565 30.470571, -97.856415 30.470501, -97.856304 30.470309, -97.856183 30.470147, -97.856044 30.470025, -97.855915 30.469956, -97.855862 30.469929, -97.855603 30.469871, -97.855026 30.469606, -97.854952 30.469517, -97.854828 30.469291, -97.854801 30.469208, -97.854762 30.468857, -97.854747 30.468716, -97.854802 30.468371, -97.854848 30.468114, -97.85495 30.467906, -97.855139 30.46775, -97.855487 30.467552, -97.855689 30.467384, -97.855709 30.466973, -97.855779 30.466757, -97.85588 30.466531, -97.855878 30.466366, -97.855852 30.466166, -97.855787 30.466038, -97.855672 30.465926, -97.855736 30.465784, -97.856269 30.465456, -97.856826 30.465167, -97.857336 30.465108, -97.857675 30.464747, -97.857829 30.464557, -97.857785 30.464402, -97.857773 30.464253, -97.85799 30.463934, -97.858172 30.463805, -97.858295 30.463655, -97.858292 30.463349, -97.858238 30.46321, -97.858218 30.46315, -97.85818 30.46303, -97.858178 30.462876, -97.858229 30.462688, -97.858323 30.46252, -97.85869 30.462281, -97.859021 30.462007, -97.859585 30.461644, -97.860228 30.461405, -97.860709 30.461122, -97.8609 30.460953, -97.860974 30.460849, -97.861126 30.46064, -97.861141 30.460618, -97.861195 30.460511, -97.861281 30.460368, -97.861415 30.460226, -97.861497 30.460106, -97.861541 30.460019, -97.861558 30.459964, -97.86162 30.459688, -97.861664 30.459466, -97.861685 30.459395, -97.861766 30.459217, -97.861837 30.459037, -97.861862 30.458992, -97.861889 30.458961, -97.862051 30.458819, -97.862064 30.458802, -97.862113 30.458746, -97.862147 30.45869, -97.862184 30.458598, -97.862248 30.458341, -97.862295 30.458184, -97.862371 30.457979, -97.862407 30.457868, -97.862444 30.457711, -97.86252 30.457368, -97.862553 30.457188, -97.862556 30.457074, -97.862543 30.456958, -97.862531 30.456913, -97.862502 30.456842, -97.862456 30.456771, -97.862429 30.456739, -97.862366 30.456685, -97.862231 30.456595, -97.862152 30.456553, -97.861934 30.456468, -97.86174 30.456401, -97.861634 30.456353, -97.861617 30.456338, -97.861591 30.456297, -97.861575 30.456242, -97.861531 30.455715, -97.861512 30.455659, -97.86143 30.455518, -97.861405 30.455456, -97.861388 30.455356, -97.861388 30.455242, -97.861403 30.45512, -97.861433 30.455021, -97.861483 30.454918, -97.861516 30.454869, -97.861554 30.454831, -97.861743 30.454707, -97.861833 30.454658, -97.861858 30.454631, -97.86188 30.454584, -97.86191 30.454425, -97.861972 30.454179, -97.862005 30.4541, -97.862044 30.454023, -97.861867 30.453859, -97.861679 30.453675, -97.861549 30.453599, -97.861521 30.45357, -97.8615 30.453531, -97.861488 30.453485, -97.861486 30.453435, -97.861517 30.453272, -97.861638 30.452784, -97.861648 30.452687, -97.861643 30.452594, -97.861627 30.452525, -97.861595 30.452441, -97.861526 30.452283, -97.861431 30.451987, -97.861323 30.451731, -97.861219 30.45144, -97.86112 30.451191, -97.861092 30.451146, -97.861048 30.451105, -97.860988 30.451065, -97.860881 30.451012, -97.860676 30.450941, -97.860505 30.45086, -97.860408 30.450801, -97.860332 30.450741, -97.860193 30.450583, -97.860062 30.450469, -97.859841 30.450298, -97.859751 30.450243, -97.859711 30.450225, -97.859614 30.450197, -97.859514 30.450177, -97.859395 30.450181, -97.859359 30.45017, -97.859316 30.450114, -97.859141 30.449766, -97.859096 30.449637, -97.85906 30.449564, -97.85904 30.449536, -97.858901 30.449333, -97.858838 30.449202, -97.858088 30.448356, -97.858037 30.448298, -97.858232 30.447866, -97.858441 30.447528, -97.858556 30.447305, -97.858651 30.447102, -97.858772 30.446927, -97.858908 30.446791, -97.859029 30.446717, -97.859258 30.446636, -97.859408 30.446582, -97.859841 30.446453, -97.860132 30.446325, -97.860564 30.446088, -97.861335 30.445642, -97.861839 30.445369, -97.861948 30.445281, -97.862008 30.445221, -97.862065 30.445146, -97.862308 30.44489, -97.862601 30.444621, -97.862893 30.44438, -97.863186 30.444135, -97.865238 30.442721, -97.865427 30.442602, -97.865564 30.442526, -97.865663 30.44247, -97.865823 30.442404, -97.866078 30.442309, -97.866314 30.442229, -97.866616 30.442134, -97.866885 30.442031, -97.867131 30.441917, -97.867443 30.441752, -97.86776 30.441572, -97.868295 30.441285, -97.868474 30.441204, -97.868651 30.441145, -97.868807 30.441108, -97.86902 30.441074, -97.869178 30.441067, -97.869367 30.441074, -97.869556 30.441091, -97.8697 30.441119, -97.869938 30.441183, -97.870221 30.441249, -97.870415 30.441289, -97.870602 30.441306, -97.870729 30.441316, -97.870851 30.441315, -97.870971 30.441308, -97.871086 30.441295, -97.871182 30.441277, -97.871337 30.441237, -97.871505 30.441176, -97.871631 30.441125, -97.871766 30.441052, -97.871885 30.440983, -97.871964 30.440937, -97.872399 30.44068, -97.873715 30.439857, -97.87382 30.439783, -97.873985 30.439662, -97.874372 30.439358, -97.874537 30.439201, -97.874881 30.438926, -97.875071 30.438769, -97.875287 30.43855, -97.875466 30.438367, -97.875605 30.438213, -97.875686 30.438096, -97.875737 30.437953, -97.875777 30.437741, -97.875803 30.437584, -97.875887 30.437313, -97.876008 30.437006, -97.876077 30.43675, -97.876227 30.435831, -97.876271 30.435619, -97.876322 30.435436, -97.876428 30.435235, -97.876597 30.43503, -97.876805 30.434745, -97.877021 30.434533, -97.877157 30.434405, -97.877336 30.434299, -97.877522 30.434225, -97.877775 30.434145, -97.878038 30.434108, -97.878196 30.434101, -97.878349 30.434116, -97.878463 30.434138, -97.878572 30.43417, -97.878657 30.434201, -97.878756 30.434254, -97.878825 30.434312, -97.878894 30.434385, -97.87896 30.434491, -97.879039 30.434616, -97.879098 30.434767, -97.879171 30.434926, -97.87927 30.435117, -97.879402 30.435288, -97.87956 30.435479, -97.879665 30.43563, -97.879757 30.435808, -97.87981 30.435973, -97.879836 30.436118, -97.879863 30.436395, -97.879849 30.436684, -97.87983 30.436836, -97.879803 30.436974, -97.879737 30.437185, -97.879685 30.437337, -97.879645 30.437501, -97.879606 30.437706, -97.879586 30.437916, -97.879573 30.438213, -97.87956 30.438628, -97.879546 30.438799, -97.879566 30.438937, -97.879606 30.439036, -97.879652 30.439115, -97.879757 30.439208, -97.879863 30.439267, -97.880235 30.439349, -97.880459 30.439385, -97.880666 30.439418, -97.881065 30.439464, -97.881282 30.439481, -97.881457 30.439471, -97.881589 30.439438, -97.88171 30.439392, -97.881852 30.439296, -97.881951 30.439204, -97.882069 30.439063, -97.882277 30.438792, -97.882503 30.438514, -97.882684 30.438318, -97.882816 30.438193, -97.882914 30.438114, -97.883063 30.438012, -97.88328 30.437854, -97.883389 30.437762, -97.883491 30.43764, -97.883562 30.437515, -97.88373 30.437104, -97.883754 30.436984, -97.88375 30.436839, -97.883727 30.436697, -97.883567 30.436371, -97.883497 30.4362, -97.883452 30.435993, -97.883436 30.435671, -97.883366 30.434454, -97.883394 30.433945, -97.883462 30.433677, -97.883517 30.433502, -97.883643 30.433226, -97.883863 30.432952, -97.883987 30.432788, -97.884143 30.432664, -97.884307 30.432558, -97.884482 30.432523, -97.884686 30.432456, -97.884847 30.432415, -97.885008 30.432386, -97.885264 30.432353, -97.885934 30.432289, -97.886651 30.432223, -97.886985 30.43223, -97.887204 30.432253, -97.887367 30.432294, -97.88749 30.432328, -97.887632 30.432391, -97.887943 30.432557, -97.888456 30.432914, -97.888607 30.433012, -97.888728 30.43307, -97.888875 30.433132, -97.889025 30.433187, -97.889167 30.433224, -97.889385 30.433273, -97.889692 30.433322, -97.889912 30.433341, -97.890219 30.433367, -97.89109 30.433431, -97.892126 30.433596, -97.894103 30.433921, -97.894228 30.433939, -97.895926 30.434144, -97.896652 30.434216, -97.897028 30.434228, -97.897378 30.43424, -97.897707 30.4342, -97.89847 30.434008, -97.898739 30.433964, -97.899182 30.433925, -97.899501 30.43392, -97.899915 30.43389, -97.900424 30.433793, -97.900771 30.433712, -97.901073 30.433604, -97.901247 30.433531, -97.901496 30.433418, -97.90165 30.433351, -97.90175 30.433318, -97.901894 30.43329, -97.902026 30.433272, -97.902196 30.43326, -97.902666 30.433299, -97.902897 30.433334, -97.903123 30.433391, -97.903297 30.433439, -97.903476 30.433504, -97.903641 30.433569, -97.903776 30.433648, -97.903915 30.433774, -97.904233 30.434665, -97.90432 30.435134, -97.904348 30.435897, -97.904351 30.436011, -97.904355 30.436076, -97.904338 30.436207, -97.90429 30.436372, -97.904207 30.436568, -97.904129 30.436707, -97.904037 30.436873, -97.90392 30.437068, -97.903706 30.437369, -97.903502 30.437625, -97.903338 30.437891, -97.903263 30.438056, -97.903215 30.438196, -97.903149 30.438405, -97.903119 30.438522, -97.903101 30.438653, -97.903119 30.438744, -97.903171 30.438835, -97.903263 30.438922, -97.903466 30.439048, -97.90368 30.439157, -97.903867 30.439236, -97.904024 30.439284, -97.904207 30.439292, -97.904385 30.439253, -97.904642 30.43914, -97.904908 30.439018, -97.90509 30.438944, -97.905308 30.438888, -97.905543 30.438835, -97.9058 30.438805, -97.906109 30.438774, -97.906353 30.438748, -97.906596 30.438748, -97.906879 30.43877, -97.907097 30.438805, -97.907458 30.438909, -97.90786 30.439076, -97.908594 30.439653, -97.910193 30.440265, -97.911445 30.441048, -97.912046 30.441429, -97.912347 30.441738, -97.912439 30.441812, -97.912243 30.4421, -97.912074 30.442335, -97.912598 30.44333, -97.913222 30.444634, -97.913386 30.445093, -97.9134 30.4453, -97.913371 30.445508, -97.913308 30.445694, -97.913207 30.445896, -97.913159 30.445955, -97.913087 30.446034, -97.912898 30.446198, -97.912748 30.446313, -97.912627 30.446388, -97.912446 30.446492, -97.911536 30.447039, -97.910257 30.447353, -97.909573 30.446936, -97.909462 30.446862, -97.909322 30.44676, -97.908861 30.447095, -97.908347 30.447256, -97.907934 30.447372, -97.907535 30.447417, -97.907114 30.447502, -97.907052 30.447515, -97.906753 30.447515, -97.906514 30.447516, -97.906174 30.447548, -97.906041 30.447623, -97.905944 30.447678, -97.905707 30.448089, -97.905469 30.448552, -97.905134 30.448914, -97.904599 30.449358, -97.90469 30.449575, -97.904706 30.449588, -97.904929 30.449719, -97.905365 30.449716, -97.905728 30.449682, -97.906195 30.449691, -97.906572 30.449725, -97.906954 30.449733, -97.90743 30.449937, -97.907948 30.45018, -97.908423 30.450434, -97.908735 30.45073, -97.90887 30.450823, -97.909048 30.450938, -97.909225 30.450973, -97.909553 30.451082, -97.909716 30.451133, -97.910074 30.451238, -97.910267 30.4513, -97.910533 30.45142, -97.910797 30.451544, -97.9117 30.45202, -97.912505 30.452344, -97.912826 30.452484, -97.912937 30.452539, -97.913024 30.452594, -97.913083 30.452647, -97.913143 30.452721, -97.913184 30.452822, -97.913207 30.45289, -97.913249 30.453024, -97.913295 30.453226, -97.913331 30.4534, -97.913373 30.453588, -97.913405 30.45379, -97.913423 30.45396, -97.913437 30.454231, -97.913451 30.454461, -97.913478 30.454608, -97.913515 30.454709, -97.913583 30.45481, -97.913628 30.454778, -97.913728 30.454708, -97.913899 30.454577, -97.914 30.454515, -97.9141 30.45447, -97.914678 30.454295, -97.914753 30.454256, -97.914956 30.4541, -97.915143 30.453944, -97.915252 30.453874, -97.915357 30.453829, -97.915437 30.453806, -97.915655 30.453755, -97.916056 30.453616, -97.916163 30.453591, -97.916321 30.45357, -97.916665 30.453551, -97.917061 30.453543, -97.917359 30.45353, -97.917796 30.453539, -97.918026 30.453532, -97.918127 30.453518, -97.918232 30.453489, -97.918685 30.453335, -97.918885 30.453275, -97.919003 30.453227, -97.919164 30.45314, -97.919203 30.453108, -97.919242 30.453054, -97.919355 30.452926, -97.919387 30.452848, -97.919509 30.452712, -97.919537 30.452672, -97.919631 30.452422, -97.919691 30.452139, -97.919744 30.452027, -97.919812 30.451883, -97.920008 30.451609, -97.920222 30.451441, -97.920704 30.451228, -97.921159 30.450623, -97.922131 30.449461, -97.922569 30.449125, -97.924401 30.448442, -97.924679 30.449082, -97.924782 30.448661, -97.924886 30.448284, -97.92502 30.448024, -97.925513 30.449751, -97.925676 30.451172, -97.925687 30.451267, -97.925771 30.453268))",48.9,1294.0,127500.0,55.0,16.0,37144506.56558172,3.483691451696458e-05
"POLYGON ((-97.857704 30.475911, -97.857676 30.476037, -97.857634 30.476116, -97.857551 30.476224, -97.857509 30.476297, -97.857497 30.476335, -97.857489 30.476443, -97.857446 30.476559, -97.857423 30.476653, -97.857419 30.476744, -97.857432 30.476853, -97.857471 30.477005, -97.857515 30.477115, -97.857544 30.477203, -97.85756 30.477292, -97.857555 30.477361, -97.857539 30.477424, -97.85747 30.477597, -97.857443 30.477682, -97.857411 30.477756, -97.857337 30.477873, -97.857284 30.477933, -97.8572 30.477998, -97.857041 30.478104, -97.85702 30.478124, -97.856981 30.478177, -97.856916 30.478306, -97.856903 30.478369, -97.856913 30.478444, -97.856942 30.478521, -97.85697 30.478565, -97.856993 30.478591, -97.856993 30.478637, -97.857034 30.478747, -97.857068 30.479089, -97.857066 30.479169, -97.857028 30.479401, -97.856986 30.479529, -97.856947 30.479665, -97.856951 30.479842, -97.856963 30.480253, -97.856971 30.480427, -97.856809 30.480472, -97.856664 30.480502, -97.856505 30.480496, -97.856373 30.480481, -97.856264 30.480452, -97.856158 30.48042, -97.855975 30.480339, -97.85573 30.480229, -97.855582 30.480157, -97.855575 30.480168, -97.85514 30.480828, -97.854737 30.481536, -97.853761 30.48306, -97.853617 30.483274, -97.853518 30.483417, -97.853357 30.483567, -97.853222 30.483661, -97.852983 30.483797, -97.852645 30.483966, -97.852275 30.484131, -97.851423 30.483002, -97.85124 30.48276, -97.851071 30.482536, -97.85017 30.481344, -97.849453 30.480395, -97.848396 30.478996, -97.84818 30.478642, -97.848122 30.478549, -97.84697 30.47721, -97.846628 30.476713, -97.846153 30.476017, -97.845893 30.475635, -97.846034 30.475166, -97.846335 30.474162, -97.846431 30.473847, -97.84656 30.473425, -97.846541 30.47341, -97.846273 30.473201, -97.845904 30.470915, -97.845864 30.470727, -97.845556 30.470257, -97.845235 30.469717, -97.845003 30.469295, -97.845169 30.469225, -97.846054 30.46885, -97.846719 30.468659, -97.847741 30.468482, -97.848347 30.468314, -97.84923 30.467877, -97.849422 30.467612, -97.849547 30.467681, -97.849694 30.467681, -97.849801 30.467772, -97.849887 30.467669, -97.850002 30.467675, -97.850096 30.467832, -97.850219 30.467904, -97.850424 30.467904, -97.850533 30.467949, -97.850629 30.468081, -97.850676 30.468303, -97.850925 30.468452, -97.851088 30.468508, -97.851324 30.468788, -97.851446 30.46886, -97.851752 30.468886, -97.85177 30.468673, -97.851879 30.468548, -97.852273 30.468516, -97.852519 30.468536, -97.852756 30.4686, -97.85311 30.468625, -97.853247 30.468761, -97.853521 30.46887, -97.853955 30.468975, -97.85408 30.468951, -97.854317 30.468761, -97.854361 30.468798, -97.854361 30.469095, -97.854442 30.469107, -97.854635 30.468898, -97.854762 30.468857, -97.854801 30.469208, -97.854828 30.469291, -97.854952 30.469517, -97.855026 30.469606, -97.855603 30.469871, -97.855862 30.469929, -97.855915 30.469956, -97.856044 30.470025, -97.856183 30.470147, -97.856304 30.470309, -97.856415 30.470501, -97.8565 30.470571, -97.856555 30.47084, -97.856592 30.471159, -97.85676 30.471617, -97.856796 30.471846, -97.856936 30.47209, -97.857048 30.472335, -97.857127 30.472429, -97.857181 30.472493, -97.857317 30.472689, -97.857356 30.472928, -97.857414 30.473387, -97.857328 30.473635, -97.857306 30.47369, -97.857278 30.473749, -97.857256 30.473796, -97.857121 30.474037, -97.857032 30.474307, -97.856974 30.474524, -97.85697 30.474634, -97.85696 30.474757, -97.856942 30.474846, -97.856931 30.474956, -97.85694 30.475008, -97.856967 30.475087, -97.857009 30.475156, -97.857072 30.475237, -97.857093 30.47526, -97.857145 30.475299, -97.857228 30.47533, -97.85739 30.475403, -97.857573 30.475504, -97.857659 30.475563, -97.857698 30.475605, -97.857746 30.475689, -97.857704 30.475911))",43.3,1872.0,203125.0,12.0,32.0,1425194.5349595787,0.0013135048964056642
"POLYGON ((-97.504959 30.273468, -97.50304 30.276608, -97.503146 30.277087, -97.503324 30.277371, -97.502585 30.277162, -97.502349 30.277603, -97.502056 30.27822, -97.501567 30.278548, -97.500913 30.278695, -97.500666 30.278751, -97.500443 30.279233, -97.50032 30.28044, -97.500098 30.28073, -97.499749 30.281304, -97.499061 30.282434, -97.498908 30.282686, -97.498864 30.282752, -97.498484 30.283328, -97.4983 30.283606, -97.497588 30.284684, -97.4973 30.285225, -97.496464 30.286824, -97.495404 30.286328, -97.494401 30.285858, -97.494307 30.285814, -97.493817 30.285584, -97.493326 30.285355, -97.491586 30.28454, -97.489628 30.283589, -97.488829 30.283316, -97.488611 30.283266, -97.48846 30.283227, -97.488376 30.283204, -97.488287 30.283169, -97.488141 30.283112, -97.48765 30.282941, -97.485904 30.282159, -97.485055 30.281747, -97.484109 30.281308, -97.483944 30.281225, -97.483691 30.281085, -97.483546 30.28097, -97.483461 30.280888, -97.483387 30.280812, -97.483344 30.28075, -97.48329 30.280651, -97.48318 30.280406, -97.482948 30.279928, -97.482788 30.279597, -97.482645 30.279309, -97.482556 30.279137, -97.482469 30.279002, -97.48227 30.278708, -97.481999 30.278351, -97.481573 30.277791, -97.480978 30.277008, -97.480862 30.276859, -97.48071 30.276725, -97.480495 30.276615, -97.479989 30.276455, -97.47963 30.276477, -97.479304 30.276558, -97.478922 30.276772, -97.477989 30.277224, -97.477452 30.277514, -97.476826 30.277838, -97.476369 30.278078, -97.47606 30.278234, -97.475873 30.278313, -97.475751 30.278359, -97.475631 30.278395, -97.47537 30.27842, -97.475077 30.278405, -97.474977 30.278387, -97.474803 30.278351, -97.474367 30.278236, -97.474132 30.278157, -97.473917 30.278078, -97.473731 30.277989, -97.473603 30.277912, -97.473299 30.277701, -97.472912 30.277382, -97.4727 30.277191, -97.47257 30.277019, -97.472467 30.276866, -97.47235 30.276659, -97.47225 30.276465, -97.472056 30.275975, -97.472013 30.275842, -97.471998 30.275727, -97.472 30.275622, -97.472019 30.275478, -97.472032 30.275404, -97.47205 30.275348, -97.472088 30.275256, -97.472144 30.275151, -97.472241 30.275003, -97.472331 30.274885, -97.472589 30.274551, -97.472954 30.274086, -97.473194 30.273772, -97.473299 30.273585, -97.473345 30.273475, -97.473368 30.273414, -97.473386 30.273332, -97.473398 30.273225, -97.473406 30.273011, -97.473404 30.27273, -97.473381 30.272278, -97.473363 30.272119, -97.473337 30.271999, -97.473301 30.2719, -97.473263 30.27182, -97.473217 30.271744, -97.473158 30.271659, -97.472939 30.271384, -97.472588 30.271015, -97.471897 30.270326, -97.471473 30.26998, -97.471255 30.269857, -97.470833 30.269699, -97.470358 30.269658, -97.469947 30.269723, -97.469431 30.269888, -97.468641 30.270093, -97.466301 30.270854, -97.465995 30.271107, -97.465934 30.271157, -97.465186 30.272054, -97.465053 30.27221, -97.464762 30.272479, -97.464611 30.272577, -97.464168 30.272685, -97.463244 30.272783, -97.463169 30.273032, -97.463092 30.273327, -97.463 30.273575, -97.462823 30.273777, -97.462533 30.274175, -97.461846 30.275117, -97.461242 30.275948, -97.461184 30.276197, -97.461175 30.276477, -97.461516 30.278749, -97.46201 30.282206, -97.462016 30.282575, -97.461887 30.282899, -97.461779 30.283117, -97.461457 30.283613, -97.461223 30.284023, -97.461168 30.284222, -97.461109 30.284433, -97.461167 30.284762, -97.461261 30.285044, -97.461334 30.285431, -97.461259 30.28568, -97.458128 30.284061, -97.457574 30.283825, -97.457081 30.283616, -97.456224 30.283251, -97.455419 30.282947, -97.454691 30.282914, -97.453708 30.28298, -97.453238 30.282963, -97.453005 30.282943, -97.452651 30.282857, -97.450426 30.282321, -97.452517 30.278764, -97.453867 30.276468, -97.454727 30.274992, -97.454882 30.274727, -97.455143 30.274279, -97.456909 30.271249, -97.457303 30.270573, -97.457327 30.270532, -97.460445 30.26518, -97.460874 30.264446, -97.461597 30.263141, -97.4618 30.262415, -97.46189 30.262115, -97.461912 30.262043, -97.461982 30.261807, -97.462 30.261747, -97.462644 30.260758, -97.463695 30.259079, -97.464075 30.258451, -97.46472 30.257431, -97.465168 30.256704, -97.465471 30.256243, -97.465928 30.255445, -97.466513 30.254552, -97.467043 30.253638, -97.467423 30.252982, -97.467495 30.252865, -97.467811 30.252349, -97.468254 30.251678, -97.468785 30.250886, -97.469044 30.250456, -97.469312 30.250012, -97.469336 30.249972, -97.469402 30.249864, -97.469583 30.249565, -97.469589 30.249517, -97.469592 30.249499, -97.469756 30.249274, -97.469779 30.249285, -97.470015 30.249402, -97.470344 30.249565, -97.470592 30.249697, -97.470826 30.24981, -97.471036 30.249923, -97.471818 30.250314, -97.472255 30.250527, -97.472584 30.250702, -97.472866 30.250846, -97.473281 30.251019, -97.473373 30.251069, -97.473518 30.251132, -97.474257 30.251437, -97.474501 30.25152, -97.474711 30.251609, -97.474988 30.251707, -97.475462 30.251891, -97.475998 30.252142, -97.476576 30.252434, -97.476812 30.252554, -97.477183 30.252727, -97.477746 30.25299, -97.477881 30.253054, -97.478016 30.25311, -97.478456 30.253308, -97.478672 30.253417, -97.4789 30.25355, -97.479618 30.254011, -97.479859 30.254165, -97.480166 30.254344, -97.4803 30.254412, -97.480448 30.254488, -97.481147 30.254817, -97.481567 30.255029, -97.481587 30.25504, -97.482061 30.255297, -97.482166 30.25536, -97.482085 30.255489, -97.480338 30.258389, -97.48024 30.258552, -97.480361 30.258772, -97.482038 30.25968, -97.482504 30.259933, -97.484451 30.260988, -97.485898 30.261736, -97.487788 30.262667, -97.494469 30.265959, -97.49492 30.266319, -97.495153 30.266505, -97.495197 30.266926, -97.494857 30.267777, -97.494852 30.267972, -97.495002 30.268325, -97.49535 30.268654, -97.498622 30.270229, -97.504725 30.27304, -97.504934 30.273253, -97.504959 30.273468))",30.7,3084.0,93450.0,73.0,0.0,9554042.81698476,0.0003227952877202308
"POLYGON ((-97.554819 30.45719, -97.554074 30.458577, -97.554009 30.458724, -97.553926 30.458908, -97.553417 30.460056, -97.553276 30.460267, -97.552262 30.461798, -97.551269 30.463302, -97.551088 30.463348, -97.550885 30.463291, -97.550493 30.463181, -97.550159 30.463316, -97.549816 30.463777, -97.548253 30.466286, -97.548212 30.466352, -97.54627 30.469418, -97.545886 30.470027, -97.542094 30.476066, -97.541593 30.476871, -97.540578 30.4785, -97.540501 30.478639, -97.54039 30.47861, -97.539481 30.478374, -97.539089 30.478272, -97.528151 30.475434, -97.527116 30.474646, -97.526235 30.473946, -97.524967 30.472954, -97.523971 30.472175, -97.523763 30.472726, -97.523448 30.473553, -97.522357 30.476381, -97.51764 30.480015, -97.511478 30.484766, -97.510862 30.485265, -97.50479 30.481095, -97.502551 30.480567, -97.501374 30.477923, -97.501448 30.477578, -97.501437 30.477561, -97.501406 30.477457, -97.501398 30.477435, -97.50138 30.477383, -97.501348 30.477292, -97.501252 30.477269, -97.500278 30.477142, -97.499831 30.477083, -97.49945 30.476903, -97.499051 30.476787, -97.498966 30.476792, -97.49833 30.476619, -97.497277 30.476335, -97.493801 30.475099, -97.493623 30.475036, -97.489092 30.473292, -97.488702 30.473131, -97.488481 30.472777, -97.488037 30.472061, -97.486429 30.469473, -97.482887 30.469945, -97.480123 30.470432, -97.478274 30.469693, -97.478048 30.469605, -97.477851 30.469542, -97.476847 30.469227, -97.476602 30.46915, -97.476492 30.469126, -97.475502 30.467145, -97.474111 30.467054, -97.473549 30.466955, -97.471326 30.466974, -97.470832 30.466694, -97.469286 30.466073, -97.467327 30.465362, -97.466917 30.46519, -97.46701 30.464995, -97.467118 30.464736, -97.467244 30.464421, -97.467304 30.464286, -97.468076 30.461181, -97.468355 30.460022, -97.468969 30.457468, -97.469457 30.455191, -97.469888 30.45429, -97.470077 30.453779, -97.470863 30.452717, -97.471032 30.452417, -97.472165 30.450583, -97.472627 30.449741, -97.473898 30.447794, -97.474152 30.447411, -97.474501 30.446848, -97.476275 30.443996, -97.476314 30.443934, -97.476516 30.443608, -97.476876 30.44304, -97.47911 30.439504, -97.479682 30.438726, -97.480042 30.438331, -97.480453 30.437955, -97.480764 30.437691, -97.481052 30.437468, -97.481103 30.437428, -97.481218 30.437354, -97.481492 30.437178, -97.481692 30.437045, -97.482087 30.436839, -97.482388 30.436692, -97.482547 30.436614, -97.482768 30.436512, -97.482884 30.436458, -97.483031 30.43639, -97.483402 30.436267, -97.483612 30.436205, -97.483746 30.436167, -97.483809 30.436149, -97.484063 30.436066, -97.48457 30.435984, -97.484762 30.435951, -97.484876 30.435931, -97.48513 30.435889, -97.485317 30.435872, -97.485572 30.435848, -97.485789 30.435834, -97.485949 30.435824, -97.48615 30.435818, -97.486969 30.435777, -97.487548 30.435772, -97.490337 30.435622, -97.491488 30.435588, -97.491787 30.435571, -97.492577 30.435442, -97.493297 30.435259, -97.493739 30.435141, -97.494275 30.43494, -97.494556 30.434821, -97.494758 30.434716, -97.495008 30.434574, -97.495206 30.434462, -97.495613 30.434191, -97.495949 30.433943, -97.496533 30.433395, -97.496946 30.432935, -97.4974 30.432281, -97.497765 30.431697, -97.49898 30.429787, -97.500024 30.428165, -97.50059 30.42721, -97.501256 30.426202, -97.501759 30.425379, -97.502028 30.42494, -97.503408 30.422758, -97.504045 30.421839, -97.50464 30.421031, -97.505236 30.420235, -97.505755 30.419627, -97.506073 30.419304, -97.506415 30.418955, -97.506751 30.418543, -97.507135 30.418041, -97.507783 30.417116, -97.508573 30.415966, -97.509145 30.415017, -97.509517 30.414427, -97.50981 30.41397, -97.509894 30.41384, -97.510024 30.413637, -97.510655 30.412623, -97.510979 30.412107, -97.511551 30.411196, -97.511841 30.410738, -97.512282 30.41004, -97.512594 30.409574, -97.513031 30.408881, -97.513544 30.408071, -97.514676 30.406326, -97.515206 30.405477, -97.516368 30.403625, -97.516546 30.403345, -97.517252 30.402239, -97.518019 30.40106, -97.518865 30.399677, -97.519375 30.398846, -97.519726 30.398301, -97.519935 30.397918, -97.520011 30.397799, -97.52008 30.397827, -97.520403 30.397973, -97.52042 30.397977, -97.523939 30.399635, -97.524517 30.399698, -97.524608 30.399708, -97.525239 30.399755, -97.527184 30.400619, -97.530515 30.402241, -97.532727 30.403304, -97.533555 30.403764, -97.538805 30.406247, -97.540402 30.407002, -97.540709 30.407147, -97.541405 30.407476, -97.540932 30.408227, -97.54003 30.409669, -97.539912 30.410035, -97.539916 30.410366, -97.540175 30.410764, -97.54111 30.4113, -97.541315 30.411516, -97.541393 30.411885, -97.541261 30.412237, -97.53959 30.414861, -97.538357 30.416798, -97.538228 30.417002, -97.537673 30.417891, -97.536733 30.419391, -97.535693 30.421049, -97.533593 30.424367, -97.532862 30.425523, -97.531956 30.42695, -97.530621 30.429052, -97.52994 30.430127, -97.527802 30.433315, -97.527794 30.433328, -97.52776 30.43338, -97.527668 30.433518, -97.526855 30.43485, -97.525766 30.436539, -97.523424 30.44017, -97.522961 30.440888, -97.522954 30.44111, -97.523036 30.441423, -97.523778 30.441774, -97.524485 30.442109, -97.529859 30.444652, -97.534759 30.446971, -97.535858 30.447477, -97.5366 30.447819, -97.537387 30.448181, -97.537647 30.448301, -97.539286 30.449056, -97.540024 30.449448, -97.540363 30.449964, -97.540489 30.450116, -97.540521 30.450205, -97.540742 30.450542, -97.541197 30.450863, -97.541621 30.451095, -97.542091 30.451313, -97.542799 30.45164, -97.543766 30.452088, -97.545742 30.453011, -97.547741 30.453945, -97.548512 30.454306, -97.551399 30.455656, -97.552766 30.456296, -97.553855 30.456807, -97.554581 30.457147, -97.554819 30.45719))",33.9,1937.0,163750.0,137.0,62.0,40047650.62472654,4.836738160125783e-05
"POLYGON ((-97.655184 30.473253, -97.654652 30.474038, -97.653525 30.475854, -97.652779 30.475529, -97.65272 30.475498, -97.65263 30.475469, -97.652416 30.475375, -97.651887 30.475119, -97.651441 30.474894, -97.651277 30.474972, -97.650761 30.475215, -97.650319 30.475382, -97.649835 30.475539, -97.649294 30.475715, -97.649184 30.475766, -97.648994 30.475871, -97.648974 30.475881, -97.648788 30.475973, -97.648761 30.475987, -97.648694 30.47602, -97.648651 30.476038, -97.648624 30.476046, -97.648569 30.476067, -97.648058 30.476271, -97.647964 30.47631, -97.647933 30.476333, -97.647668 30.476439, -97.64752 30.476495, -97.647214 30.476613, -97.646719 30.476775, -97.646572 30.476832, -97.646365 30.476937, -97.646087 30.477043, -97.645889 30.477104, -97.645823 30.477128, -97.645063 30.477418, -97.644842 30.477505, -97.644339 30.477705, -97.644149 30.47779, -97.643734 30.477955, -97.643475 30.478077, -97.643457 30.478034, -97.643292 30.477662, -97.643241 30.47755, -97.643161 30.477374, -97.642609 30.476096, -97.642399 30.475585, -97.641641 30.473742, -97.641365 30.473089, -97.641253 30.472592, -97.641233 30.472334, -97.641408 30.472349, -97.641774 30.472364, -97.642608 30.472409, -97.643421 30.472428, -97.644134 30.47245, -97.644254 30.472449, -97.644378 30.472444, -97.644502 30.472435, -97.644549 30.472429, -97.644624 30.472422, -97.644742 30.472407, -97.644856 30.47239, -97.644967 30.472367, -97.645078 30.472345, -97.645186 30.472321, -97.645292 30.472298, -97.645391 30.472276, -97.645481 30.472256, -97.645559 30.47224, -97.64563 30.472225, -97.645691 30.472211, -97.645762 30.472193, -97.645998 30.472143, -97.646814 30.471968, -97.647021 30.471927, -97.647112 30.471904, -97.648824 30.471558, -97.649314 30.471472, -97.649716 30.471433, -97.649877 30.471422, -97.650152 30.471411, -97.650614 30.471438, -97.650824 30.471455, -97.650973 30.471473, -97.651206 30.471508, -97.651457 30.471565, -97.651742 30.471637, -97.652072 30.471728, -97.652239 30.471786, -97.652483 30.471882, -97.653004 30.47213, -97.653374 30.472321, -97.654085 30.472666, -97.655212 30.473211, -97.655184 30.473253))",34.3,1060.0,133542.0,32.0,36.0,571043.7457866848,0.0018562500821013568
"POLYGON ((-97.68502 30.330615, -97.685 30.330676, -97.685003 30.330773, -97.684992 30.330834, -97.684947 30.330921, -97.684918 30.330957, -97.684856 30.331005, -97.684823 30.331037, -97.684793 30.331131, -97.684747 30.331272, -97.684728 30.331306, -97.684672 30.331364, -97.68465 30.331396, -97.68463 30.331454, -97.684619 30.331493, -97.684581 30.331629, -97.68443 30.331877, -97.683803 30.331599, -97.681992 30.330817, -97.681339 30.330475, -97.680757 30.330183, -97.680626 30.330116, -97.680138 30.329864, -97.679034 30.329303, -97.678892 30.329217, -97.678352 30.328961, -97.677517 30.328505, -97.676855 30.328153, -97.675958 30.327626, -97.675278 30.327185, -97.674169 30.326333, -97.674101 30.32628, -97.67392 30.326152, -97.673759 30.326068, -97.673228 30.32572, -97.673329 30.325684, -97.673492 30.325626, -97.673572 30.325598, -97.67371 30.32555, -97.673973 30.325458, -97.674134 30.325402, -97.67431 30.325341, -97.677972 30.324054, -97.678932 30.323699, -97.679019 30.323672, -97.67991 30.323398, -97.680785 30.32309, -97.681023 30.323006, -97.682261 30.322595, -97.683437 30.322206, -97.684294 30.32197, -97.68454 30.322058, -97.684574 30.323012, -97.6846 30.323707, -97.684613 30.323941, -97.684619 30.324054, -97.684633 30.324301, -97.684296 30.325281, -97.684801 30.325708, -97.684729 30.325789, -97.684705 30.325857, -97.684688 30.325966, -97.684664 30.326412, -97.684655 30.326961, -97.684633 30.327847, -97.684608 30.328668, -97.684621 30.3288, -97.684646 30.328895, -97.684666 30.32894, -97.684697 30.328996, -97.684751 30.329065, -97.684791 30.329101, -97.684642 30.32972, -97.684574 30.330268, -97.685056 30.330509, -97.68502 30.330615))",37.9,1739.0,47946.0,70.0,0.0,654754.7337009776,0.002655956361201644
"POLYGON ((-97.596253 30.281643, -97.596084 30.281906, -97.595951 30.282092, -97.595834 30.282257, -97.594816 30.283877, -97.594317 30.284633, -97.594103 30.284903, -97.593869 30.28516, -97.59362 30.285412, -97.593376 30.285644, -97.593165 30.285834, -97.59288 30.286066, -97.592551 30.286318, -97.591245 30.287219, -97.590463 30.287828, -97.588989 30.288467, -97.588871 30.288485, -97.588591 30.288547, -97.588279 30.288587, -97.58789 30.288623, -97.587527 30.288627, -97.586323 30.288609, -97.584998 30.288583, -97.584387 30.288575, -97.583581 30.288556, -97.583518 30.288555, -97.57903 30.288456, -97.578986 30.288456, -97.577929 30.288453, -97.57662 30.288172, -97.576364 30.288128, -97.576107 30.288081, -97.575795 30.288044, -97.575466 30.288026, -97.575033 30.287957, -97.574808 30.287947, -97.574623 30.28805, -97.574244 30.288115, -97.573845 30.288218, -97.573506 30.288337, -97.573149 30.288494, -97.572777 30.288692, -97.572424 30.288927, -97.572099 30.289216, -97.571705 30.289653, -97.571477 30.289976, -97.571291 30.2903, -97.571126 30.29073, -97.571024 30.291107, -97.570783 30.292498, -97.570698 30.292919, -97.570576 30.293368, -97.570331 30.294029, -97.570147 30.294467, -97.569257 30.29578, -97.568811 30.296439, -97.568223 30.297316, -97.567661 30.298153, -97.567184 30.298866, -97.566482 30.299977, -97.566151 30.300381, -97.565835 30.30085, -97.565558 30.301304, -97.565442 30.301522, -97.565412 30.301581, -97.565373 30.301667, -97.565266 30.301904, -97.565143 30.30222, -97.565012 30.302558, -97.564923 30.302918, -97.564674 30.304483, -97.564592 30.305002, -97.564416 30.306032, -97.564344 30.306694, -97.564318 30.306953, -97.564318 30.307212, -97.564325 30.307666, -97.564366 30.308083, -97.564396 30.308464, -97.564442 30.309164, -97.564448 30.309836, -97.564435 30.310173, -97.564344 30.310805, -97.564244 30.311249, -97.56404 30.312005, -97.563657 30.313383, -97.563534 30.313766, -97.563385 30.314317, -97.563366 30.314403, -97.5633 30.314725, -97.563167 30.315538, -97.563106 30.315982, -97.563025 30.316384, -97.56284 30.317259, -97.562316 30.319581, -97.56206 30.320767, -97.561951 30.321078, -97.561492 30.322394, -97.561489 30.322415, -97.561474 30.322448, -97.561262 30.323099, -97.560885 30.326265, -97.560779 30.327149, -97.560754 30.327362, -97.560629 30.328405, -97.56055 30.329071, -97.560503 30.329675, -97.560371 30.330201, -97.560088 30.331334, -97.559869 30.332211, -97.559099 30.33529, -97.5586 30.337286, -97.558479 30.337677, -97.558385 30.337642, -97.557439 30.337484, -97.556281 30.337266, -97.555892 30.337195, -97.55537 30.3371, -97.554205 30.336921, -97.553568 30.336594, -97.551972 30.335789, -97.550713 30.335154, -97.550689 30.335142, -97.550048 30.33409, -97.549885 30.333823, -97.549619 30.333386, -97.54932 30.332895, -97.548912 30.332225, -97.548874 30.332162, -97.548854 30.332129, -97.548623 30.331752, -97.548194 30.331049, -97.54798 30.330698, -97.547468 30.329857, -97.545446 30.326541, -97.544226 30.324539, -97.543673 30.323629, -97.542603 30.321869, -97.542306 30.321381, -97.541561 30.320154, -97.540569 30.318463, -97.539316 30.316327, -97.538931 30.31559, -97.538801 30.315367, -97.537713 30.313547, -97.53731 30.312325, -97.537389 30.311763, -97.537598 30.310274, -97.537349 30.309567, -97.536924 30.30909, -97.535659 30.308372, -97.534904 30.307943, -97.533895 30.307449, -97.532703 30.306866, -97.532364 30.306578, -97.530759 30.305107, -97.530152 30.304354, -97.528395 30.300809, -97.526238 30.297385, -97.526121 30.2972, -97.525845 30.296762, -97.524403 30.294651, -97.523108 30.292637, -97.522956 30.289, -97.522832 30.28732, -97.522611 30.286601, -97.522159 30.286026, -97.521883 30.285827, -97.521527 30.285545, -97.521203 30.285431, -97.519718 30.284652, -97.515645 30.282824, -97.51544 30.282732, -97.513637 30.281903, -97.513251 30.281726, -97.511102 30.280739, -97.50714 30.279023, -97.504477 30.27787, -97.503324 30.277371, -97.503146 30.277087, -97.50304 30.276608, -97.504959 30.273468, -97.504934 30.273253, -97.504725 30.27304, -97.498622 30.270229, -97.49535 30.268654, -97.495002 30.268325, -97.494852 30.267972, -97.494857 30.267777, -97.495197 30.266926, -97.495153 30.266505, -97.49492 30.266319, -97.494469 30.265959, -97.487788 30.262667, -97.485898 30.261736, -97.484451 30.260988, -97.482504 30.259933, -97.482038 30.25968, -97.480361 30.258772, -97.48024 30.258552, -97.480338 30.258389, -97.482085 30.255489, -97.482166 30.25536, -97.482061 30.255297, -97.481587 30.25504, -97.481567 30.255029, -97.481147 30.254817, -97.480448 30.254488, -97.4803 30.254412, -97.480166 30.254344, -97.479859 30.254165, -97.479618 30.254011, -97.4789 30.25355, -97.478672 30.253417, -97.478456 30.253308, -97.478016 30.25311, -97.477881 30.253054, -97.477746 30.25299, -97.477183 30.252727, -97.476812 30.252554, -97.476576 30.252434, -97.475998 30.252142, -97.475462 30.251891, -97.474988 30.251707, -97.474711 30.251609, -97.474501 30.25152, -97.474257 30.251437, -97.473518 30.251132, -97.473373 30.251069, -97.473281 30.251019, -97.472866 30.250846, -97.472584 30.250702, -97.472255 30.250527, -97.471818 30.250314, -97.471036 30.249923, -97.470826 30.24981, -97.470592 30.249697, -97.470344 30.249565, -97.470015 30.249402, -97.469779 30.249285, -97.469756 30.249274, -97.469878 30.249042, -97.469952 30.248902, -97.470034 30.248748, -97.470112 30.248599, -97.470156 30.248516, -97.4716 30.245927, -97.471989 30.24525, -97.472771 30.243893, -97.472876 30.243712, -97.473227 30.2431, -97.473622 30.242414, -97.474324 30.241194, -97.47444 30.240994, -97.475045 30.239945, -97.475473 30.239203, -97.475759 30.238705, -97.475954 30.238368, -97.475981 30.238321, -97.47603 30.238237, -97.476144 30.238039, -97.476304 30.237761, -97.476324 30.237726, -97.476453 30.2375, -97.477348 30.235947, -97.477663 30.235402, -97.477752 30.235246, -97.478515 30.233921, -97.478915 30.233227, -97.48042 30.230615, -97.480909 30.229766, -97.481269 30.229141, -97.481344 30.229009, -97.482059 30.227768, -97.482477 30.227043, -97.48266 30.226725, -97.482684 30.226686, -97.483842 30.224792, -97.483916 30.224671, -97.484008 30.224521, -97.484013 30.224513, -97.484019 30.224503, -97.484062 30.224433, -97.48407 30.224419, -97.484076 30.224409, -97.484088 30.22439, -97.484121 30.224336, -97.48414 30.224305, -97.484158 30.224274, -97.484975 30.222864, -97.486312 30.220557, -97.486329 30.220528, -97.487572 30.220898, -97.488744 30.221312, -97.488965 30.221453, -97.48906 30.221514, -97.489337 30.221691, -97.489924 30.2221, -97.489981 30.22214, -97.490463 30.22272, -97.490606 30.223059, -97.490846 30.223625, -97.491124 30.224283, -97.491988 30.2231, -97.492333 30.222627, -97.493418 30.220947, -97.49414 30.219829, -97.494513 30.219251, -97.494959 30.218561, -97.495703 30.217409, -97.49652 30.216143, -97.497065 30.216362, -97.4986 30.217296, -97.499673 30.217949, -97.499799 30.218155, -97.501373 30.219172, -97.502259 30.219246, -97.503602 30.219359, -97.505735 30.220398, -97.505961 30.220508, -97.506219 30.220723, -97.506577 30.221022, -97.507199 30.221512, -97.507887 30.222055, -97.510928 30.22418, -97.513268 30.225964, -97.514399 30.226836, -97.514894 30.227356, -97.515659 30.228734, -97.516402 30.230246, -97.51685 30.231159, -97.517291 30.232241, -97.518103 30.233761, -97.518375 30.23427, -97.518488 30.234481, -97.519049 30.235066, -97.520806 30.23683, -97.522912 30.238944, -97.523618 30.239655, -97.523877 30.24004, -97.524048 30.24033, -97.524054 30.240509, -97.524224 30.240983, -97.524132 30.24158, -97.522522 30.244185, -97.521489 30.245857, -97.521249 30.246372, -97.521165 30.246656, -97.521252 30.247296, -97.521592 30.247778, -97.521609 30.247793, -97.526581 30.251209, -97.526808 30.251365, -97.529396 30.252208, -97.532356 30.253172, -97.53349 30.253498, -97.534852 30.25389, -97.535945 30.253971, -97.537109 30.254057, -97.540206 30.254106, -97.540333 30.254108, -97.544136 30.254399, -97.544269 30.254409, -97.546251 30.253723, -97.546659 30.253613, -97.547501 30.253516, -97.547963 30.25359, -97.552932 30.255818, -97.553793 30.256084, -97.554602 30.256088, -97.554679 30.256647, -97.554716 30.256867, -97.554882 30.256881, -97.555123 30.256947, -97.556072 30.25741, -97.557405 30.258055, -97.559071 30.258836, -97.560647 30.259603, -97.561966 30.260254, -97.562532 30.260553, -97.563032 30.260876, -97.563645 30.261376, -97.563982 30.261694, -97.564426 30.262232, -97.564646 30.262545, -97.564875 30.26292, -97.565099 30.263364, -97.565273 30.263771, -97.565451 30.264382, -97.565586 30.264861, -97.565792 30.265459, -97.566086 30.266146, -97.566287 30.266516, -97.566958 30.267498, -97.56804 30.268418, -97.569101 30.269065, -97.569214 30.269104, -97.572106 30.270092, -97.5746 30.270781, -97.57775 30.271891, -97.57979 30.27286, -97.580211 30.273086, -97.581281 30.273659, -97.582493 30.274243, -97.583177 30.274412, -97.583369 30.274449, -97.583713 30.274514, -97.584994 30.274352, -97.58503 30.274493, -97.585062 30.274577, -97.585108 30.27465, -97.58515 30.274696, -97.585163 30.274721, -97.58516 30.27477, -97.585174 30.274871, -97.585195 30.274937, -97.585229 30.275005, -97.585297 30.275093, -97.585326 30.275159, -97.585346 30.27518, -97.585399 30.275156, -97.585448 30.275112, -97.585487 30.27509, -97.585516 30.275087, -97.585535 30.275116, -97.585535 30.275168, -97.585542 30.275204, -97.585543 30.275267, -97.58555 30.275314, -97.585578 30.275361, -97.585613 30.275408, -97.58565 30.275439, -97.585713 30.275475, -97.585733 30.275481, -97.585866 30.275491, -97.586061 30.27549, -97.586089 30.275483, -97.586153 30.275439, -97.586287 30.275375, -97.586635 30.275257, -97.586744 30.275229, -97.586903 30.275201, -97.587074 30.275178, -97.587236 30.275174, -97.587512 30.275205, -97.587572 30.27522, -97.587748 30.275331, -97.587827 30.275366, -97.588226 30.275505, -97.58835 30.275548, -97.588442 30.275596, -97.58861 30.27571, -97.588711 30.275806, -97.588831 30.275921, -97.588924 30.276018, -97.589028 30.276099, -97.589167 30.276187, -97.589276 30.27624, -97.589337 30.276261, -97.589457 30.276302, -97.589552 30.276352, -97.589587 30.276364, -97.589685 30.276382, -97.589783 30.276389, -97.589819 30.276396, -97.58987 30.276426, -97.58988 30.276445, -97.589899 30.276454, -97.590077 30.276441, -97.590118 30.276443, -97.590226 30.276478, -97.590328 30.276525, -97.590412 30.276575, -97.590467 30.276615, -97.590629 30.27677, -97.590665 30.276827, -97.590806 30.277106, -97.590828 30.277142, -97.590861 30.277178, -97.590914 30.277205, -97.591083 30.277339, -97.591142 30.277382, -97.591207 30.277438, -97.591249 30.277469, -97.59127 30.277485, -97.591483 30.277623, -97.591521 30.27766, -97.591727 30.278036, -97.591761 30.278121, -97.591766 30.278182, -97.591746 30.278229, -97.591681 30.27831, -97.591607 30.278388, -97.591571 30.278434, -97.591556 30.278476, -97.59156 30.27852, -97.591648 30.278611, -97.591676 30.278628, -97.59175 30.278641, -97.591912 30.278648, -97.591997 30.278649, -97.592153 30.278651, -97.592259 30.278665, -97.592477 30.278681, -97.592601 30.278702, -97.592711 30.278735, -97.592827 30.278785, -97.592954 30.278856, -97.593065 30.278897, -97.593132 30.278951, -97.593217 30.279047, -97.593246 30.279094, -97.593322 30.27929, -97.593354 30.279343, -97.593423 30.279421, -97.593449 30.279509, -97.593456 30.279581, -97.593456 30.279729, -97.593477 30.279782, -97.593502 30.27981, -97.593541 30.279841, -97.593693 30.279878, -97.593801 30.279915, -97.594103 30.280124, -97.594478 30.28047, -97.59484 30.280823, -97.595032 30.28099, -97.595173 30.281096, -97.595315 30.281175, -97.595594 30.281293, -97.595892 30.281428, -97.596142 30.281566, -97.596168 30.281584, -97.596229 30.281626, -97.596253 30.281643))",38.4,2869.0,106923.0,174.0,156.0,57510072.25184836,4.9886913503360985e-05
"POLYGON ((-97.719393 30.415606, -97.718776 30.416581, -97.718374 30.417285, -97.71813 30.417602, -97.717345 30.418838, -97.716819 30.419737, -97.716322 30.420523, -97.715695 30.421533, -97.71563 30.421626, -97.715004 30.422603, -97.713785 30.424449, -97.713713 30.424535, -97.713642 30.424656, -97.71359 30.424744, -97.713519 30.424865, -97.71311 30.424656, -97.712623 30.424502, -97.71236 30.424381, -97.712277 30.424356, -97.712048 30.424302, -97.711592 30.424157, -97.711029 30.423897, -97.708363 30.422641, -97.708178 30.422538, -97.705529 30.421221, -97.705425 30.42117, -97.70519 30.421035, -97.705258 30.420974, -97.705339 30.420888, -97.705357 30.420869, -97.707051 30.419076, -97.707302 30.418832, -97.707418 30.41872, -97.708211 30.4179, -97.708412 30.417984, -97.710506 30.419016, -97.71126 30.419387, -97.711606 30.418798, -97.711791 30.418584, -97.711902 30.418424, -97.712023 30.418314, -97.713148 30.417501, -97.71333 30.417353, -97.713448 30.417174, -97.713487 30.417096, -97.713565 30.41694, -97.713618 30.416663, -97.713742 30.416484, -97.713782 30.416323, -97.713809 30.416191, -97.713804 30.415935, -97.71379 30.415855, -97.713763 30.41577, -97.713723 30.415689, -97.713678 30.415625, -97.713579 30.415518, -97.713519 30.415434, -97.713478 30.415354, -97.713451 30.415268, -97.713436 30.415158, -97.713456 30.41488, -97.713594 30.414586, -97.713676 30.414503, -97.713787 30.414409, -97.714088 30.414277, -97.714692 30.414226, -97.714849 30.414246, -97.715025 30.41428, -97.715176 30.414324, -97.715339 30.414399, -97.716164 30.414732, -97.717108 30.415087, -97.717359 30.415163, -97.718594 30.41534, -97.719067 30.415416, -97.719393 30.415606))",48.1,1667.0,95813.0,37.0,12.0,715978.120513735,0.00232828343805238
"POLYGON ((-97.894488 30.312988, -97.894479 30.313151, -97.894447 30.313281, -97.894419 30.313503, -97.894384 30.313642, -97.89436 30.313693, -97.89428 30.313791, -97.894204 30.31391, -97.894165 30.313985, -97.8941 30.314165, -97.894049 30.314362, -97.89395 30.314746, -97.893939 30.314857, -97.893922 30.314907, -97.893727 30.315235, -97.893459 30.315796, -97.893361 30.31595, -97.893266 30.316121, -97.893198 30.316229, -97.892986 30.316556, -97.892913 30.316661, -97.892878 30.316848, -97.892803 30.317133, -97.892759 30.317268, -97.892741 30.317384, -97.89274 30.31751, -97.892748 30.317701, -97.892702 30.317826, -97.892664 30.31805, -97.892639 30.318161, -97.89261 30.318228, -97.892584 30.318264, -97.892514 30.318324, -97.892311 30.318456, -97.892278 30.318487, -97.892238 30.318549, -97.89221 30.318631, -97.892195 30.318734, -97.892196 30.318836, -97.892229 30.319044, -97.892229 30.319182, -97.892217 30.319312, -97.892196 30.319387, -97.892159 30.319442, -97.891857 30.31973, -97.891764 30.319794, -97.891434 30.319994, -97.891302 30.320096, -97.891249 30.32015, -97.891205 30.320217, -97.891168 30.320298, -97.891145 30.320384, -97.891139 30.320469, -97.891147 30.32054, -97.891177 30.320685, -97.891189 30.32082, -97.891187 30.32092, -97.891173 30.320976, -97.891144 30.321039, -97.891079 30.321134, -97.890972 30.321271, -97.890875 30.321436, -97.890802 30.321587, -97.890731 30.321755, -97.890672 30.321917, -97.890536 30.322205, -97.890499 30.322326, -97.890483 30.322439, -97.890488 30.322522, -97.890508 30.322625, -97.890665 30.32306, -97.890705 30.323138, -97.890997 30.323548, -97.891058 30.323671, -97.891098 30.32378, -97.891117 30.323874, -97.891119 30.323913, -97.891111 30.323985, -97.890984 30.324488, -97.890857 30.324811, -97.890794 30.32495, -97.890666 30.325181, -97.890563 30.325389, -97.890533 30.325479, -97.890516 30.325596, -97.890512 30.325712, -97.890524 30.325814, -97.890568 30.325985, -97.89074 30.326429, -97.890792 30.326514, -97.890862 30.326619, -97.890986 30.326803, -97.891014 30.326853, -97.891088 30.327008, -97.891194 30.327175, -97.891388 30.327525, -97.89146 30.327669, -97.89151 30.327814, -97.891534 30.32791, -97.89158 30.328155, -97.891576 30.328203, -97.891541 30.328274, -97.891403 30.328459, -97.891264 30.328494, -97.891177 30.328529, -97.891109 30.328572, -97.89105 30.328627, -97.890994 30.328698, -97.890894 30.328839, -97.890792 30.328965, -97.890689 30.329069, -97.890544 30.329183, -97.890412 30.329268, -97.890265 30.329344, -97.890019 30.329434, -97.889881 30.329479, -97.889792 30.329498, -97.889633 30.329523, -97.889436 30.329567, -97.889326 30.329604, -97.889246 30.32964, -97.889188 30.329678, -97.889135 30.329729, -97.889096 30.329785, -97.889063 30.329864, -97.889048 30.329925, -97.8891 30.329983, -97.889212 30.330067, -97.88929 30.330107, -97.889777 30.330283, -97.889957 30.330355, -97.890013 30.330368, -97.89011 30.330378, -97.890156 30.330383, -97.890251 30.330399, -97.890344 30.330426, -97.89038 30.330446, -97.890454 30.330503, -97.890831 30.330849, -97.890945 30.330965, -97.890998 30.33104, -97.891041 30.331115, -97.891066 30.331191, -97.891069 30.331237, -97.891062 30.331279, -97.891029 30.331365, -97.890954 30.331509, -97.89089 30.331614, -97.890864 30.331678, -97.890853 30.331749, -97.890855 30.331826, -97.890869 30.331896, -97.890897 30.331968, -97.890968 30.332035, -97.890976 30.332056, -97.890971 30.332162, -97.890928 30.332479, -97.89086 30.332798, -97.89084 30.332937, -97.890736 30.333294, -97.890713 30.333425, -97.890704 30.333651, -97.890676 30.333952, -97.890653 30.334086, -97.890652 30.334137, -97.890668 30.33423, -97.890727 30.334404, -97.89077 30.33449, -97.89084 30.334588, -97.890883 30.334637, -97.890987 30.334719, -97.891017 30.334769, -97.891042 30.334847, -97.891093 30.335215, -97.891091 30.335283, -97.891071 30.33538, -97.891023 30.33556, -97.890856 30.336013, -97.89085 30.336088, -97.890859 30.336161, -97.890879 30.336203, -97.890909 30.336238, -97.890949 30.336263, -97.890997 30.336278, -97.89103 30.336282, -97.891177 30.336275, -97.891439 30.336214, -97.89159 30.336186, -97.891684 30.336182, -97.891745 30.336192, -97.891801 30.336216, -97.89184 30.336241, -97.891926 30.33631, -97.89195 30.336334, -97.891981 30.336383, -97.891993 30.336445, -97.891985 30.336519, -97.891958 30.336609, -97.891926 30.336678, -97.891885 30.336728, -97.891796 30.33679, -97.891714 30.336837, -97.891512 30.33694, -97.891243 30.337107, -97.891107 30.337204, -97.891004 30.337298, -97.890904 30.337403, -97.890842 30.337478, -97.890784 30.337588, -97.89072 30.337656, -97.890595 30.337763, -97.89051 30.337824, -97.890471 30.337861, -97.890447 30.337884, -97.890434 30.337914, -97.890432 30.337964, -97.890442 30.338014, -97.890459 30.338058, -97.890458 30.338136, -97.890451 30.338397, -97.890435 30.338535, -97.890407 30.338624, -97.890345 30.338766, -97.890271 30.338881, -97.890233 30.338917, -97.890199 30.338931, -97.890135 30.338933, -97.889895 30.338917, -97.889867 30.338918, -97.889805 30.338933, -97.889698 30.338975, -97.889605 30.339024, -97.889519 30.339085, -97.889476 30.339132, -97.889441 30.339192, -97.889428 30.339224, -97.889417 30.339293, -97.889423 30.33937, -97.889441 30.339448, -97.889483 30.339551, -97.889539 30.339664, -97.889596 30.339758, -97.889612 30.339809, -97.889616 30.33988, -97.889612 30.340045, -97.8896 30.340147, -97.889578 30.340217, -97.889571 30.340279, -97.889578 30.340335, -97.889598 30.340381, -97.889644 30.340459, -97.889697 30.340585, -97.889778 30.3408, -97.890111 30.341325, -97.890161 30.341389, -97.890306 30.341535, -97.890326 30.34157, -97.890337 30.341622, -97.890341 30.341762, -97.890347 30.341973, -97.890353 30.342019, -97.890369 30.342066, -97.89038 30.342157, -97.890395 30.342375, -97.884965 30.343288, -97.883943 30.343435, -97.880623 30.343981, -97.880487 30.344003, -97.880377 30.344054, -97.880281 30.344083, -97.879873 30.344205, -97.879054 30.34445, -97.879142 30.3439, -97.879164 30.343766, -97.879173 30.343709, -97.87918 30.343601, -97.879179 30.343445, -97.879159 30.343326, -97.879136 30.343253, -97.87911 30.343209, -97.879038 30.343135, -97.879011 30.343099, -97.878971 30.343017, -97.878944 30.342967, -97.879789 30.3425, -97.880267 30.342162, -97.88039 30.342057, -97.880457 30.341713, -97.880477 30.341412, -97.880763 30.340778, -97.880737 30.340462, -97.880787 30.34017, -97.880861 30.340174, -97.880795 30.340128, -97.880803 30.34003, -97.880806 30.339935, -97.880804 30.339705, -97.880809 30.33947, -97.880823 30.339405, -97.88088 30.339268, -97.88089 30.339212, -97.880885 30.339179, -97.880862 30.339126, -97.880844 30.339084, -97.880844 30.338958, -97.880873 30.338708, -97.880888 30.33863, -97.880905 30.338572, -97.880918 30.338528, -97.88095 30.338458, -97.881053 30.338295, -97.881194 30.338099, -97.881211 30.338055, -97.881214 30.338007, -97.881203 30.337963, -97.881178 30.33793, -97.881014 30.337798, -97.880859 30.337655, -97.880832 30.337618, -97.880806 30.337546, -97.880794 30.337467, -97.880788 30.337368, -97.880798 30.337273, -97.880815 30.337217, -97.880843 30.337159, -97.880895 30.337078, -97.880953 30.337014, -97.881008 30.336972, -97.881092 30.33692, -97.881129 30.336892, -97.881283 30.336752, -97.881385 30.336636, -97.881468 30.336522, -97.881479 30.336504, -97.881504 30.33644, -97.881507 30.336401, -97.881498 30.336347, -97.881474 30.336286, -97.881448 30.336234, -97.881388 30.336149, -97.881352 30.336087, -97.881332 30.336004, -97.881324 30.335823, -97.881204 30.335803, -97.881138 30.33578, -97.880837 30.335604, -97.880727 30.335548, -97.880573 30.335506, -97.880481 30.335468, -97.880406 30.335427, -97.88035 30.335383, -97.88027 30.335289, -97.880114 30.335073, -97.880044 30.33499, -97.879976 30.334934, -97.879929 30.334909, -97.879831 30.334871, -97.879532 30.334773, -97.879152 30.335925, -97.878247 30.33733, -97.878195 30.337401, -97.878089 30.337514, -97.877986 30.337595, -97.877899 30.337648, -97.877758 30.337711, -97.877666 30.337742, -97.877517 30.337773, -97.877434 30.337782, -97.87728 30.337782, -97.877196 30.337775, -97.877034 30.337741, -97.876904 30.337695, -97.876414 30.337457, -97.876309 30.3374, -97.8762 30.337324, -97.875738 30.336938, -97.875629 30.336865, -97.875217 30.336659, -97.875074 30.336873, -97.874997 30.337001, -97.874904 30.337112, -97.873989 30.336646, -97.872995 30.336275, -97.872773 30.336514, -97.871099 30.333983, -97.86934 30.331282, -97.868647 30.332074, -97.868477 30.332316, -97.868323 30.33246, -97.867986 30.332774, -97.867808 30.332916, -97.867619 30.333078, -97.867217 30.33359, -97.866674 30.334358, -97.866057 30.335086, -97.865542 30.335895, -97.865194 30.336639, -97.864917 30.337531, -97.864826 30.338046, -97.863935 30.339354, -97.863531 30.33993, -97.863415 30.34037, -97.863208 30.34082, -97.863199 30.340894, -97.863146 30.341009, -97.863084 30.341109, -97.863025 30.341188, -97.862952 30.341244, -97.862816 30.341341, -97.86264 30.34142, -97.862484 30.341463, -97.861949 30.341536, -97.861783 30.341571, -97.861687 30.341602, -97.861601 30.341658, -97.861494 30.341747, -97.861417 30.34185, -97.861167 30.342247, -97.861678 30.342735, -97.861799 30.342842, -97.862057 30.343167, -97.862243 30.343475, -97.862357 30.343715, -97.862399 30.343913, -97.862417 30.344029, -97.862406 30.344152, -97.862357 30.344407, -97.862276 30.344641, -97.862205 30.344793, -97.862136 30.344909, -97.861795 30.345604, -97.861384 30.346466, -97.861265 30.346713, -97.8612 30.34683, -97.861039 30.347035, -97.860891 30.347222, -97.860767 30.347376, -97.86046 30.34767, -97.860016 30.347867, -97.85978 30.347916, -97.85961 30.348008, -97.859518 30.348086, -97.859458 30.34815, -97.859369 30.34833, -97.859055 30.349263, -97.85888 30.349755, -97.858719 30.350181, -97.858442 30.350568, -97.858171 30.350425, -97.858124 30.350413, -97.858113 30.350412, -97.858057 30.350409, -97.857979 30.350413, -97.857892 30.350452, -97.857839 30.350486, -97.857782 30.350534, -97.857697 30.350607, -97.857647 30.35066, -97.857528 30.350799, -97.857338 30.351041, -97.857149 30.351285, -97.85699 30.351469, -97.856897 30.351581, -97.856822 30.351667, -97.85676 30.351722, -97.856644 30.351778, -97.856478 30.351835, -97.856303 30.351899, -97.856253 30.351934, -97.856207 30.351976, -97.856175 30.352015, -97.856155 30.352079, -97.85593 30.352748, -97.855585 30.352648, -97.855434 30.352606, -97.855121 30.352437, -97.855088 30.35249, -97.854816 30.352588, -97.854538 30.352589, -97.854478 30.35254, -97.854269 30.352445, -97.854173 30.352453, -97.854102 30.352521, -97.854039 30.352521, -97.853937 30.352461, -97.85381 30.352558, -97.853824 30.352662, -97.853788 30.352736, -97.853767 30.35303, -97.851343 30.351873, -97.850786 30.351603, -97.850631 30.351292, -97.847465 30.346705, -97.845711 30.341436, -97.845193 30.340398, -97.845499 30.340317, -97.846166 30.340336, -97.846458 30.340344, -97.846612 30.340345, -97.846868 30.340347, -97.847127 30.340407, -97.847362 30.340469, -97.847566 30.340464, -97.847712 30.340461, -97.847979 30.340479, -97.848065 30.34048, -97.848238 30.340423, -97.848464 30.340282, -97.848582 30.339951, -97.848671 30.339977, -97.848814 30.340025, -97.848942 30.340094, -97.849114 30.340173, -97.849271 30.340191, -97.849402 30.340256, -97.849452 30.340348, -97.849499 30.340568, -97.849586 30.340649, -97.849655 30.340648, -97.849769 30.340646, -97.849946 30.340557, -97.850063 30.340507, -97.850203 30.340515, -97.850226 30.340499, -97.850222 30.340479, -97.849873 30.340095, -97.849746 30.339782, -97.849938 30.339304, -97.849943 30.339084, -97.849319 30.338357, -97.848833 30.338064, -97.848464 30.337862, -97.848187 30.337584, -97.848153 30.337182, -97.848115 30.336285, -97.848153 30.335961, -97.848306 30.335848, -97.848695 30.335723, -97.848836 30.335678, -97.849553 30.335435, -97.849383 30.334889, -97.849292 30.334637, -97.849269 30.334514, -97.849254 30.334363, -97.849257 30.334309, -97.849374 30.333858, -97.849266 30.333468, -97.849212 30.333189, -97.849192 30.332916, -97.84916 30.332784, -97.849109 30.332673, -97.849009 30.332485, -97.848946 30.332316, -97.848869 30.332111, -97.848595 30.33164, -97.848452 30.331343, -97.848284 30.330983, -97.848144 30.330564, -97.848098 30.330418, -97.848067 30.329711, -97.848081 30.329636, -97.848098 30.329588, -97.84819 30.329445, -97.848428 30.329132, -97.848655 30.328811, -97.848903 30.328486, -97.84902 30.328361, -97.849068 30.328324, -97.849102 30.328305, -97.84917 30.328265, -97.849594 30.328029, -97.849885 30.327884, -97.850353 30.327593, -97.85063 30.327382, -97.850887 30.327153, -97.851072 30.327019, -97.851495 30.326754, -97.851923 30.326511, -97.852107 30.326393, -97.852182 30.326316, -97.852243 30.32622, -97.85228 30.326109, -97.852294 30.325986, -97.852303 30.325815, -97.85228 30.325555, -97.852211 30.325141, -97.852046 30.324259, -97.852011 30.324076, -97.851966 30.323737, -97.85198 30.323611, -97.852029 30.323466, -97.852146 30.32324, -97.852283 30.323049, -97.852368 30.322949, -97.852448 30.322849, -97.852488 30.322735, -97.852504 30.322634, -97.852497 30.322561, -97.852454 30.322387, -97.852428 30.322233, -97.852442 30.322096, -97.852468 30.322033, -97.852517 30.321984, -97.852637 30.321907, -97.852799 30.321807, -97.852965 30.321673, -97.853042 30.321582, -97.853087 30.321499, -97.853099 30.321482, -97.853119 30.321345, -97.853116 30.321222, -97.853062 30.321022, -97.852959 30.320783, -97.852808 30.320477, -97.852776 30.320377, -97.852776 30.32026, -97.852785 30.320149, -97.852808 30.320038, -97.852831 30.319984, -97.853042 30.319638, -97.853167 30.319481, -97.85325 30.319384, -97.853376 30.31927, -97.853629 30.319106, -97.85379 30.318987, -97.853907 30.318896, -97.854012 30.318805, -97.854089 30.318722, -97.854181 30.318634, -97.854339 30.318365, -97.85441 30.318217, -97.854473 30.318026, -97.854507 30.317817, -97.854527 30.317109, -97.854539 30.316966, -97.854576 30.316827, -97.854616 30.31669, -97.85469 30.316496, -97.854779 30.31627, -97.854936 30.315876, -97.855185 30.315301, -97.855246 30.315122, -97.855245 30.315058, -97.855185 30.314953, -97.85512 30.314877, -97.85505 30.314801, -97.854948 30.314733, -97.854836 30.314617, -97.85479 30.31453, -97.854795 30.314422, -97.854816 30.314319, -97.854883 30.314216, -97.855889 30.314634, -97.856117 30.314757, -97.856293 30.31484, -97.856415 30.314886, -97.856661 30.314996, -97.856934 30.31512, -97.857195 30.315225, -97.857277 30.315262, -97.8575 30.31536, -97.857777 30.315498, -97.858131 30.31564, -97.858433 30.315784, -97.858693 30.315929, -97.858922 30.316081, -97.859724 30.316765, -97.859857 30.316906, -97.860047 30.317073, -97.860247 30.317257, -97.860428 30.317415, -97.860553 30.317508, -97.860759 30.317664, -97.8609 30.317746, -97.861084 30.317853, -97.861338 30.317963, -97.861522 30.318051, -97.861742 30.318105, -97.861895 30.318156, -97.862133 30.318209, -97.862331 30.318233, -97.862565 30.31826, -97.862946 30.318283, -97.863303 30.31826, -97.863758 30.318184, -97.864162 30.318071, -97.865117 30.317845, -97.865549 30.317699, -97.865638 30.31781, -97.866033 30.317752, -97.866527 30.317718, -97.867071 30.317696, -97.867567 30.317673, -97.867973 30.317668, -97.868247 30.317646, -97.868493 30.317629, -97.868677 30.317612, -97.868868 30.317576, -97.869095 30.317547, -97.869277 30.317508, -97.8695 30.317439, -97.869867 30.317324, -97.870493 30.3171, -97.87116 30.31686, -97.872218 30.31648, -97.872465 30.316413, -97.872725 30.316364, -97.873127 30.316324, -97.87385 30.316302, -97.874893 30.316325, -97.875132 30.31632, -97.875485 30.31636, -97.875819 30.316405, -97.87609 30.316436, -97.876322 30.316458, -97.876525 30.316464, -97.876723 30.316473, -97.876926 30.316472, -97.877214 30.31645, -97.877367 30.316438, -97.877523 30.316399, -97.877674 30.31636, -97.877929 30.31628, -97.877999 30.316266, -97.878166 30.316215, -97.878372 30.316131, -97.87859 30.316032, -97.878802 30.315916, -97.87898 30.315791, -97.879233 30.315609, -97.879431 30.31542, -97.879637 30.315222, -97.88014 30.314617, -97.880635 30.313988, -97.881039 30.313545, -97.881271 30.313287, -97.88146 30.313111, -97.881664 30.312961, -97.881929 30.3128, -97.882359 30.312574, -97.883013 30.312281, -97.883553 30.312055, -97.883807 30.311945, -97.884135 30.311826, -97.884494 30.311716, -97.884686 30.311659, -97.884929 30.311592, -97.885348 30.311479, -97.885724 30.311346, -97.8861 30.311173, -97.886508 30.310936, -97.886832 30.31071, -97.888212 30.309693, -97.888415 30.309566, -97.888684 30.309393, -97.888936 30.309263, -97.889154 30.309187, -97.889478 30.309081, -97.889769 30.309006, -97.890117 30.308963, -97.890356 30.308912, -97.891574 30.308687, -97.891872 30.30862, -97.892154 30.308541, -97.892675 30.308338, -97.893206 30.308103, -97.893744 30.307992, -97.892089 30.309859, -97.892415 30.310101, -97.892846 30.31045, -97.893919 30.311363, -97.893891 30.311424, -97.893849 30.311502, -97.893848 30.311535, -97.893883 30.31163, -97.893925 30.311691, -97.89398 30.311745, -97.894051 30.311801, -97.894094 30.311846, -97.894114 30.311885, -97.894114 30.311907, -97.894094 30.311966, -97.894096 30.312019, -97.89411 30.312052, -97.894134 30.312074, -97.894205 30.312117, -97.894264 30.312165, -97.894292 30.312202, -97.894299 30.312221, -97.894299 30.312265, -97.894287 30.312334, -97.894264 30.312425, -97.894268 30.312488, -97.894284 30.312527, -97.894363 30.312624, -97.894429 30.312706, -97.894468 30.312763, -97.894474 30.312783, -97.894485 30.312822, -97.894488 30.312988))",42.2,3607.0,147917.0,38.0,36.0,12061153.191699918,0.0002990592974544272
"POLYGON ((-97.701842 30.428071, -97.701381 30.429613, -97.701074 30.430544, -97.700999 30.430773, -97.700626 30.430702, -97.700488 30.430711, -97.70031 30.430669, -97.699528 30.430482, -97.698958 30.430319, -97.698755 30.430274, -97.698295 30.430172, -97.698001 30.430106, -97.69675 30.429829, -97.695425 30.429556, -97.695301 30.429528, -97.693923 30.429225, -97.692704 30.428964, -97.69276 30.428782, -97.692936 30.428258, -97.692131 30.428071, -97.691738 30.428006, -97.691596 30.427961, -97.691365 30.427836, -97.691197 30.427752, -97.690409 30.42737, -97.690049 30.427208, -97.689589 30.427015, -97.690052 30.426255, -97.689248 30.425842, -97.687745 30.425132, -97.686928 30.424719, -97.68599 30.424276, -97.686894 30.422895, -97.687338 30.422219, -97.688688 30.420085, -97.689022 30.419605, -97.689991 30.418657, -97.691083 30.419559, -97.691723 30.420079, -97.692243 30.420514, -97.692873 30.420839, -97.693666 30.421084, -97.693065 30.421924, -97.69201 30.423468, -97.692733 30.423845, -97.693115 30.424051, -97.693526 30.424214, -97.693759 30.423922, -97.695422 30.424676, -97.695827 30.425067, -97.696196 30.425381, -97.696358 30.425518, -97.696686 30.425665, -97.6987 30.426644, -97.699287 30.427085, -97.700056 30.42745, -97.701263 30.427661, -97.701574 30.427716, -97.701924 30.427787, -97.701842 30.428071))",34.6,2571.0,97321.0,44.0,32.0,790706.4602431277,0.003251522694287163
"POLYGON ((-97.704338 30.420566, -97.703898 30.421814, -97.70378 30.422177, -97.703464 30.423047, -97.703226 30.423739, -97.702452 30.42597, -97.701924 30.427787, -97.701574 30.427716, -97.701263 30.427661, -97.700056 30.42745, -97.699287 30.427085, -97.6987 30.426644, -97.696686 30.425665, -97.696358 30.425518, -97.696196 30.425381, -97.695827 30.425067, -97.695422 30.424676, -97.693759 30.423922, -97.693526 30.424214, -97.693115 30.424051, -97.692733 30.423845, -97.69201 30.423468, -97.693065 30.421924, -97.693666 30.421084, -97.69394 30.420446, -97.694247 30.419454, -97.69442 30.419169, -97.694662 30.418794, -97.695128 30.418207, -97.695328 30.417405, -97.69542 30.416689, -97.695484 30.416481, -97.695888 30.415821, -97.696012 30.415939, -97.696935 30.416402, -97.697667 30.416768, -97.698136 30.417011, -97.698263 30.416975, -97.698348 30.417105, -97.698599 30.417223, -97.699228 30.417518, -97.699349 30.417484, -97.699415 30.417605, -97.700772 30.418275, -97.700912 30.418295, -97.700989 30.418373, -97.701558 30.418644, -97.702589 30.419395, -97.702716 30.419494, -97.703322 30.419915, -97.703559 30.420055, -97.703806 30.420225, -97.704044 30.420384, -97.704182 30.420472, -97.704231 30.420508, -97.704338 30.420566))",43.1,585.0,67277.0,0.0,0.0,880310.9053605902,0.0006645379449893037
"POLYGON ((-98.030654 30.35476, -98.030619 30.354808, -98.030571 30.354832, -98.030463 30.354882, -98.029952 30.355044, -98.029822 30.3551, -98.029756 30.35514, -98.029623 30.355249, -98.029368 30.355497, -98.029252 30.355624, -98.029154 30.355765, -98.029061 30.355938, -98.029034 30.356044, -98.029017 30.356154, -98.028971 30.356419, -98.028932 30.356838, -98.028921 30.356932, -98.028884 30.357034, -98.028853 30.357117, -98.028805 30.357198, -98.028633 30.35742, -98.028456 30.357612, -98.028358 30.357719, -98.028293 30.357817, -98.028249 30.357905, -98.028227 30.357985, -98.028101 30.358529, -98.028068 30.358644, -98.028016 30.358759, -98.027929 30.358897, -98.02787 30.358977, -98.027785 30.359047, -98.027745 30.359069, -98.027687 30.359101, -98.027579 30.35916, -98.027467 30.359213, -98.027327 30.359261, -98.026892 30.359372, -98.026745 30.359393, -98.026732 30.359524, -98.02666 30.360657, -98.026601 30.361874, -98.026238 30.361906, -98.025999 30.361955, -98.025806 30.361984, -98.025629 30.362017, -98.025489 30.36203, -98.025283 30.36204, -98.024903 30.36205, -98.024641 30.362063, -98.02455 30.362059, -98.024497 30.362041, -98.024376 30.36202, -98.023859 30.361811, -98.02362 30.361751, -98.023428 30.361705, -98.023126 30.361654, -98.022864 30.36165, -98.022361 30.361716, -98.021978 30.361755, -98.021857 30.361778, -98.021739 30.36182, -98.021614 30.361909, -98.021533 30.361974, -98.021405 30.362135, -98.021353 30.362252, -98.021332 30.362334, -98.021323 30.362439, -98.021351 30.362599, -98.021402 30.362704, -98.021457 30.362861, -98.02152 30.362946, -98.021611 30.363002, -98.021732 30.363057, -98.021991 30.363126, -98.022462 30.363231, -98.022413 30.363358, -98.022344 30.363421, -98.022073 30.363594, -98.021889 30.363682, -98.021713 30.36379, -98.021582 30.363895, -98.02147 30.363974, -98.021385 30.364013, -98.021261 30.364026, -98.02112 30.364036, -98.021022 30.364052, -98.020767 30.364147, -98.020597 30.364229, -98.020505 30.364275, -98.019334 30.364232, -98.019154 30.364442, -98.018977 30.364721, -98.018856 30.364981, -98.018793 30.365215, -98.018782 30.365304, -98.018773 30.365371, -98.018802 30.365535, -98.018862 30.365749, -98.019087 30.36621, -98.019155 30.366347, -98.019255 30.366612, -98.019236 30.366704, -98.019137 30.366759, -98.018955 30.366834, -98.018894 30.366884, -98.018812 30.366952, -98.018677 30.367134, -98.018615 30.367311, -98.018586 30.36753, -98.018536 30.367681, -98.018367 30.368041, -98.018256 30.368191, -98.018112 30.368356, -98.018027 30.368472, -98.017963 30.368558, -98.017842 30.36872, -98.017561 30.36917, -98.01678 30.370533, -98.016372 30.371308, -98.016069 30.371885, -98.015243 30.373529, -98.014933 30.374218, -98.014849 30.374451, -98.014434 30.373768, -98.01429 30.373608, -98.01397 30.373176, -98.013346 30.37244, -98.012898 30.37196, -98.012482 30.371656, -98.011938 30.371368, -98.010658 30.370952, -98.009424 30.371117, -98.009173 30.371186, -98.008578 30.371413, -98.00801 30.371632, -98.007647 30.371812, -98.007307 30.371983, -98.007037 30.372118, -98.006734 30.37227, -98.006261 30.372508, -98.005447 30.372915, -98.005033 30.373121, -98.004565 30.373379, -98.004223 30.373546, -98.003751 30.373745, -98.003602 30.373816, -98.003368 30.372991, -98.00311 30.37199, -98.004107 30.371108, -98.003946 30.370262, -98.003935 30.370163, -98.003894 30.369676, -98.003834 30.369293, -98.003789 30.369152, -98.003729 30.369044, -98.003585 30.368859, -98.003428 30.368726, -98.003232 30.368616, -98.003054 30.368552, -98.002861 30.368501, -98.002687 30.368449, -98.002581 30.36843, -98.002468 30.368423, -98.002294 30.368432, -98.00213 30.36844, -98.00189 30.368466, -98.001757 30.368489, -98.001651 30.368516, -98.001445 30.368601, -98.001157 30.36869, -98.000724 30.368841, -98.000559 30.368882, -98.000319 30.36884, -98.000058 30.3688, -97.999928 30.368745, -97.999838 30.368635, -97.999832 30.368498, -97.999852 30.368374, -97.999935 30.368168, -98.000127 30.367859, -98.000786 30.366836, -98.001295 30.366976, -98.001952 30.367341, -98.002197 30.367457, -98.002318 30.367487, -98.002475 30.367509, -98.002618 30.367513, -98.002874 30.367493, -98.002863 30.367218, -98.002866 30.367081, -98.002882 30.366982, -98.002997 30.366516, -98.00305 30.366344, -98.003118 30.36619, -98.003573 30.365164, -98.003745 30.36477, -98.003794 30.364661, -98.003831 30.364601, -98.003858 30.364562, -98.003929 30.364453, -98.003947 30.364414, -98.004043 30.364271, -98.004117 30.364156, -98.004616 30.3636, -98.004867 30.363463, -98.005155 30.363298, -98.005901 30.362957, -98.006042 30.36285, -98.006111 30.36278, -98.006179 30.3627, -98.006227 30.362619, -98.006267 30.362546, -98.006293 30.362466, -98.00631 30.362395, -98.006319 30.362316, -98.006319 30.362223, -98.006302 30.362097, -98.006257 30.36186, -98.006227 30.361725, -98.006223 30.36163, -98.00622 30.361502, -98.006218 30.361351, -98.006218 30.361218, -98.006209 30.361134, -98.006188 30.36105, -98.006162 30.360964, -98.006128 30.360876, -98.006089 30.360784, -98.00604 30.36067, -98.00584 30.360212, -98.00576 30.360078, -98.005678 30.359984, -98.005287 30.359566, -98.005094 30.359373, -98.005004 30.3593, -98.004919 30.359244, -98.004841 30.359202, -98.004736 30.359163, -98.004589 30.359131, -98.004393 30.359104, -98.004251 30.359086, -98.004103 30.359059, -98.003998 30.359033, -98.003902 30.359003, -98.003819 30.358974, -98.003705 30.358904, -98.003542 30.358801, -98.003219 30.358548, -98.002955 30.358344, -98.00278 30.358203, -98.00263 30.358054, -98.002532 30.35796, -98.002436 30.357839, -98.002335 30.357705, -98.002273 30.357611, -98.00223 30.357533, -98.002175 30.357428, -98.002058 30.357151, -98.001793 30.356814, -98.001696 30.356268, -98.001734 30.356106, -98.001751 30.355963, -98.001771 30.355884, -98.001796 30.355804, -98.001878 30.355659, -98.001933 30.355579, -98.002037 30.355455, -98.002172 30.355314, -98.002297 30.355191, -98.002338 30.355226, -98.00247 30.355306, -98.002597 30.355368, -98.002762 30.355434, -98.002914 30.355477, -98.003058 30.355505, -98.003194 30.355517, -98.003322 30.355522, -98.003467 30.355514, -98.003604 30.355499, -98.003745 30.355469, -98.003878 30.355424, -98.00401 30.355376, -98.004148 30.355308, -98.004289 30.355223, -98.0044 30.355134, -98.004491 30.355047, -98.0046 30.35492, -98.004705 30.354737, -98.004812 30.354539, -98.004873 30.354454, -98.004942 30.354333, -98.005032 30.354206, -98.005143 30.354063, -98.005386 30.353826, -98.005911 30.353232, -98.005973 30.353148, -98.006015 30.353075, -98.006054 30.352971, -98.006069 30.352871, -98.006066 30.352706, -98.006038 30.352567, -98.005982 30.352278, -98.005937 30.352052, -98.005905 30.351906, -98.005897 30.351822, -98.005894 30.351638, -98.005896 30.351558, -98.005913 30.351456, -98.00595 30.351323, -98.005981 30.351234, -98.006038 30.35112, -98.006091 30.351034, -98.006201 30.350909, -98.006325 30.350781, -98.006536 30.350644, -98.006699 30.35055, -98.006873 30.350482, -98.007012 30.350443, -98.007141 30.350423, -98.00734 30.350411, -98.007552 30.350414, -98.008006 30.350465, -98.008444 30.350512, -98.009001 30.350586, -98.009353 30.350615, -98.009602 30.350625, -98.009807 30.350634, -98.009956 30.35062, -98.010327 30.350547, -98.010462 30.350505, -98.011081 30.350328, -98.011602 30.350146, -98.011614 30.350143, -98.011634 30.350138, -98.011668 30.350129, -98.011698 30.350121, -98.011747 30.350108, -98.011759 30.350105, -98.011782 30.350099, -98.011818 30.350088, -98.011871 30.350073, -98.012051 30.35002, -98.012286 30.349952, -98.012704 30.34982, -98.013046 30.349711, -98.013216 30.349679, -98.01334 30.349657, -98.013497 30.349649, -98.013677 30.349657, -98.01386 30.349677, -98.014119 30.349708, -98.014462 30.349745, -98.014831 30.349786, -98.015084 30.349815, -98.015293 30.349824, -98.01544 30.349811, -98.015716 30.34976, -98.016068 30.349579, -98.016357 30.349343, -98.016623 30.349102, -98.016922 30.348833, -98.017192 30.348542, -98.017304 30.34845, -98.017444 30.348246, -98.017521 30.348002, -98.017548 30.347678, -98.017557 30.347082, -98.017585 30.346784, -98.017659 30.346504, -98.017733 30.346334, -98.017807 30.346212, -98.017947 30.34609, -98.018143 30.345935, -98.018291 30.34585, -98.018455 30.345762, -98.018638 30.345693, -98.018845 30.345654, -98.019107 30.345632, -98.019839 30.345737, -98.020076 30.345772, -98.020534 30.345851, -98.020923 30.345918, -98.021324 30.34598, -98.021738 30.346064, -98.022018 30.346102, -98.022164 30.346106, -98.022332 30.346112, -98.02264 30.346094, -98.022909 30.346051, -98.023189 30.345988, -98.023437 30.345918, -98.023732 30.345801, -98.023904 30.345724, -98.024146 30.34558, -98.024346 30.345439, -98.024548 30.345252, -98.024659 30.345152, -98.024818 30.344995, -98.025377 30.344421, -98.025582 30.344245, -98.025675 30.344133, -98.025823 30.343803, -98.025914 30.343486, -98.025924 30.343147, -98.025953 30.342912, -98.02611 30.34292, -98.026167 30.342923, -98.026208 30.342936, -98.026263 30.34301, -98.026394 30.343227, -98.026475 30.343334, -98.026605 30.343481, -98.02691 30.343845, -98.027176 30.344144, -98.02724 30.344248, -98.02729 30.344331, -98.027371 30.344494, -98.027393 30.34458, -98.027429 30.344769, -98.027447 30.344994, -98.02747 30.345563, -98.027474 30.345609, -98.027499 30.346176, -98.027512 30.346242, -98.027612 30.346968, -98.027677 30.347418, -98.027764 30.347952, -98.027819 30.348257, -98.0279 30.34866, -98.027945 30.348843, -98.028058 30.349282, -98.028104 30.34946, -98.028146 30.349663, -98.028176 30.349862, -98.028198 30.350067, -98.028198 30.350233, -98.0282 30.350533, -98.028233 30.352688, -98.028246 30.352782, -98.028277 30.352912, -98.028311 30.353021, -98.028342 30.353089, -98.028416 30.353204, -98.028503 30.353302, -98.028575 30.353377, -98.028623 30.353425, -98.028785 30.353545, -98.02906 30.353767, -98.029295 30.353954, -98.029456 30.354094, -98.029639 30.354223, -98.029799 30.354323, -98.029926 30.354395, -98.030036 30.354441, -98.030315 30.354546, -98.030696 30.354664, -98.030654 30.35476))",42.4,2070.0,240156.0,11.0,0.0,5176749.65639928,0.0003998648065666365
"POLYGON ((-97.704189 30.413662, -97.704156 30.413706, -97.703578 30.414515, -97.703433 30.414717, -97.703102 30.415406, -97.702123 30.41661, -97.701917 30.416916, -97.701625 30.417356, -97.700912 30.418295, -97.700772 30.418275, -97.699415 30.417605, -97.699349 30.417484, -97.699228 30.417518, -97.698599 30.417223, -97.698348 30.417105, -97.698263 30.416975, -97.698136 30.417011, -97.697667 30.416768, -97.696935 30.416402, -97.696012 30.415939, -97.695888 30.415821, -97.696507 30.414907, -97.696837 30.414141, -97.696853 30.412827, -97.69659 30.412153, -97.697151 30.411824, -97.697842 30.411706, -97.697984 30.411362, -97.698232 30.411164, -97.69885 30.410849, -97.699816 30.410278, -97.700667 30.411329, -97.701482 30.411912, -97.701906 30.412059, -97.702242 30.412132, -97.702657 30.412258, -97.703345 30.412524, -97.703479 30.412576, -97.703995 30.412775, -97.704605 30.413264, -97.704189 30.413662))",43.0,1060.0,79683.0,0.0,0.0,415675.06609121274,0.002550068759157667
"POLYGON ((-97.770689 30.361586, -97.770674 30.361824, -97.770637 30.362062, -97.770536 30.362489, -97.770557 30.362814, -97.770676 30.363247, -97.770681 30.363329, -97.770674 30.363374, -97.770664 30.363404, -97.770605 30.363527, -97.770501 30.36366, -97.770155 30.364008, -97.769416 30.36459, -97.769199 30.36526, -97.769013 30.366153, -97.768423 30.367227, -97.767815 30.367815, -97.767213 30.368361, -97.766739 30.368918, -97.76628 30.36962, -97.766042 30.369952, -97.765801 30.370331, -97.764876 30.36988, -97.763627 30.369268, -97.762842 30.368873, -97.762411 30.368708, -97.759897 30.367503, -97.760693 30.366603, -97.761442 30.366061, -97.76268 30.365278, -97.763369 30.364746, -97.763572 30.364519, -97.763691 30.364388, -97.763916 30.364071, -97.764361 30.363382, -97.764817 30.362592, -97.765285 30.361878, -97.765722 30.361186, -97.766123 30.360526, -97.766624 30.359647, -97.76798 30.360463, -97.768757 30.360854, -97.769059 30.360961, -97.769286 30.361017, -97.769588 30.361084, -97.769917 30.361134, -97.770244 30.361156, -97.770684 30.361149, -97.770689 30.361586))",51.1,483.0,189875.0,0.0,0.0,588407.525569962,0.0008208596576533266
"POLYGON ((-97.66693 30.387586, -97.666901 30.387625, -97.666845 30.387669, -97.666808 30.387684, -97.666731 30.387686, -97.666697 30.387681, -97.666579 30.387676, -97.666513 30.387689, -97.666442 30.387716, -97.66641 30.387745, -97.666384 30.387796, -97.666371 30.387868, -97.666377 30.387911, -97.666404 30.387986, -97.665751 30.387777, -97.664767 30.387613, -97.664669 30.387958, -97.664501 30.388551, -97.664341 30.3889, -97.663959 30.389175, -97.663415 30.389348, -97.662241 30.389516, -97.661822 30.389521, -97.661245 30.389262, -97.660805 30.389024, -97.660393 30.388801, -97.660197 30.389138, -97.659046 30.390825, -97.658414 30.390513, -97.657781 30.390202, -97.657098 30.389866, -97.656335 30.389492, -97.657609 30.387486, -97.658236 30.386496, -97.658654 30.385979, -97.659203 30.385069, -97.659272 30.384967, -97.659672 30.384377, -97.66011 30.38371, -97.660563 30.383057, -97.660987 30.382353, -97.661254 30.381891, -97.661349 30.38115, -97.661198 30.380669, -97.660496 30.379515, -97.660076 30.378752, -97.659981 30.378492, -97.659909 30.378321, -97.659872 30.37825, -97.659764 30.378102, -97.659598 30.377883, -97.659487 30.377778, -97.659007 30.37743, -97.658791 30.377273, -97.659128 30.376855, -97.659434 30.376389, -97.659895 30.375829, -97.660185 30.375524, -97.660546 30.375275, -97.660571 30.375305, -97.660642 30.375382, -97.660689 30.375422, -97.660834 30.375543, -97.660879 30.375576, -97.661074 30.375701, -97.661165 30.375745, -97.661248 30.375787, -97.661711 30.375981, -97.661803 30.376003, -97.661856 30.37602, -97.66193 30.376036, -97.66197 30.376062, -97.662248 30.376161, -97.662478 30.376274, -97.662589 30.376329, -97.662722 30.376407, -97.662784 30.376452, -97.662848 30.376506, -97.662886 30.376556, -97.662979 30.376704, -97.663053 30.37686, -97.663184 30.377255, -97.663299 30.377533, -97.663506 30.377963, -97.663605 30.378168, -97.663682 30.378318, -97.663714 30.378392, -97.663792 30.378673, -97.663832 30.378791, -97.66389 30.379015, -97.663978 30.379282, -97.664001 30.379351, -97.664025 30.379455, -97.66403 30.379523, -97.664026 30.379601, -97.664007 30.379692, -97.663957 30.379884, -97.663925 30.379969, -97.663913 30.380014, -97.66391 30.380034, -97.6639 30.380094, -97.663898 30.380159, -97.66391 30.380301, -97.663924 30.380622, -97.663982 30.381162, -97.663989 30.381225, -97.663999 30.381275, -97.66403 30.381437, -97.664054 30.381649, -97.66408 30.381745, -97.664112 30.381787, -97.664248 30.381933, -97.664313 30.38202, -97.66435 30.38208, -97.664383 30.382147, -97.664414 30.38223, -97.664456 30.382368, -97.664492 30.382463, -97.664611 30.382687, -97.664697 30.382829, -97.664711 30.382859, -97.664757 30.383009, -97.664795 30.383238, -97.664799 30.38337, -97.664806 30.383405, -97.664803 30.383434, -97.664773 30.383534, -97.66477 30.383594, -97.664773 30.383637, -97.664794 30.383729, -97.664848 30.383862, -97.664947 30.384165, -97.665172 30.384737, -97.665228 30.384924, -97.665328 30.385146, -97.665357 30.385277, -97.665404 30.385378, -97.66549 30.385525, -97.665498 30.385558, -97.665536 30.385639, -97.665601 30.385704, -97.665742 30.385809, -97.665849 30.385877, -97.665973 30.385993, -97.666057 30.386087, -97.666299 30.386407, -97.666315 30.38644, -97.666325 30.386506, -97.666403 30.386775, -97.666414 30.386845, -97.666428 30.386891, -97.666446 30.386931, -97.666539 30.387087, -97.666583 30.387186, -97.666633 30.38724, -97.666698 30.387294, -97.66673 30.387345, -97.666779 30.387382, -97.666846 30.387413, -97.666955 30.387486, -97.66693 30.387586))",41.5,1659.0,94200.0,40.0,68.0,753374.3914457881,0.002202092371120076
"POLYGON ((-97.699816 30.410278, -97.69885 30.410849, -97.698232 30.411164, -97.697984 30.411362, -97.697842 30.411706, -97.697151 30.411824, -97.69659 30.412153, -97.696853 30.412827, -97.696837 30.414141, -97.696507 30.414907, -97.695888 30.415821, -97.695756 30.415809, -97.694683 30.415271, -97.693332 30.414594, -97.693253 30.4145, -97.693158 30.414518, -97.690707 30.41339, -97.690577 30.413312, -97.690686 30.413184, -97.690708 30.413167, -97.69126 30.412283, -97.691512 30.411995, -97.691578 30.411904, -97.691711 30.411825, -97.692246 30.411492, -97.692319 30.411462, -97.692615 30.41134, -97.693089 30.411259, -97.693253 30.411238, -97.694692 30.411052, -97.695407 30.410827, -97.695532 30.410755, -97.695641 30.410712, -97.696188 30.410294, -97.696615 30.40967, -97.697034 30.408384, -97.697071 30.408281, -97.698384 30.408606, -97.698902 30.409065, -97.699816 30.410278))",31.1,2297.0,83147.0,0.0,74.0,299339.5500344249,0.007673560008144058
"POLYGON ((-97.695888 30.415821, -97.695484 30.416481, -97.69542 30.416689, -97.695328 30.417405, -97.695128 30.418207, -97.694662 30.418794, -97.69442 30.419169, -97.694247 30.419454, -97.69394 30.420446, -97.693666 30.421084, -97.692873 30.420839, -97.692243 30.420514, -97.691723 30.420079, -97.691083 30.419559, -97.689991 30.418657, -97.689665 30.41838, -97.688966 30.41789, -97.6888 30.417697, -97.688697 30.417453, -97.688648 30.417147, -97.688643 30.416352, -97.688639 30.415991, -97.688554 30.415602, -97.688384 30.415189, -97.688271 30.41526, -97.687444 30.415587, -97.686979 30.415771, -97.685895 30.416199, -97.685023 30.416932, -97.684769 30.417298, -97.6847 30.417401, -97.684634 30.417366, -97.684561 30.41734, -97.683987 30.417133, -97.683709 30.417014, -97.682914 30.416586, -97.682106 30.416178, -97.682489 30.41549, -97.682988 30.414665, -97.683536 30.41412, -97.683898 30.413855, -97.685496 30.413132, -97.685816 30.412789, -97.686669 30.411421, -97.686804 30.411498, -97.689353 30.412701, -97.690076 30.413041, -97.690405 30.413215, -97.690446 30.413238, -97.690577 30.413312, -97.690707 30.41339, -97.693158 30.414518, -97.693253 30.4145, -97.693332 30.414594, -97.694683 30.415271, -97.695756 30.415809, -97.695888 30.415821))",30.0,1502.0,52391.0,36.0,27.0,614696.9818265666,0.002443480356023256
"POLYGON ((-97.844422 30.393782, -97.844266 30.393859, -97.843751 30.394136, -97.842358 30.394755, -97.840981 30.395366, -97.840678 30.395279, -97.840459 30.395226, -97.840377 30.39522, -97.840284 30.395219, -97.840197 30.395224, -97.839857 30.395205, -97.839276 30.395147, -97.839049 30.395111, -97.838875 30.395063, -97.838799 30.395049, -97.838724 30.395069, -97.838575 30.395122, -97.838493 30.395146, -97.838273 30.395256, -97.838036 30.395388, -97.837836 30.395487, -97.837691 30.39553, -97.83764 30.395538, -97.837514 30.39553, -97.837409 30.3955, -97.837371 30.395498, -97.837297 30.395502, -97.837194 30.395527, -97.837137 30.395548, -97.837087 30.395585, -97.837026 30.395659, -97.83698 30.395725, -97.836946 30.395757, -97.836888 30.395789, -97.836805 30.395802, -97.836601 30.395853, -97.836321 30.395942, -97.836165 30.395999, -97.835952 30.396102, -97.835847 30.396161, -97.835774 30.396202, -97.835455 30.396351, -97.835412 30.396387, -97.83531 30.396447, -97.835177 30.396515, -97.834858 30.396661, -97.834798 30.396685, -97.834537 30.396764, -97.834442 30.396801, -97.834382 30.396829, -97.834225 30.396936, -97.834093 30.397068, -97.834018 30.397157, -97.833962 30.397242, -97.833919 30.397317, -97.833861 30.397445, -97.83384 30.397475, -97.833775 30.397533, -97.833574 30.397697, -97.833505 30.397736, -97.83326 30.39783, -97.833235 30.397849, -97.833203 30.397894, -97.833174 30.397946, -97.833132 30.398005, -97.833097 30.398035, -97.832883 30.398194, -97.832844 30.398243, -97.832803 30.398326, -97.832759 30.398459, -97.832727 30.398603, -97.832726 30.398697, -97.83272 30.39877, -97.832677 30.398984, -97.832621 30.399124, -97.832513 30.399316, -97.832268 30.399781, -97.832156 30.399956, -97.832101 30.400068, -97.832071 30.400101, -97.83202 30.400136, -97.83198 30.400176, -97.831931 30.400311, -97.8319 30.40041, -97.831882 30.400504, -97.831885 30.400566, -97.831904 30.400693, -97.831932 30.400807, -97.831942 30.40087, -97.831944 30.40094, -97.831936 30.401009, -97.831917 30.401073, -97.831886 30.401142, -97.831768 30.401341, -97.831693 30.401477, -97.831644 30.401553, -97.831557 30.401726, -97.831472 30.401869, -97.831435 30.401923, -97.831387 30.401979, -97.831347 30.402005, -97.831309 30.402015, -97.831186 30.402013, -97.831072 30.402005, -97.831039 30.401997, -97.830986 30.401985, -97.830897 30.401977, -97.830551 30.401972, -97.830449 30.401975, -97.830387 30.402, -97.829956 30.402203, -97.829857 30.402259, -97.829768 30.402319, -97.829689 30.402378, -97.829619 30.402437, -97.829545 30.402511, -97.829318 30.402776, -97.829259 30.40282, -97.829202 30.402844, -97.829095 30.402861, -97.828938 30.402874, -97.828783 30.402905, -97.828705 30.402931, -97.828635 30.402963, -97.828575 30.402996, -97.82844 30.403088, -97.828356 30.403135, -97.8282 30.403192, -97.828107 30.403231, -97.828019 30.403258, -97.827865 30.403287, -97.827828 30.403301, -97.827658 30.403413, -97.82755 30.403477, -97.82751 30.403496, -97.827437 30.403541, -97.827369 30.403552, -97.827332 30.403576, -97.827307 30.403605, -97.8272 30.403795, -97.827177 30.403846, -97.827147 30.403897, -97.82712 30.403916, -97.827067 30.40393, -97.826958 30.403937, -97.826923 30.403944, -97.826884 30.403968, -97.826839 30.404015, -97.826789 30.404057, -97.826651 30.404111, -97.826449 30.404145, -97.8264 30.404166, -97.826347 30.404198, -97.826271 30.404227, -97.826242 30.404252, -97.82623 30.404287, -97.826245 30.404347, -97.82627 30.404404, -97.826304 30.404466, -97.826326 30.404522, -97.826339 30.404648, -97.826339 30.40474, -97.826327 30.404805, -97.826281 30.404939, -97.826249 30.404988, -97.82619 30.405052, -97.826017 30.405197, -97.825924 30.405262, -97.825818 30.405325, -97.825646 30.405435, -97.825564 30.405477, -97.825422 30.405514, -97.825231 30.405542, -97.825167 30.405561, -97.825099 30.405593, -97.824797 30.405698, -97.824659 30.405802, -97.824586 30.405843, -97.824477 30.405918, -97.824374 30.406017, -97.824266 30.406142, -97.824099 30.406317, -97.824042 30.406387, -97.823993 30.406449, -97.823941 30.40653, -97.823839 30.406709, -97.823816 30.406764, -97.823784 30.406823, -97.823737 30.406884, -97.82371 30.406911, -97.823672 30.406965, -97.823625 30.40701, -97.823581 30.407067, -97.823542 30.407142, -97.823509 30.40722, -97.82346 30.40736, -97.823361 30.407534, -97.823296 30.407674, -97.823274 30.407758, -97.823273 30.407856, -97.823295 30.408079, -97.823314 30.408157, -97.823357 30.408227, -97.823372 30.40826, -97.823378 30.408295, -97.82338 30.40838, -97.82335 30.4085, -97.823273 30.408581, -97.823237 30.408636, -97.823227 30.408664, -97.823214 30.408743, -97.823214 30.408765, -97.823217 30.408903, -97.823212 30.409004, -97.823195 30.409128, -97.823186 30.409193, -97.823187 30.409297, -97.8232 30.409377, -97.82323 30.4095, -97.823261 30.409601, -97.823273 30.409632, -97.823288 30.40967, -97.823346 30.409787, -97.823394 30.409906, -97.823401 30.40993, -97.823431 30.41003, -97.823447 30.410114, -97.823446 30.410172, -97.823412 30.410339, -97.823404 30.410356, -97.823351 30.41042, -97.823267 30.410464, -97.823224 30.410505, -97.823159 30.410606, -97.823012 30.410747, -97.822981 30.410781, -97.822935 30.410852, -97.822867 30.410937, -97.8228 30.411077, -97.822681 30.411271, -97.82263 30.411379, -97.822586 30.411489, -97.822541 30.411634, -97.822416 30.412151, -97.822402 30.412241, -97.822398 30.412324, -97.822408 30.412413, -97.822421 30.412455, -97.822473 30.412539, -97.822535 30.412618, -97.822573 30.412688, -97.822612 30.412775, -97.822627 30.412827, -97.822627 30.412919, -97.822616 30.412983, -97.822595 30.41304, -97.822541 30.413124, -97.822502 30.413165, -97.82243 30.413213, -97.822381 30.413273, -97.822362 30.413318, -97.822335 30.413506, -97.822311 30.413598, -97.82228 30.41369, -97.822221 30.413816, -97.82215 30.41394, -97.82211 30.413995, -97.822065 30.414048, -97.821914 30.414193, -97.821889 30.414224, -97.821845 30.414304, -97.821792 30.414424, -97.82167 30.414643, -97.821414 30.41501, -97.821242 30.415215, -97.821108 30.415347, -97.820831 30.415542, -97.820747 30.415596, -97.820598 30.415684, -97.820412 30.415804, -97.820359 30.415832, -97.820059 30.415937, -97.819942 30.415971, -97.819763 30.416, -97.819387 30.416083, -97.81924 30.416131, -97.81916 30.416176, -97.81909 30.41619, -97.818883 30.416198, -97.818731 30.416242, -97.818584 30.416249, -97.818431 30.416245, -97.818325 30.416254, -97.818232 30.41627, -97.818095 30.416304, -97.817777 30.416412, -97.817562 30.416504, -97.817489 30.416549, -97.817357 30.416649, -97.817299 30.416683, -97.817169 30.416745, -97.817128 30.416768, -97.817093 30.416803, -97.817065 30.416864, -97.817042 30.4169, -97.816985 30.416966, -97.816928 30.417049, -97.816859 30.417119, -97.816821 30.417135, -97.816671 30.417168, -97.816619 30.417184, -97.816588 30.417198, -97.81654 30.417233, -97.816399 30.417349, -97.81631 30.417412, -97.816134 30.417546, -97.815937 30.417672, -97.815726 30.417796, -97.815497 30.417912, -97.815454 30.417938, -97.815402 30.417976, -97.815318 30.418053, -97.815182 30.418155, -97.815113 30.418201, -97.815038 30.418261, -97.814876 30.418383, -97.814718 30.418509, -97.814639 30.418562, -97.814587 30.418589, -97.814447 30.418637, -97.814235 30.418686, -97.813953 30.418735, -97.81358 30.418835, -97.813399 30.418878, -97.813272 30.4189, -97.813056 30.418955, -97.812822 30.419, -97.812772 30.419006, -97.812656 30.419021, -97.812031 30.419146, -97.811685 30.419183, -97.811219 30.419298, -97.811019 30.419339, -97.810841 30.419356, -97.81064 30.41934, -97.810408 30.419338, -97.810235 30.419344, -97.810201 30.41934, -97.809658 30.419192, -97.809552 30.419157, -97.809452 30.419124, -97.809431 30.419118, -97.80935 30.419097, -97.809206 30.419076, -97.809133 30.41906, -97.809063 30.419037, -97.808996 30.418997, -97.808936 30.418948, -97.808854 30.418906, -97.808821 30.4189, -97.808746 30.418907, -97.808664 30.418927, -97.808445 30.419014, -97.808377 30.419028, -97.80821 30.419063, -97.808143 30.419083, -97.808071 30.419097, -97.807997 30.419106, -97.807846 30.419103, -97.807724 30.41909, -97.807519 30.419059, -97.807472 30.419048, -97.80713 30.418942, -97.807041 30.41892, -97.80683 30.41888, -97.806511 30.418804, -97.806456 30.418799, -97.806421 30.418805, -97.806367 30.418815, -97.806332 30.418815, -97.806286 30.418809, -97.806189 30.418784, -97.806121 30.418773, -97.806019 30.418766, -97.805989 30.418771, -97.805922 30.418804, -97.805877 30.418819, -97.805821 30.418806, -97.805748 30.418767, -97.805671 30.418735, -97.805479 30.418668, -97.805393 30.418622, -97.8053 30.418566, -97.805188 30.418508, -97.805111 30.418473, -97.804943 30.418378, -97.804814 30.418305, -97.80459 30.418196, -97.804454 30.418141, -97.804406 30.41811, -97.804375 30.418084, -97.804303 30.41805, -97.804055 30.418009, -97.803974 30.417987, -97.803856 30.417948, -97.803729 30.417916, -97.803662 30.417894, -97.803449 30.417806, -97.803341 30.417784, -97.803176 30.417786, -97.803026 30.417788, -97.802961 30.417785, -97.802625 30.41774, -97.802438 30.417718, -97.80234 30.417707, -97.802289 30.417709, -97.802164 30.417722, -97.802054 30.41774, -97.801773 30.417815, -97.801577 30.417884, -97.801462 30.417939, -97.800866 30.418176, -97.800783 30.418202, -97.800603 30.418269, -97.800285 30.418373, -97.800162 30.418409, -97.800049 30.41844, -97.799858 30.418483, -97.799779 30.418497, -97.799672 30.418506, -97.799609 30.418505, -97.799385 30.418498, -97.799179 30.418484, -97.799123 30.418486, -97.799061 30.418497, -97.798909 30.418538, -97.798794 30.418576, -97.798662 30.418625, -97.798349 30.418729, -97.797706 30.418966, -97.797577 30.419004, -97.797336 30.419119, -97.79724 30.41917, -97.797143 30.419229, -97.796939 30.41938, -97.796826 30.419456, -97.796705 30.41954, -97.796641 30.41958, -97.796562 30.419606, -97.796465 30.419631, -97.796298 30.419665, -97.796031 30.419712, -97.795847 30.419765, -97.79565 30.419833, -97.795591 30.419859, -97.795532 30.419874, -97.795466 30.419902, -97.795251 30.419954, -97.794466 30.42007, -97.794329 30.420086, -97.794273 30.420093, -97.794077 30.420098, -97.794027 30.420099, -97.793984 30.420098, -97.79394 30.420097, -97.793911 30.420094, -97.793898 30.420092, -97.793842 30.420086, -97.793793 30.420068, -97.793811 30.41997, -97.793952 30.419221, -97.794154 30.418659, -97.794445 30.418211, -97.794914 30.417626, -97.795103 30.417211, -97.795176 30.416797, -97.795239 30.416001, -97.795275 30.415748, -97.795265 30.415582, -97.795249 30.41551, -97.795042 30.41523, -97.79461 30.414916, -97.792882 30.413375, -97.792419 30.412744, -97.792212 30.411197, -97.79219 30.411111, -97.792145 30.410899, -97.792158 30.410754, -97.792237 30.410478, -97.792325 30.410186, -97.792382 30.410003, -97.792448 30.409582, -97.792487 30.409173, -97.792461 30.40891, -97.792395 30.408752, -97.792303 30.408646, -97.791842 30.408198, -97.790643 30.40725, -97.790116 30.406815, -97.789852 30.406551, -97.789668 30.406275, -97.789484 30.405972, -97.78922 30.405669, -97.788746 30.405273, -97.788337 30.404894, -97.788295 30.404857, -97.787606 30.404522, -97.787167 30.404421, -97.787003 30.404383, -97.786195 30.404026, -97.7859 30.403814, -97.785857 30.403784, -97.785843 30.403769, -97.785522 30.403427, -97.784812 30.402491, -97.784661 30.40218, -97.784203 30.401234, -97.784095 30.40101, -97.783805 30.400318, -97.783733 30.400177, -97.783577 30.399873, -97.783412 30.399726, -97.783254 30.399584, -97.783149 30.39949, -97.783103 30.399449, -97.783088 30.399433, -97.78288 30.39921, -97.782192 30.398443, -97.781996 30.398306, -97.781559 30.398001, -97.781359 30.397928, -97.781016 30.397804, -97.780953 30.397783, -97.780588 30.39766, -97.780215 30.397565, -97.779772 30.397474, -97.779551 30.397428, -97.779122 30.397284, -97.779082 30.39727, -97.778722 30.397045, -97.77866 30.397006, -97.777571 30.396319, -97.777363 30.396114, -97.777254 30.396016, -97.77716 30.395873, -97.777103 30.395748, -97.777065 30.395599, -97.777137 30.395162, -97.777297 30.394446, -97.777428 30.394104, -97.77764 30.393713, -97.777769 30.393426, -97.778142 30.392644, -97.778172 30.392601, -97.778292 30.392428, -97.778341 30.392357, -97.778572 30.392009, -97.778592 30.391979, -97.778613 30.391931, -97.7786 30.391869, -97.778577 30.391769, -97.778541 30.391611, -97.778515 30.39154, -97.778468 30.391411, -97.778305 30.391193, -97.778222 30.391114, -97.7781 30.391048, -97.77793 30.391018, -97.777562 30.390999, -97.777328 30.390984, -97.776846 30.390975, -97.776307 30.390948, -97.776102 30.390938, -97.775994 30.390938, -97.775863 30.39092, -97.775754 30.390892, -97.775641 30.39086, -97.77555 30.390815, -97.775441 30.390748, -97.775269 30.390636, -97.774931 30.390387, -97.774802 30.390291, -97.7746 30.390139, -97.774492 30.390062, -97.77434 30.389943, -97.774287 30.389884, -97.774233 30.389815, -97.774188 30.389728, -97.774152 30.389625, -97.774137 30.389548, -97.774101 30.38931, -97.774097 30.389211, -97.774064 30.389031, -97.773998 30.388706, -97.773927 30.388499, -97.77384 30.388274, -97.773677 30.387956, -97.773466 30.387502, -97.773347 30.387275, -97.773312 30.387214, -97.773231 30.387091, -97.773162 30.387011, -97.773071 30.386939, -97.772925 30.386843, -97.77282 30.386778, -97.772625 30.386663, -97.772177 30.386403, -97.772056 30.386318, -97.771956 30.386245, -97.771855 30.386168, -97.771758 30.386079, -97.771666 30.385962, -97.77157 30.3858, -97.771517 30.385661, -97.771379 30.384886, -97.771331 30.384613, -97.771314 30.384488, -97.771322 30.384376, -97.771399 30.384055, -97.771505 30.383611, -97.771515 30.383541, -97.771521 30.383456, -97.771559 30.38324, -97.771559 30.383091, -97.77153 30.382983, -97.771415 30.38276, -97.771559 30.382689, -97.774172 30.381369, -97.774495 30.38118, -97.774661 30.381054, -97.774879 30.380899, -97.775187 30.380671, -97.776654 30.379426, -97.77675 30.379329, -97.776859 30.379252, -97.778267 30.378058, -97.778361 30.378089, -97.778605 30.37816, -97.778699 30.37821, -97.778797 30.378243, -97.779097 30.378326, -97.779784 30.378571, -97.779897 30.378624, -97.779964 30.378671, -97.780078 30.378769, -97.780113 30.378846, -97.780156 30.378867, -97.780282 30.378884, -97.780579 30.378915, -97.780625 30.378917, -97.780861 30.378872, -97.781316 30.378855, -97.781577 30.378805, -97.781603 30.378797, -97.78171 30.378748, -97.781809 30.378684, -97.782115 30.37855, -97.782235 30.378512, -97.782337 30.378469, -97.782565 30.378354, -97.782672 30.378281, -97.782897 30.378155, -97.782992 30.378093, -97.783191 30.37795, -97.783361 30.377807, -97.783471 30.377738, -97.783555 30.377697, -97.783602 30.377683, -97.783687 30.377634, -97.783726 30.377598, -97.783816 30.377663, -97.783942 30.377763, -97.783972 30.377813, -97.783989 30.377873, -97.783989 30.377947, -97.783963 30.378096, -97.783948 30.378227, -97.783924 30.378331, -97.783926 30.378413, -97.783959 30.378573, -97.784006 30.378716, -97.784041 30.378779, -97.784081 30.378835, -97.784197 30.378953, -97.784262 30.378994, -97.784347 30.379029, -97.784399 30.379046, -97.784588 30.379094, -97.784935 30.379198, -97.785048 30.379228, -97.785076 30.37924, -97.785126 30.379278, -97.785165 30.379364, -97.78518 30.379423, -97.785189 30.379493, -97.785187 30.379554, -97.78517 30.379615, -97.785116 30.379764, -97.785094 30.379798, -97.785023 30.379878, -97.784843 30.379999, -97.784791 30.380047, -97.784754 30.380099, -97.784739 30.380153, -97.78472 30.380274, -97.784724 30.380327, -97.78473 30.380348, -97.78477 30.380397, -97.784785 30.380436, -97.784802 30.380507, -97.784827 30.380586, -97.784906 30.380713, -97.784989 30.380857, -97.785018 30.380897, -97.78517 30.38106, -97.785255 30.381157, -97.785299 30.38122, -97.785369 30.381293, -97.785458 30.381396, -97.785563 30.381502, -97.785607 30.381581, -97.785648 30.381678, -97.785691 30.381807, -97.785731 30.381863, -97.785853 30.382004, -97.785989 30.382127, -97.786039 30.382161, -97.786193 30.382219, -97.786238 30.382246, -97.78638 30.382438, -97.786933 30.383088, -97.787073 30.383138, -97.787192 30.383109, -97.787391 30.382958, -97.787487 30.382815, -97.78776 30.382565, -97.787829 30.38255, -97.787905 30.38256, -97.788066 30.382664, -97.788218 30.382775, -97.788527 30.38293, -97.788702 30.382882, -97.78878 30.382821, -97.788996 30.382768, -97.78948 30.382846, -97.789783 30.382771, -97.790119 30.382655, -97.790377 30.382655, -97.790583 30.382709, -97.791165 30.383052, -97.791534 30.382933, -97.791777 30.382779, -97.791993 30.382753, -97.792281 30.382873, -97.792368 30.382942, -97.792545 30.383082, -97.792904 30.38332, -97.793315 30.38347, -97.79376 30.383466, -97.794246 30.383672, -97.794788 30.383865, -97.795327 30.384016, -97.795451 30.383899, -97.795553 30.383843, -97.795605 30.383824, -97.796863 30.382509, -97.797245 30.382328, -97.79736 30.382469, -97.797464 30.382582, -97.797584 30.382686, -97.79778 30.382877, -97.79786 30.382948, -97.797932 30.38299, -97.798045 30.383046, -97.798157 30.38309, -97.798266 30.383119, -97.79869 30.383188, -97.7988 30.382714, -97.798897 30.382331, -97.798941 30.382114, -97.798977 30.38188, -97.798992 30.381769, -97.798999 30.381614, -97.798985 30.381446, -97.798964 30.38132, -97.798943 30.381225, -97.79889 30.381068, -97.798319 30.380054, -97.797943 30.37941, -97.797744 30.379076, -97.797501 30.378631, -97.797473 30.378561, -97.797432 30.378451, -97.797418 30.37838, -97.797409 30.378297, -97.797413 30.378145, -97.797458 30.377784, -97.797519 30.377442, -97.797689 30.377127, -97.798234 30.376573, -97.798783 30.376076, -97.798878 30.37599, -97.79897 30.375891, -97.799062 30.375765, -97.799113 30.375672, -97.799151 30.37559, -97.799188 30.375495, -97.799228 30.375355, -97.799264 30.375253, -97.799373 30.374861, -97.799412 30.374634, -97.79943 30.374422, -97.799433 30.374101, -97.799387 30.37367, -97.799317 30.373422, -97.799239 30.373178, -97.799126 30.372928, -97.79896 30.372634, -97.798875 30.372468, -97.798847 30.372345, -97.798818 30.372185, -97.798818 30.37197, -97.798846 30.371786, -97.798963 30.371532, -97.799091 30.371359, -97.799172 30.37127, -97.799253 30.371221, -97.799447 30.371097, -97.800053 30.370746, -97.801819 30.369608, -97.801991 30.369497, -97.802604 30.37033, -97.802848 30.370684, -97.80306 30.371016, -97.803297 30.371476, -97.803845 30.372674, -97.804057 30.373151, -97.804282 30.373658, -97.804346 30.373798, -97.80441 30.373939, -97.804541 30.374239, -97.804686 30.374592, -97.805016 30.375654, -97.805081 30.375865, -97.805364 30.376893, -97.805486 30.377181, -97.80561 30.377488, -97.805744 30.377725, -97.805847 30.377927, -97.8059 30.378015, -97.805981 30.378149, -97.806045 30.378245, -97.8063 30.378586, -97.806681 30.379036, -97.806878 30.379227, -97.807083 30.379421, -97.807363 30.379651, -97.807741 30.379927, -97.808105 30.380216, -97.808437 30.38045, -97.808988 30.38081, -97.809204 30.380927, -97.80943 30.381057, -97.809762 30.38122, -97.81026 30.381432, -97.811476 30.381934, -97.811925 30.382093, -97.812197 30.382167, -97.812441 30.382238, -97.812674 30.382287, -97.812896 30.382337, -97.81326 30.382386, -97.813543 30.382428, -97.814563 30.382472, -97.815416 30.382469, -97.81561 30.382476, -97.815745 30.382487, -97.815868 30.382497, -97.815988 30.382512, -97.816101 30.382533, -97.816359 30.382572, -97.816674 30.382646, -97.816936 30.382729, -97.81743 30.382933, -97.817738 30.383088, -97.818251 30.383421, -97.819597 30.384366, -97.819775 30.384492, -97.819954 30.384617, -97.821386 30.385623, -97.822556 30.386449, -97.826393 30.389172, -97.827313 30.389824, -97.828927 30.390803, -97.829213 30.390975, -97.829543 30.39116, -97.830158 30.391503, -97.830936 30.39181, -97.831151 30.391896, -97.83194 30.392069, -97.832536 30.392146, -97.833552 30.392122, -97.835189 30.392085, -97.838323 30.392165, -97.838759 30.392182, -97.83904 30.392208, -97.839375 30.39224, -97.839883 30.392341, -97.840421 30.392519, -97.840706 30.392607, -97.841825 30.392932, -97.84382 30.393527, -97.844257 30.393697, -97.844391 30.393763, -97.844422 30.393782))",46.8,3373.0,141506.0,0.0,96.0,17951561.818436235,0.00018789451492381753
"POLYGON ((-97.769991 30.408648, -97.769902 30.409078, -97.769614 30.409411, -97.769281 30.409638, -97.76869 30.409965, -97.768455 30.410254, -97.768358 30.410562, -97.76828 30.410835, -97.768243 30.411021, -97.768225 30.411183, -97.768234 30.41131, -97.768246 30.411369, -97.768268 30.411446, -97.768013 30.411568, -97.767839 30.411636, -97.767728 30.411658, -97.767576 30.411672, -97.767436 30.41164, -97.767161 30.411579, -97.766821 30.411377, -97.76679 30.411339, -97.766733 30.411264, -97.766678 30.411161, -97.766625 30.411026, -97.766602 30.410923, -97.766566 30.410716, -97.766523 30.410568, -97.766457 30.410429, -97.766358 30.410301, -97.766173 30.410145, -97.7661 30.410099, -97.766001 30.41005, -97.765323 30.409777, -97.764765 30.409571, -97.764611 30.409511, -97.764417 30.40941, -97.764228 30.409297, -97.764057 30.409137, -97.763944 30.409015, -97.763824 30.408837, -97.7637 30.4086, -97.763607 30.408417, -97.763514 30.408285, -97.763408 30.408161, -97.763275 30.408036, -97.763105 30.407911, -97.762856 30.407755, -97.762252 30.407392, -97.761187 30.406809, -97.76064 30.406578, -97.760362 30.406484, -97.760186 30.406402, -97.760011 30.406317, -97.759853 30.406214, -97.759707 30.40609, -97.759588 30.405962, -97.759459 30.405782, -97.759352 30.405594, -97.759288 30.405406, -97.759241 30.405158, -97.759241 30.404948, -97.75931 30.404572, -97.759464 30.404041, -97.759613 30.403686, -97.759811 30.403363, -97.759973 30.403112, -97.760894 30.401731, -97.761101 30.401237, -97.761414 30.40087, -97.761581 30.400721, -97.762801 30.399717, -97.76304 30.399356, -97.763062 30.39918, -97.763062 30.399032, -97.763032 30.398886, -97.76295 30.398704, -97.762844 30.398577, -97.762677 30.398434, -97.762598 30.398391, -97.762367 30.398337, -97.762186 30.398294, -97.76201 30.398271, -97.761609 30.398295, -97.760909 30.398383, -97.760765 30.398379, -97.760621 30.398352, -97.760506 30.39831, -97.760353 30.398227, -97.760092 30.398004, -97.759957 30.397914, -97.759792 30.397836, -97.759615 30.397764, -97.758786 30.39754, -97.758113 30.397327, -97.757128 30.39685, -97.757079 30.396821, -97.75608 30.396219, -97.755408 30.39557, -97.755015 30.395262, -97.754801 30.394923, -97.754757 30.394855, -97.754863 30.394805, -97.755386 30.394453, -97.756855 30.392098, -97.756913 30.392039, -97.756979 30.391973, -97.757505 30.391652, -97.758932 30.391441, -97.758993 30.391417, -97.759068 30.39138, -97.759527 30.391047, -97.759569 30.39101, -97.759699 30.390805, -97.759744 30.390732, -97.759802 30.390619, -97.759836 30.390532, -97.759873 30.390388, -97.75988 30.390318, -97.75989 30.389545, -97.759897 30.388627, -97.759873 30.388396, -97.759833 30.388342, -97.759843 30.388251, -97.760096 30.388269, -97.760201 30.388269, -97.760713 30.38827, -97.761444 30.388246, -97.761727 30.388207, -97.76189 30.388175, -97.762009 30.388153, -97.762239 30.388102, -97.762485 30.38803, -97.76276 30.387921, -97.762955 30.387842, -97.763238 30.38769, -97.763827 30.387292, -97.766698 30.385201, -97.766804 30.385124, -97.766947 30.385452, -97.767233 30.386266, -97.767436 30.386845, -97.767471 30.386917, -97.767512 30.386987, -97.767701 30.387257, -97.7684 30.387827, -97.768028 30.388229, -97.767854 30.38852, -97.767795 30.388959, -97.767856 30.389199, -97.768009 30.389417, -97.769019 30.390303, -97.769279 30.390625, -97.769494 30.39105, -97.769522 30.391166, -97.769505 30.39145, -97.769481 30.391615, -97.769477 30.391733, -97.769488 30.391863, -97.769533 30.392014, -97.769627 30.392219, -97.769704 30.392386, -97.769762 30.392534, -97.769781 30.39266, -97.769774 30.392771, -97.769754 30.392921, -97.769685 30.393075, -97.76959 30.393212, -97.769437 30.393383, -97.769244 30.393575, -97.769133 30.393729, -97.769069 30.393849, -97.768949 30.394106, -97.768625 30.394884, -97.768539 30.395079, -97.76845 30.395233, -97.767982 30.395891, -97.767578 30.396488, -97.767428 30.397029, -97.767446 30.398031, -97.767538 30.398376, -97.767743 30.399088, -97.767783 30.399454, -97.767682 30.399867, -97.76754 30.400448, -97.767531 30.400488, -97.767525 30.400748, -97.767572 30.400894, -97.767666 30.401163, -97.767713 30.401347, -97.76772 30.40148, -97.7677 30.401619, -97.767668 30.401736, -97.76751 30.402141, -97.767651 30.402226, -97.767805 30.402331, -97.767921 30.40244, -97.767989 30.402528, -97.768051 30.402622, -97.768109 30.402776, -97.768139 30.402902, -97.768401 30.403738, -97.768644 30.404321, -97.768803 30.404699, -97.769011 30.405194, -97.769056 30.405286, -97.769235 30.405652, -97.769464 30.406036, -97.769855 30.406635, -97.769917 30.407027, -97.769956 30.407663, -97.769963 30.407785, -97.769981 30.408082, -97.769991 30.408648))",46.7,2669.0,114432.0,72.0,34.0,2185541.9785480024,0.0012212073829728908
"POLYGON ((-97.629739 30.467303, -97.629264 30.468002, -97.628782 30.468402, -97.628139 30.468795, -97.627113 30.469175, -97.625669 30.469445, -97.623442 30.469868, -97.623206 30.469918, -97.622964 30.469995, -97.622707 30.470108, -97.622497 30.470206, -97.622427 30.470247, -97.622312 30.470317, -97.622161 30.470444, -97.622011 30.470583, -97.621797 30.470847, -97.621783 30.470862, -97.621708 30.470961, -97.621254 30.47159, -97.621115 30.471806, -97.62094 30.471494, -97.62093 30.471477, -97.620282 30.469821, -97.620121 30.469407, -97.620041 30.469202, -97.61991 30.468869, -97.619043 30.466653, -97.61764 30.463064, -97.617474 30.462569, -97.617156 30.461628, -97.616804 30.460984, -97.616037 30.459154, -97.616544 30.459388, -97.61703 30.459601, -97.617591 30.459863, -97.618827 30.460388, -97.619259 30.460594, -97.621723 30.461766, -97.622287 30.462035, -97.62246 30.462118, -97.623156 30.462436, -97.623614 30.462668, -97.623682 30.462702, -97.624219 30.462973, -97.625144 30.463641, -97.625874 30.464275, -97.626745 30.465281, -97.627557 30.465906, -97.629361 30.466762, -97.629732 30.466937, -97.629883 30.467009, -97.629739 30.467303))",35.7,1203.0,120821.0,0.0,0.0,771316.7422143054,0.0015596705402068844
"POLYGON ((-97.6141 30.482966, -97.613971 30.48313, -97.613872 30.48329, -97.613848 30.483329, -97.613683 30.483596, -97.613614 30.483711, -97.613517 30.483875, -97.613401 30.483992, -97.613339 30.484097, -97.613311 30.484145, -97.613048 30.484594, -97.613008 30.484658, -97.612955 30.484743, -97.612221 30.485823, -97.611688 30.486614, -97.611295 30.487179, -97.610859 30.487841, -97.610735 30.488029, -97.610361 30.488636, -97.610168 30.489128, -97.610137 30.489395, -97.610133 30.489622, -97.610158 30.489849, -97.610186 30.489999, -97.610013 30.490013, -97.606833 30.490313, -97.606327 30.493573, -97.60632 30.493621, -97.60609 30.495138, -97.60439 30.496486, -97.603905 30.496915, -97.603536 30.497184, -97.603374 30.497186, -97.600274 30.497195, -97.596334 30.497204, -97.594944 30.497233, -97.593933 30.497264, -97.59361 30.497296, -97.593379 30.497342, -97.592935 30.4975, -97.592875 30.497351, -97.592799 30.497147, -97.592773 30.496986, -97.59277 30.496784, -97.592698 30.49428, -97.592678 30.494129, -97.592625 30.494004, -97.592513 30.493859, -97.592119 30.493726, -97.591168 30.493742, -97.589855 30.493763, -97.587633 30.493801, -97.586026 30.493828, -97.585556 30.493836, -97.58442 30.493856, -97.58439 30.493856, -97.584061 30.493865, -97.583971 30.493868, -97.583785 30.493873, -97.583519 30.49388, -97.582926 30.493898, -97.582686 30.493905, -97.582427 30.493912, -97.582637 30.49275, -97.583041 30.490452, -97.583568 30.488148, -97.584117 30.484783, -97.584252 30.484252, -97.584469 30.483637, -97.585508 30.482005, -97.585552 30.481938, -97.585988 30.481271, -97.587235 30.479378, -97.588468 30.477434, -97.589444 30.475895, -97.589484 30.475828, -97.591402 30.472611, -97.591606 30.472291, -97.591662 30.47218, -97.591969 30.472451, -97.592053 30.472529, -97.592467 30.472881, -97.592534 30.472931, -97.59258 30.47296, -97.592853 30.473127, -97.593638 30.473647, -97.593903 30.47379, -97.594694 30.47422, -97.595197 30.474428, -97.59568 30.47466, -97.595733 30.474685, -97.596596 30.475099, -97.598528 30.476026, -97.598734 30.476125, -97.599487 30.476486, -97.601144 30.477281, -97.601263 30.477338, -97.602279 30.477825, -97.602703 30.478029, -97.603373 30.478351, -97.60545 30.479347, -97.605771 30.479501, -97.607133 30.479987, -97.610423 30.48131, -97.611949 30.481957, -97.614048 30.482946, -97.6141 30.482966))",37.5,2318.0,129630.0,277.0,1.0,5095830.931784112,0.0004548816534594958
"POLYGON ((-97.633105 30.446838, -97.632756 30.447244, -97.632391 30.447512, -97.631557 30.447995, -97.630815 30.448426, -97.630348 30.448812, -97.629998 30.449235, -97.629787 30.449678, -97.629731 30.450262, -97.629741 30.450311, -97.629834 30.450782, -97.629875 30.450932, -97.630014 30.45149, -97.630044 30.451762, -97.630062 30.451922, -97.629954 30.452478, -97.629941 30.45253, -97.629748 30.45288, -97.62943 30.453459, -97.628685 30.453184, -97.628442 30.453094, -97.627788 30.452997, -97.627364 30.452989, -97.626638 30.453032, -97.626508 30.453065, -97.62621 30.453142, -97.625378 30.453444, -97.623708 30.454073, -97.623252 30.454241, -97.622607 30.454322, -97.622501 30.454321, -97.622289 30.454322, -97.621946 30.454316, -97.62183 30.454314, -97.621485 30.45431, -97.62106 30.454361, -97.62052 30.454598, -97.618867 30.455464, -97.618034 30.455897, -97.6178 30.455951, -97.617457 30.455979, -97.616764 30.455921, -97.617063 30.45364, -97.617435 30.450653, -97.617599 30.449515, -97.617668 30.448876, -97.617914 30.447172, -97.618042 30.446159, -97.618065 30.445921, -97.618225 30.444188, -97.618252 30.444005, -97.618334 30.443414, -97.618432 30.442796, -97.618707 30.442028, -97.618991 30.441247, -97.619531 30.440312, -97.620032 30.439493, -97.620914 30.439934, -97.621836 30.440375, -97.622545 30.440715, -97.623286 30.441063, -97.624038 30.441421, -97.62475 30.441743, -97.625192 30.441935, -97.627124 30.442819, -97.627315 30.442905, -97.627647 30.443055, -97.627727 30.443088, -97.628116 30.443287, -97.628699 30.44356, -97.629471 30.44393, -97.62994 30.444155, -97.630845 30.444591, -97.631729 30.445016, -97.632096 30.44519, -97.632478 30.445372, -97.632997 30.445619, -97.633677 30.445944, -97.633105 30.446838))",36.6,2157.0,93329.0,59.0,98.0,1717085.7682410192,0.0012561981701179833
"POLYGON ((-97.757073 30.260608, -97.756765 30.261124, -97.756283 30.261932, -97.755205 30.263772, -97.755145 30.263874, -97.755074 30.263995, -97.754816 30.264435, -97.754589 30.264816, -97.754495 30.264975, -97.7541 30.264883, -97.753764 30.264806, -97.752654 30.264568, -97.752036 30.264186, -97.751991 30.264158, -97.751627 30.264, -97.751046 30.263852, -97.750478 30.263659, -97.749732 30.263589, -97.749433 30.263472, -97.748614 30.263164, -97.748128 30.262973, -97.747963 30.262909, -97.747807 30.262849, -97.747603 30.262773, -97.747114 30.262543, -97.747074 30.262518, -97.746639 30.262251, -97.746482 30.262183, -97.745575 30.261822, -97.745303 30.261706, -97.745175 30.261651, -97.745503 30.260829, -97.746141 30.259112, -97.746875 30.257144, -97.74731 30.256016, -97.747358 30.25589, -97.747369 30.255861, -97.748653 30.252273, -97.749312 30.252457, -97.749819 30.252613, -97.750574 30.251536, -97.751291 30.250527, -97.751881 30.249689, -97.752145 30.249519, -97.753324 30.249875, -97.753747 30.249909, -97.753972 30.249875, -97.754107 30.249855, -97.754907 30.250025, -97.754853 30.250176, -97.754632 30.25065, -97.754492 30.25099, -97.754421 30.251163, -97.754281 30.251504, -97.754714 30.251727, -97.756037 30.252413, -97.755545 30.253154, -97.756845 30.253835, -97.756417 30.254572, -97.75633 30.254705, -97.75612 30.255226, -97.75602 30.255434, -97.755811 30.255891, -97.755437 30.256505, -97.75505 30.257127, -97.754723 30.257607, -97.754608 30.257778, -97.754068 30.258658, -97.753482 30.259584, -97.754727 30.260011, -97.755705 30.260344, -97.756783 30.260536, -97.756812 30.260543, -97.757073 30.260608))",35.8,1245.0,124453.0,7.0,26.0,1171163.8332647327,0.0010630451219872815
"POLYGON ((-97.619531 30.440312, -97.618991 30.441247, -97.618707 30.442028, -97.618432 30.442796, -97.618334 30.443414, -97.618252 30.444005, -97.618225 30.444188, -97.618065 30.445921, -97.618042 30.446159, -97.617914 30.447172, -97.617668 30.448876, -97.617599 30.449515, -97.617435 30.450653, -97.617063 30.45364, -97.616764 30.455921, -97.616652 30.456929, -97.616593 30.457764, -97.616506 30.458151, -97.616354 30.458636, -97.616037 30.459154, -97.611346 30.456915, -97.60979 30.456172, -97.609642 30.456106, -97.609254 30.45597, -97.609002 30.455899, -97.60875 30.45585, -97.608512 30.455819, -97.60824 30.455801, -97.607947 30.455815, -97.607791 30.455831, -97.607614 30.455853, -97.607383 30.455901, -97.607135 30.455966, -97.606838 30.45605, -97.605794 30.456354, -97.605117 30.45652, -97.604845 30.456557, -97.604662 30.456566, -97.604478 30.456568, -97.604294 30.456563, -97.604111 30.456552, -97.603929 30.456533, -97.603747 30.456508, -97.603567 30.456476, -97.603389 30.456438, -97.603146 30.456373, -97.602868 30.456282, -97.602535 30.456147, -97.602374 30.45607, -97.602064 30.455899, -97.602688 30.454809, -97.604363 30.451845, -97.604986 30.45082, -97.606408 30.448446, -97.607173 30.447169, -97.607864 30.446, -97.607929 30.445891, -97.608507 30.445018, -97.609586 30.443377, -97.610041 30.442613, -97.611466 30.440457, -97.613592 30.437133, -97.613931 30.436602, -97.614247 30.436748, -97.614467 30.436849, -97.615166 30.437185, -97.616524 30.437841, -97.617344 30.438218, -97.618168 30.438616, -97.618292 30.438676, -97.61848 30.438766, -97.618999 30.439014, -97.620032 30.439493, -97.619531 30.440312))",37.5,1826.0,126875.0,0.0,12.0,2198533.9289849303,0.00083055347744534
"POLYGON ((-97.659318 30.167359, -97.657158 30.168961, -97.653583 30.171614, -97.651723 30.172995, -97.650136 30.17484, -97.647624 30.178353, -97.64711 30.179375, -97.646561 30.180623, -97.645763 30.180244, -97.645517 30.180106, -97.644557 30.179646, -97.644159 30.179462, -97.643729 30.179263, -97.642872 30.178868, -97.642074 30.178488, -97.640009 30.177494, -97.639726 30.177358, -97.63964 30.177315, -97.639331 30.177158, -97.638695 30.176836, -97.637795 30.176403, -97.637341 30.176185, -97.636784 30.175918, -97.636394 30.175731, -97.635926 30.175506, -97.629441 30.172391, -97.627959 30.171707, -97.627598 30.171535, -97.627574 30.171523, -97.62754 30.171507, -97.623181 30.169445, -97.623117 30.169415, -97.622984 30.169325, -97.620086 30.167974, -97.618352 30.167165, -97.616683 30.166387, -97.616061 30.166095, -97.616037 30.166084, -97.615616 30.165873, -97.614261 30.165215, -97.614445 30.165205, -97.614654 30.165146, -97.614897 30.164985, -97.614916 30.164977, -97.61521 30.164928, -97.615743 30.164912, -97.616372 30.164858, -97.616746 30.164812, -97.617008 30.164821, -97.617033 30.164806, -97.617042 30.164787, -97.61706 30.164778, -97.617208 30.164729, -97.617314 30.164726, -97.617494 30.164678, -97.61767 30.164657, -97.617911 30.164613, -97.618132 30.16462, -97.618203 30.164654, -97.618305 30.164713, -97.618379 30.164728, -97.618408 30.164734, -97.619071 30.164815, -97.619129 30.164828, -97.619531 30.164919, -97.619677 30.164919, -97.61994 30.164881, -97.620154 30.164886, -97.620361 30.164931, -97.620384 30.164933, -97.620832 30.164914, -97.621161 30.164875, -97.621345 30.164876, -97.621366 30.164879, -97.621522 30.164949, -97.621674 30.165048, -97.621696 30.165059, -97.621837 30.165072, -97.621856 30.165064, -97.622071 30.16485, -97.622173 30.164664, -97.622239 30.164616, -97.622429 30.164479, -97.622443 30.164465, -97.622523 30.164349, -97.622601 30.164282, -97.622655 30.164242, -97.622675 30.164235, -97.622817 30.164215, -97.623003 30.164206, -97.623168 30.164112, -97.62328 30.164118, -97.623348 30.164189, -97.623388 30.164189, -97.623411 30.164182, -97.623424 30.164168, -97.623577 30.163938, -97.623708 30.163728, -97.623784 30.163681, -97.623822 30.163666, -97.623886 30.163659, -97.623969 30.16365, -97.624162 30.163724, -97.624457 30.163866, -97.624665 30.163992, -97.62472 30.164096, -97.624721 30.164185, -97.624731 30.164217, -97.624766 30.164225, -97.62493 30.16424, -97.625091 30.164231, -97.625268 30.164175, -97.625561 30.164149, -97.625898 30.164128, -97.626067 30.164154, -97.626132 30.164179, -97.626406 30.164164, -97.626491 30.164142, -97.626551 30.164158, -97.626599 30.164185, -97.626619 30.164192, -97.62669 30.164187, -97.62671 30.164182, -97.626748 30.164141, -97.626753 30.164121, -97.62675 30.164103, -97.626705 30.163991, -97.62672 30.163934, -97.62673 30.163918, -97.626882 30.163902, -97.626932 30.163913, -97.626949 30.163925, -97.626965 30.164043, -97.626972 30.16406, -97.626994 30.164072, -97.62703 30.164075, -97.627065 30.164073, -97.627125 30.164052, -97.627144 30.164039, -97.627208 30.163961, -97.627224 30.163933, -97.627278 30.163849, -97.627332 30.163801, -97.627409 30.163762, -97.627514 30.163754, -97.627571 30.163756, -97.627651 30.163741, -97.627674 30.163722, -97.627684 30.163705, -97.627791 30.163427, -97.627875 30.163317, -97.62806 30.162966, -97.628134 30.162861, -97.628192 30.162798, -97.628251 30.162748, -97.628426 30.162628, -97.628584 30.162539, -97.628628 30.1625, -97.628731 30.162377, -97.628791 30.162167, -97.62882 30.16209, -97.628894 30.161993, -97.628952 30.161944, -97.62904 30.161896, -97.629089 30.161877, -97.629212 30.161843, -97.62926 30.161838, -97.629301 30.161846, -97.629324 30.161834, -97.629334 30.161815, -97.629332 30.161789, -97.629279 30.161678, -97.629276 30.161657, -97.629283 30.161631, -97.629335 30.161569, -97.62937 30.161507, -97.629394 30.161447, -97.629427 30.16128, -97.629438 30.161241, -97.629472 30.161214, -97.629488 30.161196, -97.629497 30.161166, -97.629481 30.161129, -97.629489 30.16094, -97.629498 30.160919, -97.629637 30.160781, -97.62977 30.160657, -97.629806 30.160643, -97.629847 30.160641, -97.629919 30.160662, -97.629968 30.160671, -97.629989 30.160667, -97.630036 30.160635, -97.630073 30.1606, -97.630107 30.160545, -97.630116 30.160516, -97.63011 30.16049, -97.630085 30.160463, -97.630026 30.160422, -97.63003 30.160404, -97.630061 30.160339, -97.6301 30.160258, -97.630135 30.160231, -97.630165 30.160223, -97.630193 30.160225, -97.630211 30.160242, -97.630241 30.160235, -97.630251 30.16021, -97.630249 30.160179, -97.630211 30.160051, -97.630194 30.159969, -97.630196 30.159951, -97.630202 30.159933, -97.63022 30.159883, -97.63032 30.159672, -97.630329 30.15962, -97.630314 30.15947, -97.63036 30.159232, -97.630428 30.159011, -97.630465 30.158788, -97.630484 30.158524, -97.630489 30.15838, -97.63047 30.158204, -97.630487 30.158109, -97.630484 30.158081, -97.630463 30.158047, -97.630421 30.157999, -97.630424 30.157923, -97.630512 30.157755, -97.630664 30.157495, -97.630668 30.157464, -97.630664 30.157376, -97.630671 30.157278, -97.630681 30.157262, -97.630738 30.157221, -97.630778 30.157186, -97.630798 30.15716, -97.630811 30.157106, -97.630804 30.157078, -97.630755 30.157026, -97.630687 30.156943, -97.630596 30.15685, -97.630589 30.156807, -97.630599 30.15677, -97.630677 30.156658, -97.630853 30.156465, -97.630956 30.156311, -97.630949 30.156287, -97.630933 30.156275, -97.63087 30.156248, -97.630854 30.15619, -97.630852 30.156148, -97.630858 30.15613, -97.630878 30.156106, -97.630942 30.156058, -97.631088 30.155975, -97.631172 30.155938, -97.631187 30.155925, -97.631192 30.155907, -97.63121 30.155876, -97.631336 30.155913, -97.631366 30.15593, -97.631371 30.155958, -97.631333 30.155995, -97.63132 30.156019, -97.631324 30.156043, -97.631403 30.156131, -97.631481 30.156068, -97.631504 30.156071, -97.63153 30.156113, -97.631581 30.156118, -97.631609 30.156102, -97.631647 30.156043, -97.631879 30.155944, -97.631982 30.155907, -97.632071 30.155736, -97.632058 30.155673, -97.632084 30.155632, -97.632136 30.155629, -97.632169 30.155646, -97.632198 30.155655, -97.632214 30.155628, -97.632253 30.155533, -97.632288 30.155471, -97.632308 30.155401, -97.632313 30.155362, -97.632314 30.155351, -97.632348 30.155287, -97.63242 30.155188, -97.632431 30.155164, -97.632437 30.155134, -97.632424 30.155093, -97.632401 30.154971, -97.632363 30.154858, -97.632424 30.154693, -97.632473 30.154635, -97.632585 30.154407, -97.63275 30.154163, -97.632884 30.15398, -97.632918 30.153927, -97.632934 30.153905, -97.633003 30.153852, -97.63304 30.153808, -97.63306 30.153748, -97.633077 30.153713, -97.633177 30.153593, -97.633256 30.153519, -97.633284 30.15347, -97.633332 30.153409, -97.633442 30.153292, -97.633537 30.153181, -97.633586 30.1531, -97.633859 30.152721, -97.633946 30.152613, -97.63401 30.15251, -97.634145 30.152314, -97.634174 30.152257, -97.634176 30.152215, -97.634191 30.152182, -97.634213 30.152155, -97.63422 30.152138, -97.634195 30.152051, -97.634192 30.152023, -97.634215 30.151986, -97.634234 30.151927, -97.634236 30.151861, -97.634249 30.151816, -97.634275 30.151775, -97.634336 30.151723, -97.634431 30.151614, -97.634474 30.151547, -97.634501 30.151492, -97.634519 30.151448, -97.635619 30.151976, -97.639737 30.153953, -97.640033 30.154161, -97.640317 30.154432, -97.640533 30.154702, -97.640648 30.15497, -97.640729 30.155239, -97.640809 30.155515, -97.640928 30.155865, -97.64104 30.156126, -97.641264 30.156586, -97.641452 30.156916, -97.641603 30.157159, -97.641794 30.157421, -97.642014 30.157666, -97.642226 30.15786, -97.642477 30.158062, -97.643147 30.158469, -97.643678 30.158735, -97.644163 30.158966, -97.644302 30.15903, -97.645809 30.159732, -97.648556 30.161011, -97.650208 30.161822, -97.650257 30.161847, -97.650539 30.161988, -97.651258 30.162347, -97.65136 30.162398, -97.651495 30.162465, -97.651811 30.162623, -97.652231 30.162833, -97.652478 30.162956, -97.65279 30.163112, -97.653176 30.163305, -97.657687 30.165557, -97.65792 30.165674, -97.658726 30.166719, -97.658902 30.166929, -97.65911 30.167134, -97.659318 30.167359))",32.3,4886.0,84127.0,144.0,80.0,5821028.568445599,0.0008393705584071234
"POLYGON ((-97.764807 30.249204, -97.764449 30.249535, -97.764359 30.249635, -97.763826 30.25023, -97.762848 30.251365, -97.762734 30.251481, -97.762128 30.2522, -97.761504 30.253142, -97.760823 30.254303, -97.760157 30.255438, -97.760023 30.255667, -97.759312 30.256856, -97.757802 30.259388, -97.757073 30.260608, -97.756812 30.260543, -97.756783 30.260536, -97.755705 30.260344, -97.754727 30.260011, -97.753482 30.259584, -97.754068 30.258658, -97.754608 30.257778, -97.754723 30.257607, -97.75505 30.257127, -97.755437 30.256505, -97.755811 30.255891, -97.75602 30.255434, -97.75612 30.255226, -97.75633 30.254705, -97.756417 30.254572, -97.756845 30.253835, -97.755545 30.253154, -97.756037 30.252413, -97.754714 30.251727, -97.754281 30.251504, -97.754421 30.251163, -97.754492 30.25099, -97.754632 30.25065, -97.754853 30.250176, -97.754907 30.250025, -97.755116 30.249515, -97.755167 30.249384, -97.755824 30.247448, -97.757204 30.247874, -97.758591 30.248353, -97.759789 30.248704, -97.760053 30.248773, -97.760595 30.248982, -97.76147 30.249225, -97.762685 30.249607, -97.763205 30.24866, -97.764018 30.248889, -97.764351 30.248983, -97.764766 30.249159, -97.764837 30.249181, -97.764807 30.249204))",35.3,2048.0,178274.0,53.0,0.0,713943.0682249933,0.002868576068805797
"POLYGON ((-97.63837 30.435866, -97.638246 30.436117, -97.638216 30.436198, -97.637972 30.436133, -97.637699 30.436128, -97.637503 30.436289, -97.636502 30.437845, -97.635559 30.439313, -97.635143 30.439961, -97.634861 30.440377, -97.634715 30.440592, -97.634351 30.440419, -97.634013 30.440269, -97.633705 30.440038, -97.633025 30.439383, -97.632305 30.438752, -97.631555 30.438167, -97.631005 30.437918, -97.63138 30.437283, -97.631517 30.437013, -97.631595 30.436779, -97.631668 30.436222, -97.631572 30.435537, -97.631565 30.435301, -97.631725 30.434684, -97.632176 30.433937, -97.63241 30.433591, -97.632699 30.433166, -97.63401 30.433758, -97.634061 30.433783, -97.634073 30.433789, -97.634511 30.433993, -97.635287 30.434373, -97.636141 30.43479, -97.636235 30.434829, -97.636414 30.434885, -97.637052 30.435041, -97.637159 30.435074, -97.63731 30.435131, -97.637695 30.435315, -97.638131 30.435521, -97.638267 30.435585, -97.638479 30.435685, -97.63837 30.435866))",49.7,713.0,122344.0,7.0,14.0,311583.7433524918,0.0022883093717549624
"POLYGON ((-97.613592 30.437133, -97.611466 30.440457, -97.610041 30.442613, -97.609586 30.443377, -97.608507 30.445018, -97.607929 30.445891, -97.607864 30.446, -97.607173 30.447169, -97.606408 30.448446, -97.604986 30.45082, -97.604363 30.451845, -97.602688 30.454809, -97.602064 30.455899, -97.600971 30.455238, -97.598531 30.453991, -97.598203 30.453823, -97.59637 30.452887, -97.595756 30.452581, -97.595566 30.452486, -97.595186 30.452296, -97.595046 30.452226, -97.594711 30.45206, -97.594641 30.452028, -97.594547 30.451978, -97.594009 30.451693, -97.593918 30.451645, -97.59343 30.451388, -97.593129 30.451229, -97.58964 30.449386, -97.587015 30.447999, -97.586275 30.447609, -97.585851 30.447385, -97.581009 30.444899, -97.580295 30.44455, -97.579937 30.444301, -97.579724 30.44411, -97.579539 30.443899, -97.579375 30.443674, -97.579241 30.443435, -97.579137 30.443186, -97.579064 30.442928, -97.579022 30.442665, -97.579012 30.442399, -97.579034 30.442135, -97.57905 30.441935, -97.579059 30.441735, -97.579058 30.441495, -97.579034 30.441135, -97.57901 30.440936, -97.578978 30.440738, -97.578906 30.440486, -97.578804 30.440241, -97.578674 30.440007, -97.578517 30.439785, -97.578334 30.439579, -97.578128 30.43939, -97.574174 30.436576, -97.573916 30.436481, -97.573757 30.436433, -97.573595 30.436392, -97.573432 30.436357, -97.573266 30.436329, -97.573099 30.436308, -97.572931 30.436294, -97.572763 30.436287, -97.572594 30.436287, -97.572426 30.436294, -97.572258 30.436307, -97.572091 30.436328, -97.571778 30.436383, -97.57163 30.436404, -97.57148 30.436418, -97.57133 30.436426, -97.571029 30.43642, -97.57088 30.436407, -97.570731 30.436386, -97.570584 30.43636, -97.570438 30.436326, -97.570295 30.436286, -97.570155 30.436239, -97.570017 30.436186, -97.569883 30.436127, -97.568937 30.435669, -97.569917 30.43414, -97.570086 30.433871, -97.570596 30.433064, -97.570768 30.43279, -97.570831 30.43269, -97.574304 30.427198, -97.57437 30.427093, -97.574396 30.427052, -97.574425 30.427007, -97.574474 30.42693, -97.574896 30.426267, -97.575318 30.425606, -97.575577 30.425199, -97.578668 30.420187, -97.579076 30.419572, -97.579179 30.419439, -97.581732 30.420648, -97.585324 30.42235, -97.585843 30.422608, -97.586166 30.422741, -97.586483 30.422888, -97.586924 30.423097, -97.587572 30.423349, -97.588309 30.423683, -97.588942 30.423977, -97.589335 30.42414, -97.589827 30.424361, -97.590577 30.424698, -97.590771 30.424795, -97.591091 30.424943, -97.591145 30.424969, -97.591722 30.425245, -97.591852 30.425307, -97.592234 30.425456, -97.593006 30.425757, -97.593093 30.425791, -97.593342 30.425888, -97.593841 30.426083, -97.593867 30.426093, -97.593917 30.426112, -97.594132 30.426196, -97.595565 30.426765, -97.597219 30.427884, -97.599704 30.429632, -97.599814 30.429702, -97.600275 30.429999, -97.600919 30.430295, -97.60323 30.431487, -97.603763 30.431733, -97.603921 30.431812, -97.603966 30.431832, -97.604394 30.432056, -97.605147 30.432422, -97.605641 30.432657, -97.607422 30.433513, -97.60786 30.433715, -97.608339 30.433936, -97.608684 30.434099, -97.609048 30.434281, -97.609207 30.434356, -97.610504 30.434952, -97.611853 30.435602, -97.613553 30.436411, -97.613931 30.436602, -97.613592 30.437133))",40.7,1340.0,156964.0,32.0,0.0,8711381.680846391,0.00015382175286226312
"POLYGON ((-97.64856 30.387172, -97.647753 30.388637, -97.647405 30.389293, -97.647109 30.390002, -97.646564 30.391176, -97.645771 30.392494, -97.644486 30.394635, -97.644392 30.394747, -97.644302 30.394885, -97.644287 30.394908, -97.643174 30.396599, -97.640888 30.400072, -97.640805 30.400185, -97.640734 30.400306, -97.640343 30.400911, -97.638722 30.403424, -97.638591 30.403611, -97.638565 30.403649, -97.638504 30.403749, -97.638317 30.403661, -97.638105 30.403571, -97.637005 30.403021, -97.63657 30.402822, -97.636268 30.402675, -97.636252 30.402666, -97.636221 30.40265, -97.63549 30.402303, -97.635295 30.40219, -97.63506 30.402031, -97.634639 30.401826, -97.634275 30.40157, -97.634007 30.401302, -97.633793 30.401017, -97.63365 30.400758, -97.633558 30.400498, -97.633495 30.400213, -97.633454 30.39984, -97.633396 30.39909, -97.633366 30.3987, -97.633328 30.398194, -97.633283 30.397853, -97.633209 30.397548, -97.633083 30.397215, -97.632912 30.396903, -97.632723 30.396647, -97.632592 30.396508, -97.632549 30.396462, -97.632356 30.396258, -97.632029 30.395998, -97.631666 30.395775, -97.630991 30.395449, -97.629922 30.394952, -97.629195 30.394574, -97.628839 30.394336, -97.628528 30.394039, -97.628224 30.393617, -97.628053 30.393238, -97.627979 30.392875, -97.627905 30.3926, -97.627793 30.392341, -97.62766 30.39214, -97.627482 30.39194, -97.627348 30.391803, -97.627081 30.391593, -97.626781 30.3914, -97.626573 30.3913, -97.625258 30.390663, -97.625089 30.390573, -97.624378 30.390233, -97.622968 30.389561, -97.622932 30.389544, -97.622014 30.389105, -97.621991 30.389094, -97.620312 30.388294, -97.6188 30.38757, -97.618513 30.387435, -97.617924 30.387157, -97.616364 30.386423, -97.61616 30.386327, -97.615546 30.386038, -97.61512 30.385817, -97.613613 30.385035, -97.609473 30.382997, -97.607053 30.381823, -97.606765 30.381673, -97.606329 30.381445, -97.606147 30.381326, -97.606391 30.381044, -97.606805 30.380564, -97.607013 30.380234, -97.607196 30.379974, -97.607492 30.379546, -97.608017 30.378726, -97.608402 30.378144, -97.608485 30.378006, -97.609292 30.376666, -97.609252 30.376607, -97.610015 30.375349, -97.61144 30.373151, -97.611867 30.372499, -97.61205 30.372122, -97.612209 30.371558, -97.612803 30.369453, -97.612832 30.369338, -97.613013 30.368638, -97.613035 30.368595, -97.613098 30.36839, -97.613134 30.368397, -97.6133 30.368425, -97.614369 30.368665, -97.614504 30.368683, -97.616738 30.369104, -97.617743 30.369312, -97.619025 30.369593, -97.620015 30.369864, -97.620883 30.370205, -97.621344 30.370403, -97.621588 30.370508, -97.621809 30.370615, -97.625013 30.372302, -97.625184 30.372375, -97.625467 30.372529, -97.62683 30.373246, -97.628656 30.374206, -97.628681 30.374219, -97.629562 30.374686, -97.631643 30.375791, -97.631802 30.375894, -97.632005 30.37598, -97.634186 30.377135, -97.637711 30.379003, -97.638265 30.379287, -97.638517 30.379453, -97.638773 30.379631, -97.638903 30.37973, -97.639599 30.380289, -97.64138 30.381729, -97.641463 30.381796, -97.642693 30.382784, -97.644125 30.383934, -97.644063 30.384178, -97.644682 30.384667, -97.644798 30.384747, -97.645052 30.384769, -97.645215 30.384845, -97.645365 30.384914, -97.645548 30.385045, -97.645857 30.385279, -97.646353 30.385644, -97.646793 30.385926, -97.647286 30.386173, -97.648135 30.386644, -97.648224 30.386706, -97.648526 30.38685, -97.648687 30.386914, -97.64856 30.387172))",36.0,6841.0,73588.0,188.0,0.0,7185360.674546267,0.0009520746848844839
"POLYGON ((-97.616974 30.177358, -97.616082 30.177753, -97.615697 30.177947, -97.615191 30.178297, -97.614865 30.178633, -97.61482 30.178686, -97.614765 30.178752, -97.614415 30.179261, -97.61353 30.180645, -97.61325 30.181091, -97.612781 30.181777, -97.612665 30.181917, -97.612519 30.182065, -97.612373 30.182188, -97.612273 30.182263, -97.612121 30.182366, -97.611894 30.182499, -97.61159 30.18268, -97.61117 30.182907, -97.610791 30.183137, -97.610526 30.183331, -97.610263 30.183567, -97.610079 30.183745, -97.609927 30.183949, -97.609799 30.184144, -97.60971 30.184331, -97.609602 30.184561, -97.609529 30.184774, -97.609474 30.18502, -97.609445 30.185371, -97.609476 30.186213, -97.608777 30.186247, -97.608635 30.186253, -97.606597 30.18645, -97.606101 30.186514, -97.606004 30.186531, -97.605864 30.186537, -97.604617 30.186671, -97.602739 30.186883, -97.60265 30.186895, -97.602125 30.186965, -97.598111 30.187504, -97.597935 30.187528, -97.59775 30.187551, -97.594911 30.187922, -97.594441 30.187958, -97.591702 30.188219, -97.588678 30.188519, -97.586539 30.188708, -97.585644 30.188802, -97.585522 30.188818, -97.582848 30.189036, -97.580924 30.189251, -97.578577 30.189464, -97.577467 30.189566, -97.57682 30.189608, -97.576337 30.189613, -97.575813 30.189613, -97.574929 30.189556, -97.574166 30.189465, -97.572828 30.189227, -97.571559 30.189017, -97.569689 30.188716, -97.568065 30.18841, -97.5655 30.187966, -97.563259 30.187584, -97.562412 30.187477, -97.562285 30.18746, -97.562089 30.187423, -97.558578 30.187003, -97.555094 30.18642, -97.553891 30.186209, -97.553422 30.186134, -97.55329 30.186115, -97.551565 30.185789, -97.550459 30.185618, -97.548678 30.185286, -97.547543 30.185089, -97.545904 30.184634, -97.545147 30.184413, -97.544661 30.184226, -97.543462 30.183742, -97.542455 30.183258, -97.541529 30.182742, -97.541358 30.182657, -97.541275 30.182598, -97.536096 30.179847, -97.53535 30.179453, -97.53073 30.177012, -97.529486 30.176369, -97.529459 30.176339, -97.529742 30.176113, -97.530615 30.175417, -97.53066 30.175381, -97.533408 30.172877, -97.534551 30.171836, -97.534866 30.171549, -97.53636 30.170188, -97.536405 30.170147, -97.536507 30.170055, -97.536525 30.170038, -97.537456 30.16919, -97.537559 30.169096, -97.53839 30.168339, -97.538503 30.168236, -97.551455 30.156435, -97.551553 30.156346, -97.551726 30.156189, -97.555939 30.15235, -97.556093 30.15221, -97.556142 30.152165, -97.55648 30.151857, -97.560092 30.148566, -97.560489 30.148204, -97.560705 30.148007, -97.560726 30.147988, -97.560735 30.14798, -97.560747 30.14797, -97.56237 30.146491, -97.56594 30.143238, -97.566048 30.143144, -97.566549 30.142709, -97.56786 30.14157, -97.567998 30.141458, -97.568263 30.141784, -97.568425 30.141972, -97.569022 30.142363, -97.570886 30.143584, -97.571137 30.143749, -97.571365 30.143898, -97.573052 30.144677, -97.574933 30.145498, -97.575376 30.145696, -97.576769 30.146319, -97.577017 30.146513, -97.578008 30.147285, -97.578075 30.147337, -97.578995 30.148179, -97.580475 30.148888, -97.582767 30.150023, -97.58395 30.150608, -97.586228 30.151767, -97.586725 30.15202, -97.587047 30.152178, -97.588352 30.152822, -97.592103 30.154336, -97.59279 30.154645, -97.596724 30.156415, -97.596967 30.156539, -97.598963 30.157555, -97.599572 30.157865, -97.600195 30.158183, -97.602002 30.159332, -97.602383 30.159575, -97.603376 30.160207, -97.603931 30.160445, -97.60415 30.160538, -97.604189 30.160555, -97.608073 30.162221, -97.608143 30.162256, -97.609996 30.163175, -97.611091 30.163698, -97.614261 30.165215, -97.615616 30.165873, -97.616037 30.166084, -97.616061 30.166095, -97.615977 30.166205, -97.614991 30.167603, -97.613015 30.16666, -97.612572 30.167321, -97.612166 30.167928, -97.611981 30.168203, -97.611527 30.168881, -97.611416 30.169047, -97.610641 30.168687, -97.610243 30.169312, -97.610025 30.169631, -97.609816 30.169944, -97.609067 30.171119, -97.608583 30.17188, -97.607859 30.173016, -97.612713 30.175319, -97.612803 30.175362, -97.615466 30.176626, -97.616826 30.177272, -97.616974 30.177358))",47.1,442.0,73551.0,41.0,10.0,26725915.67554497,1.6538254680061105e-05
"POLYGON ((-97.579076 30.419572, -97.578668 30.420187, -97.575577 30.425199, -97.575318 30.425606, -97.574896 30.426267, -97.574474 30.42693, -97.574425 30.427007, -97.574396 30.427052, -97.57437 30.427093, -97.574304 30.427198, -97.570831 30.43269, -97.570768 30.43279, -97.570596 30.433064, -97.570086 30.433871, -97.569917 30.43414, -97.568937 30.435669, -97.568829 30.435836, -97.568781 30.435893, -97.568701 30.435988, -97.568377 30.436497, -97.568301 30.436615, -97.567357 30.438098, -97.567261 30.438052, -97.567146 30.437996, -97.567056 30.437953, -97.566934 30.437895, -97.566352 30.437616, -97.558034 30.433629, -97.557672 30.433455, -97.55683 30.43301, -97.554167 30.431715, -97.553739 30.431508, -97.553114 30.431195, -97.552783 30.430855, -97.552648 30.430124, -97.552413 30.42978, -97.552245 30.429597, -97.552107 30.429512, -97.551971 30.429447, -97.551741 30.429385, -97.551622 30.429368, -97.551205 30.429348, -97.551004 30.42929, -97.550592 30.429117, -97.55014 30.428878, -97.549785 30.428709, -97.548968 30.428363, -97.547993 30.427937, -97.546275 30.427139, -97.542017 30.425112, -97.541801 30.425036, -97.541599 30.424999, -97.541509 30.42499, -97.541214 30.425023, -97.541047 30.425073, -97.540789 30.425244, -97.540671 30.425387, -97.540572 30.425521, -97.539808 30.426761, -97.53927 30.427617, -97.539166 30.427766, -97.539077 30.42785, -97.538997 30.427912, -97.538866 30.427995, -97.53877 30.428043, -97.538649 30.428077, -97.538512 30.428088, -97.538392 30.428089, -97.538129 30.428037, -97.538039 30.428006, -97.535077 30.426601, -97.532862 30.425523, -97.533593 30.424367, -97.535693 30.421049, -97.536733 30.419391, -97.537673 30.417891, -97.538228 30.417002, -97.538357 30.416798, -97.53959 30.414861, -97.541261 30.412237, -97.541393 30.411885, -97.541315 30.411516, -97.54111 30.4113, -97.540175 30.410764, -97.539916 30.410366, -97.539912 30.410035, -97.54003 30.409669, -97.540932 30.408227, -97.541405 30.407476, -97.542705 30.405381, -97.54335 30.404341, -97.54338 30.404292, -97.545439 30.400974, -97.546085 30.400911, -97.547268 30.401456, -97.554802 30.405014, -97.556504 30.405818, -97.556742 30.40593, -97.558384 30.406705, -97.560851 30.40787, -97.561114 30.408099, -97.56121 30.408387, -97.561161 30.40854, -97.560842 30.409234, -97.560948 30.409704, -97.562129 30.410315, -97.562447 30.410467, -97.564808 30.411595, -97.565013 30.411694, -97.575874 30.416888, -97.576139 30.417006, -97.576087 30.417072, -97.576036 30.417157, -97.575927 30.41737, -97.575906 30.417419, -97.575891 30.41747, -97.575882 30.417522, -97.575879 30.417575, -97.575882 30.417631, -97.575893 30.417686, -97.575911 30.41774, -97.575937 30.417792, -97.575968 30.417841, -97.576007 30.417887, -97.576051 30.417928, -97.5761 30.417965, -97.576153 30.417997, -97.576436 30.418142, -97.579179 30.419439, -97.579076 30.419572))",32.6,4229.0,180070.0,108.0,11.0,9431872.067082563,0.0004483733419963679
"POLYGON ((-97.63506 30.402031, -97.634382 30.403121, -97.634304 30.403246, -97.633571 30.404429, -97.633299 30.404804, -97.633119 30.405056, -97.632575 30.405916, -97.632325 30.406291, -97.63222 30.406437, -97.632123 30.406562, -97.632043 30.406645, -97.631932 30.406725, -97.631814 30.406805, -97.631692 30.406843, -97.631595 30.406871, -97.631484 30.406885, -97.631341 30.406889, -97.63123 30.406882, -97.631116 30.406864, -97.630963 30.406826, -97.630731 30.406765, -97.629776 30.406295, -97.628831 30.405844, -97.628437 30.405656, -97.628397 30.405634, -97.628085 30.406063, -97.627716 30.40663, -97.627085 30.407632, -97.62574 30.409709, -97.62526 30.410461, -97.62497 30.410906, -97.624776 30.411211, -97.624679 30.411381, -97.624608 30.411517, -97.624562 30.411675, -97.624534 30.411817, -97.624507 30.412093, -97.624488 30.412561, -97.62447 30.412768, -97.624442 30.412929, -97.624401 30.413067, -97.624323 30.413251, -97.624194 30.413485, -97.623955 30.413855, -97.623315 30.414923, -97.622958 30.415472, -97.621068 30.418379, -97.620531 30.419254, -97.620389 30.419515, -97.620202 30.419812, -97.619956 30.420201, -97.619305 30.421295, -97.619215 30.421447, -97.618127 30.420926, -97.617566 30.420651, -97.617282 30.420512, -97.617177 30.420464, -97.616722 30.420258, -97.615858 30.419855, -97.615346 30.419618, -97.614936 30.419407, -97.614725 30.419291, -97.614456 30.419112, -97.614155 30.418875, -97.613905 30.41869, -97.613636 30.418465, -97.613412 30.418235, -97.613092 30.417864, -97.612907 30.417595, -97.612822 30.417465, -97.61267 30.41723, -97.612446 30.416814, -97.61218 30.416039, -97.612039 30.415533, -97.612035 30.415502, -97.611975 30.41506, -97.612424 30.41172, -97.612487 30.410123, -97.611965 30.407691, -97.611431 30.406283, -97.610632 30.405412, -97.609242 30.404576, -97.609136 30.404534, -97.605909 30.403246, -97.605796 30.403107, -97.604658 30.402563, -97.602764 30.401651, -97.601723 30.400996, -97.600806 30.400099, -97.599559 30.398073, -97.598018 30.39587, -97.596468 30.394154, -97.595868 30.393596, -97.59994 30.38714, -97.601171 30.384928, -97.601361 30.384569, -97.601594 30.384193, -97.601763 30.383957, -97.601953 30.38375, -97.602109 30.383614, -97.60243 30.383341, -97.602631 30.383201, -97.602858 30.383071, -97.603092 30.382959, -97.60367 30.382704, -97.604024 30.382528, -97.604389 30.382375, -97.604768 30.38221, -97.605084 30.38207, -97.605397 30.381902, -97.605636 30.381739, -97.605952 30.381494, -97.606147 30.381326, -97.606329 30.381445, -97.606765 30.381673, -97.607053 30.381823, -97.609473 30.382997, -97.613613 30.385035, -97.61512 30.385817, -97.615546 30.386038, -97.61616 30.386327, -97.616364 30.386423, -97.617924 30.387157, -97.618513 30.387435, -97.6188 30.38757, -97.620312 30.388294, -97.621991 30.389094, -97.622014 30.389105, -97.622932 30.389544, -97.622968 30.389561, -97.624378 30.390233, -97.625089 30.390573, -97.625258 30.390663, -97.626573 30.3913, -97.626781 30.3914, -97.627081 30.391593, -97.627348 30.391803, -97.627482 30.39194, -97.62766 30.39214, -97.627793 30.392341, -97.627905 30.3926, -97.627979 30.392875, -97.628053 30.393238, -97.628224 30.393617, -97.628528 30.394039, -97.628839 30.394336, -97.629195 30.394574, -97.629922 30.394952, -97.630991 30.395449, -97.631666 30.395775, -97.632029 30.395998, -97.632356 30.396258, -97.632549 30.396462, -97.632592 30.396508, -97.632723 30.396647, -97.632912 30.396903, -97.633083 30.397215, -97.633209 30.397548, -97.633283 30.397853, -97.633328 30.398194, -97.633366 30.3987, -97.633396 30.39909, -97.633454 30.39984, -97.633495 30.400213, -97.633558 30.400498, -97.63365 30.400758, -97.633793 30.401017, -97.634007 30.401302, -97.634275 30.40157, -97.634639 30.401826, -97.63506 30.402031))",28.6,5502.0,94641.0,393.0,160.0,8255306.17827159,0.000666480428609851
"POLYGON ((-97.67888 30.352712, -97.678475 30.353169, -97.677323 30.355089, -97.676804 30.355876, -97.676285 30.356647, -97.675845 30.3573, -97.675433 30.357991, -97.675024 30.35867, -97.674601 30.358486, -97.674095 30.358257, -97.673973 30.358199, -97.673832 30.358114, -97.673763 30.358055, -97.673008 30.357236, -97.672835 30.357088, -97.672237 30.356766, -97.67227 30.356723, -97.673469 30.354924, -97.673673 30.354602, -97.674376 30.353524, -97.67443 30.353438, -97.674477 30.353364, -97.674955 30.352604, -97.675033 30.352481, -97.675095 30.352383, -97.675117 30.352348, -97.675153 30.352302, -97.675202 30.352228, -97.675967 30.350912, -97.676005 30.350839, -97.676055 30.350872, -97.676473 30.351131, -97.676572 30.351193, -97.677226 30.351583, -97.677301 30.351623, -97.677366 30.351664, -97.677564 30.351807, -97.678877 30.352595, -97.678943 30.352635, -97.67888 30.352712))",29.6,1812.0,51125.0,55.0,22.0,253686.92955544614,0.007142662032984111
"POLYGON ((-98.086101 30.385771, -98.083892 30.386497, -98.08269 30.386748, -98.081144 30.387021, -98.079958 30.387396, -98.079386 30.387577, -98.077898 30.388047, -98.076215 30.38858, -98.074861 30.389008, -98.072111 30.390352, -98.069076 30.392818, -98.068572 30.393229, -98.06779 30.394128, -98.06765 30.39442, -98.067506 30.394719, -98.066894 30.397044, -98.06685 30.397174, -98.066739 30.39745, -98.066605 30.397656, -98.066441 30.397827, -98.066295 30.397949, -98.066049 30.398105, -98.065843 30.398203, -98.065501 30.39835, -98.065306 30.398449, -98.065175 30.398531, -98.064905 30.398741, -98.064755 30.398905, -98.064596 30.399115, -98.064501 30.399287, -98.064364 30.399614, -98.06432 30.399851, -98.064308 30.399992, -98.064305 30.400138, -98.064317 30.400348, -98.064246 30.401962, -98.063864 30.40289, -98.06371 30.40317, -98.062815 30.404359, -98.062722 30.404503, -98.062443 30.404936, -98.061938 30.405499, -98.059947 30.406686, -98.05927 30.407136, -98.059079 30.4069, -98.058803 30.406495, -98.058733 30.406353, -98.058681 30.406222, -98.058594 30.405941, -98.058503 30.40531, -98.058427 30.404531, -98.058396 30.40412, -98.058251 30.402999, -98.058192 30.402213, -98.058156 30.401431, -98.058123 30.401187, -98.058081 30.401045, -98.05798 30.400797, -98.057866 30.400611, -98.057802 30.40053, -98.057447 30.400169, -98.057096 30.399874, -98.056765 30.399624, -98.056543 30.399474, -98.055908 30.399121, -98.05523 30.39881, -98.05485 30.398641, -98.054641 30.398538, -98.054472 30.398424, -98.054233 30.398221, -98.053311 30.397427, -98.053144 30.397335, -98.052941 30.397251, -98.05261 30.397113, -98.051827 30.396818, -98.051649 30.396721, -98.05153 30.396637, -98.051385 30.396501, -98.051338 30.396429, -98.051285 30.396329, -98.051255 30.396226, -98.051241 30.396126, -98.051235 30.396015, -98.051249 30.395857, -98.051291 30.395579, -98.051319 30.395407, -98.051313 30.395279, -98.051291 30.395159, -98.051244 30.39502, -98.051113 30.394776, -98.050991 30.394506, -98.050949 30.394387, -98.050924 30.394243, -98.050907 30.394115, -98.050916 30.393854, -98.050943 30.393623, -98.051024 30.393265, -98.051088 30.393017, -98.051155 30.392826, -98.05126 30.392553, -98.051305 30.392362, -98.051327 30.392198, -98.051319 30.391984, -98.051291 30.391873, -98.051224 30.391675, -98.05116 30.391545, -98.050718 30.390795, -98.050314 30.390166, -98.049783 30.389422, -98.049553 30.389115, -98.0493 30.388742, -98.049222 30.38866, -98.049097 30.388548, -98.049037 30.388513, -98.048965 30.388475, -98.048731 30.388363, -98.048681 30.388341, -98.04829 30.388201, -98.047696 30.38807, -98.047252 30.388037, -98.046696 30.388002, -98.046392 30.387999, -98.046114 30.387996, -98.04593 30.387989, -98.045721 30.38804, -98.045609 30.388072, -98.045503 30.38812, -98.045395 30.388165, -98.045264 30.388235, -98.04511 30.388338, -98.044992 30.388418, -98.044838 30.388481, -98.044637 30.388526, -98.044496 30.388545, -98.044346 30.388552, -98.04409 30.388539, -98.043979 30.388513, -98.043817 30.388468, -98.043658 30.388378, -98.043525 30.388283, -98.043413 30.388181, -98.043333 30.388095, -98.043266 30.387954, -98.043058 30.387526, -98.04293 30.387331, -98.042815 30.387193, -98.042646 30.387053, -98.042502 30.386902, -98.042394 30.386784, -98.042323 30.386634, -98.042249 30.386426, -98.042208 30.386324, -98.042126 30.38605, -98.042084 30.38585, -98.042057 30.385621, -98.042051 30.385426, -98.042052 30.385255, -98.042224 30.384118, -98.04223 30.383885, -98.042233 30.383661, -98.042163 30.382478, -98.042096 30.381676, -98.042045 30.381232, -98.041927 30.38092, -98.041748 30.380443, -98.04192 30.379462, -98.042563 30.377493, -98.042809 30.376888, -98.04286 30.376712, -98.042885 30.376549, -98.042895 30.376421, -98.042873 30.376332, -98.042799 30.376101, -98.042588 30.375606, -98.042364 30.375152, -98.04095 30.373644, -98.040829 30.373515, -98.040709 30.373386, -98.040208 30.372852, -98.038397 30.371277, -98.038323 30.371193, -98.037836 30.370578, -98.037743 30.370436, -98.03769 30.370329, -98.037643 30.370223, -98.037603 30.370114, -98.037573 30.369999, -98.037539 30.369834, -98.037525 30.36963, -98.037671 30.369097, -98.037697 30.369066, -98.037871 30.368856, -98.03833 30.368534, -98.038723 30.368261, -98.038779 30.368171, -98.039638 30.368149, -98.041191 30.368119, -98.042172 30.368084, -98.042281 30.368068, -98.042336 30.368062, -98.042753 30.367945, -98.043605 30.36771, -98.044062 30.367582, -98.045049 30.367304, -98.045334 30.367247, -98.045491 30.367253, -98.045785 30.367259, -98.045903 30.36725, -98.04604 30.367221, -98.046175 30.36718, -98.046545 30.367068, -98.046894 30.366969, -98.047664 30.366754, -98.048553 30.366534, -98.048805 30.36647, -98.049077 30.366416, -98.049221 30.366393, -98.049346 30.366387, -98.049489 30.366374, -98.049764 30.366358, -98.050125 30.36633, -98.052638 30.366217, -98.052753 30.3662, -98.052833 30.366176, -98.052918 30.366141, -98.053378 30.365815, -98.054701 30.36485, -98.056065 30.363737, -98.056538 30.363325, -98.057331 30.362589, -98.057737 30.36219, -98.058027 30.361918, -98.058091 30.361873, -98.05821 30.361822, -98.058322 30.361765, -98.058517 30.361685, -98.058664 30.361637, -98.059348 30.361362, -98.060013 30.361109, -98.060527 30.360949, -98.061158 30.360753, -98.061273 30.360707, -98.061453 30.360589, -98.062728 30.359729, -98.062889 30.359596, -98.065488 30.357828, -98.066164 30.357342, -98.06747 30.356473, -98.068449 30.357828, -98.068604 30.358116, -98.068782 30.358522, -98.0689 30.35881, -98.069062 30.359361, -98.069151 30.359793, -98.069168 30.360083, -98.069195 30.36048, -98.069273 30.36191, -98.069406 30.362831, -98.069572 30.363291, -98.069828 30.363783, -98.070392 30.364529, -98.070755 30.365081, -98.07147 30.366151, -98.07191 30.366863, -98.07198 30.366973, -98.072498 30.36778, -98.072757 30.368149, -98.073162 30.368623, -98.073535 30.368968, -98.07387 30.369202, -98.074138 30.369375, -98.07516 30.369892, -98.075589 30.370104, -98.075752 30.370199, -98.076084 30.370413, -98.076227 30.370532, -98.076397 30.370674, -98.076521 30.370788, -98.076668 30.370925, -98.076907 30.37119, -98.077236 30.371645, -98.077601 30.372205, -98.078079 30.37294, -98.079315 30.374842, -98.079585 30.375266, -98.079665 30.375391, -98.079896 30.375756, -98.080172 30.37619, -98.080395 30.37654, -98.080686 30.376999, -98.081808 30.378727, -98.0831 30.380716, -98.085171 30.383847, -98.085434 30.384244, -98.086101 30.385771))",45.5,562.0,132344.0,21.0,0.0,12427295.708413802,4.522303268437576e-05
"POLYGON ((-98.091398 30.4303, -98.090398 30.432792, -98.088016 30.43314, -98.087686 30.433462, -98.086202 30.434347, -98.086039 30.434479, -98.083779 30.43633, -98.082994 30.437191, -98.083106 30.438145, -98.083761 30.440183, -98.083985 30.441624, -98.083811 30.442359, -98.084806 30.44249, -98.085722 30.443039, -98.086376 30.444137, -98.086559 30.446099, -98.086376 30.447459, -98.085695 30.44827, -98.084907 30.44827, -98.084597 30.44827, -98.083211 30.447956, -98.082416 30.448065, -98.082001 30.447954, -98.081266 30.447654, -98.080923 30.447569, -98.077387 30.444994, -98.077219 30.444627, -98.074833 30.442179, -98.074223 30.441408, -98.074071 30.441188, -98.073896 30.440906, -98.073782 30.440686, -98.07363 30.440329, -98.073524 30.440024, -98.073425 30.439644, -98.073326 30.439112, -98.07322 30.438572, -98.073037 30.437629, -98.073007 30.437474, -98.072982 30.437098, -98.072982 30.436744, -98.072972 30.436046, -98.072963 30.435475, -98.072933 30.434973, -98.072795 30.434285, -98.072608 30.433695, -98.072126 30.432603, -98.071654 30.431737, -98.071094 30.43095, -98.070612 30.43033, -98.0701 30.429799, -98.069559 30.429406, -98.068979 30.42912, -98.06829 30.428865, -98.067562 30.428756, -98.066326 30.428999, -98.065874 30.428968, -98.065012 30.428909, -98.064538 30.428978, -98.063586 30.429116, -98.063097 30.429254, -98.062218 30.429502, -98.061568 30.429817, -98.060906 30.430139, -98.060342 30.430561, -98.060239 30.430639, -98.06 30.430818, -98.059103 30.430068, -98.057815 30.431146, -98.055524 30.433059, -98.054004 30.433317, -98.050644 30.435109, -98.045779 30.438811, -98.044148 30.440053, -98.043217 30.440825, -98.040692 30.442917, -98.038 30.445834, -98.036543 30.447411, -98.036292 30.447685, -98.035297 30.449079, -98.035032 30.449451, -98.034669 30.44996, -98.03458 30.450085, -98.034393 30.450393, -98.032451 30.453596, -98.031834 30.454613, -98.031572 30.455045, -98.030485 30.457027, -98.030361 30.457252, -98.030168 30.457603, -98.030118 30.457693, -98.030028 30.457858, -98.029897 30.458096, -98.029044 30.459652, -98.028707 30.460686, -98.028615 30.460969, -98.028131 30.462453, -98.028092 30.462573, -98.027957 30.462991, -98.027908 30.46314, -98.027176 30.466463, -98.027118 30.466726, -98.026981 30.467348, -98.026405 30.468404, -98.026053 30.469604, -98.02555 30.471539, -98.025413 30.472036, -98.024945 30.473397, -98.024741 30.473988, -98.024309 30.475124, -98.024214 30.475329, -98.023781 30.47626, -98.023327 30.476819, -98.022756 30.477524, -98.022233 30.478081, -98.021732 30.478564, -98.020724 30.479412, -98.02017 30.479711, -98.019652 30.479988, -98.018546 30.480393, -98.0177 30.480612, -98.016388 30.480724, -98.015252 30.48074, -98.01322 30.480596, -98.012164 30.48058, -98.011093 30.480397, -98.011036 30.480387, -98.010852 30.480356, -98.009546 30.480011, -98.009459 30.479988, -98.008611 30.4797, -98.007843 30.479364, -98.006931 30.47882, -98.006466 30.478467, -98.006004 30.478116, -98.005981 30.47809, -98.005428 30.47746, -98.004676 30.476628, -98.003796 30.475092, -98.003547 30.474708, -98.0034 30.47448, -98.003252 30.474253, -98.003027 30.473905, -98.002852 30.473636, -98.002356 30.47186, -98.001892 30.470452, -98.000638 30.467365, -98.000612 30.467301, -97.999387 30.464773, -97.999124 30.464229, -97.999114 30.464163, -97.998772 30.4619, -97.998628 30.461029, -97.99874 30.458789, -97.999396 30.457061, -98.000276 30.455893, -98.002484 30.453989, -98.003844 30.453026, -98.005247 30.452032, -98.005935 30.45037, -98.006768 30.450358, -98.007553 30.450303, -98.007654 30.450296, -98.008056 30.45019, -98.0084 30.4501, -98.008755 30.450006, -98.009025 30.449935, -98.009424 30.449814, -98.010443 30.449551, -98.01189 30.44918, -98.013716 30.447589, -98.018148 30.444085, -98.020115 30.442458, -98.02594 30.437637, -98.026545 30.437074, -98.02874 30.435029, -98.028877 30.434846, -98.029094 30.434655, -98.029276 30.434497, -98.029456 30.434341, -98.029633 30.43418, -98.029811 30.434018, -98.029949 30.433895, -98.030167 30.433695, -98.030348 30.43353, -98.030684 30.433254, -98.030865 30.433092, -98.031056 30.432923, -98.031245 30.432755, -98.031394 30.43262, -98.03156 30.432468, -98.031608 30.432415, -98.031854 30.432239, -98.032014 30.432067, -98.032174 30.431895, -98.032307 30.431752, -98.032488 30.431479, -98.032738 30.431209, -98.032898 30.431032, -98.033295 30.430606, -98.033377 30.430485, -98.03464 30.428648, -98.035073 30.427702, -98.035322 30.427158, -98.03553 30.426703, -98.035884 30.426014, -98.036004 30.425625, -98.036132 30.425206, -98.036251 30.42482, -98.036343 30.42452, -98.036426 30.424248, -98.036466 30.424118, -98.036496 30.423997, -98.036506 30.423958, -98.036566 30.423708, -98.036628 30.423457, -98.036714 30.423101, -98.037018 30.421856, -98.037025 30.421831, -98.037036 30.421579, -98.037059 30.421108, -98.037088 30.420487, -98.037099 30.420253, -98.037073 30.420143, -98.037062 30.420105, -98.037767 30.421087, -98.03778 30.421142, -98.037791 30.42112, -98.037844 30.421014, -98.037987 30.421137, -98.038294 30.420485, -98.03842 30.420233, -98.038609 30.419746, -98.039241 30.419246, -98.039793 30.418841, -98.039971 30.418778, -98.040868 30.418458, -98.042399 30.418076, -98.043761 30.417974, -98.043867 30.417816, -98.04387 30.41769, -98.043937 30.41763, -98.044076 30.417505, -98.044047 30.41711, -98.044022 30.416759, -98.04405 30.416468, -98.044072 30.416172, -98.04414 30.41597, -98.044167 30.41594, -98.044355 30.415731, -98.044757 30.415201, -98.045034 30.414714, -98.045054 30.414679, -98.045443 30.414423, -98.045556 30.414349, -98.04568 30.414351, -98.045965 30.414481, -98.046253 30.414469, -98.046386 30.414318, -98.046465 30.414228, -98.046531 30.41421, -98.046565 30.414188, -98.046634 30.414161, -98.04672 30.414141, -98.046997 30.414129, -98.047216 30.414151, -98.047402 30.413985, -98.04745 30.41391, -98.047516 30.41384, -98.047621 30.413805, -98.047672 30.413778, -98.047888 30.413598, -98.048024 30.413449, -98.048116 30.413379, -98.048218 30.413315, -98.048254 30.413304, -98.048283 30.413305, -98.048356 30.413327, -98.048424 30.413377, -98.050629 30.410732, -98.051654 30.410049, -98.053051 30.409442, -98.05533 30.408737, -98.058209 30.407707, -98.059076 30.407234, -98.05927 30.407136, -98.060144 30.408193, -98.060836 30.409318, -98.06105 30.409653, -98.061379 30.410007, -98.061862 30.410443, -98.062719 30.411216, -98.063829 30.412336, -98.06478 30.413153, -98.065858 30.413909, -98.066165 30.414144, -98.066379 30.414378, -98.067635 30.417419, -98.067794 30.418133, -98.067828 30.418284, -98.068191 30.418989, -98.069584 30.421423, -98.069887 30.421883, -98.070185 30.42219, -98.070691 30.422609, -98.071064 30.422948, -98.071364 30.423172, -98.07183 30.423503, -98.072506 30.423948, -98.072737 30.424077, -98.075221 30.422244, -98.076129 30.421662, -98.079535 30.422652, -98.080558 30.422777, -98.080797 30.422808, -98.081079 30.422847, -98.081226 30.422893, -98.081398 30.422947, -98.081563 30.422998, -98.081709 30.423044, -98.081756 30.423059, -98.081853 30.422898, -98.081917 30.422848, -98.082014 30.422816, -98.082191 30.422735, -98.082336 30.422654, -98.082642 30.422699, -98.082715 30.422841, -98.082823 30.42299, -98.083063 30.42309, -98.083077 30.423063, -98.083097 30.422977, -98.083206 30.422732, -98.083457 30.422211, -98.084999 30.422463, -98.085516 30.422666, -98.086848 30.423263, -98.086962 30.42331, -98.088343 30.424636, -98.089649 30.426101, -98.090679 30.427857, -98.091398 30.4303))",42.2,666.0,90000.0,6.0,24.0,22602446.331256445,2.9465837026632054e-05
"POLYGON ((-97.71735 30.340156, -97.716769 30.341069, -97.715958 30.342349, -97.714964 30.343974, -97.714951 30.343992, -97.71492 30.344039, -97.714836 30.34419, -97.714561 30.344653, -97.714407 30.34488, -97.713916 30.345608, -97.713321 30.346488, -97.713083 30.346837, -97.712787 30.347273, -97.712603 30.347544, -97.712543 30.347639, -97.712439 30.347805, -97.71235 30.347712, -97.712336 30.347698, -97.712105 30.347492, -97.711962 30.34737, -97.711875 30.347296, -97.71153 30.347086, -97.710938 30.346809, -97.70957 30.346314, -97.709203 30.346166, -97.708859 30.346027, -97.708295 30.345784, -97.707541 30.345387, -97.7074 30.345303, -97.706705 30.344887, -97.705144 30.343949, -97.705286 30.343803, -97.705382 30.3437, -97.705599 30.343485, -97.706068 30.342832, -97.706585 30.342303, -97.707061 30.342085, -97.707517 30.341615, -97.708243 30.340921, -97.708651 30.340497, -97.70958 30.339578, -97.710254 30.338913, -97.71103 30.338247, -97.711545 30.337479, -97.711609 30.337373, -97.711991 30.336749, -97.712047 30.336658, -97.712124 30.336696, -97.712247 30.336756, -97.714411 30.337823, -97.715485 30.338285, -97.717823 30.339411, -97.71735 30.340156))",47.3,1115.0,55000.0,43.0,21.0,751447.5904082825,0.0014838027484979882
"POLYGON ((-98.12342 30.486482, -98.123126 30.487041, -98.121732 30.489701, -98.121239 30.490643, -98.120734 30.491607, -98.11982 30.493337, -98.119102 30.494696, -98.118997 30.494896, -98.117789 30.497054, -98.116867 30.498705, -98.116386 30.500194, -98.115106 30.502577, -98.113035 30.506434, -98.11236 30.50769, -98.107619 30.516518, -98.106658 30.518307, -98.10529 30.520892, -98.105059 30.521327, -98.103617 30.524041, -98.103401 30.524448, -98.101262 30.528485, -98.100967 30.528292, -98.100418 30.527833, -98.100151 30.527644, -98.099855 30.527491, -98.099226 30.527282, -98.098248 30.527208, -98.09809 30.527196, -98.096002 30.527083, -98.095206 30.526922, -98.094452 30.52677, -98.094139 30.526599, -98.092603 30.525933, -98.092165 30.525758, -98.091734 30.525632, -98.091261 30.525526, -98.090971 30.525489, -98.09059 30.525453, -98.090173 30.525417, -98.089671 30.525369, -98.089562 30.525359, -98.08919 30.525309, -98.088786 30.525224, -98.088429 30.525123, -98.087801 30.524935, -98.086535 30.524552, -98.085303 30.524179, -98.083596 30.523514, -98.083352 30.523407, -98.08189 30.522768, -98.080429 30.522128, -98.079066 30.521532, -98.077704 30.520935, -98.075037 30.519766, -98.074652 30.519578, -98.074124 30.519422, -98.073676 30.519332, -98.073249 30.519256, -98.072841 30.519211, -98.072491 30.519206, -98.072165 30.519213, -98.071553 30.519256, -98.068786 30.51946, -98.067198 30.519686, -98.065631 30.519953, -98.065138 30.520061, -98.064704 30.520159, -98.064311 30.520217, -98.063918 30.520269, -98.06352 30.520303, -98.063034 30.520326, -98.062303 30.520341, -98.061457 30.520378, -98.060902 30.520413, -98.06048 30.520471, -98.060076 30.520569, -98.059712 30.520679, -98.05936 30.520847, -98.059036 30.521043, -98.058788 30.521223, -98.058292 30.521568, -98.05757 30.522059, -98.05705 30.522412, -98.056726 30.522608, -98.056391 30.522776, -98.056177 30.522868, -98.055969 30.52293, -98.055666 30.523014, -98.055446 30.523054, -98.05525 30.523078, -98.055082 30.523101, -98.054701 30.523112, -98.054458 30.523101, -98.054285 30.523089, -98.05406 30.523054, -98.053253 30.522882, -98.049963 30.521935, -98.047954 30.521356, -98.04671 30.52091, -98.046469 30.520823, -98.045952 30.520503, -98.044795 30.519446, -98.043027 30.517572, -98.042753 30.517154, -98.042598 30.516739, -98.041604 30.5143, -98.041403 30.513783, -98.0406 30.511973, -98.040031 30.511352, -98.0389 30.510686, -98.03805 30.510488, -98.036118 30.509935, -98.035764 30.509733, -98.034556 30.508292, -98.034353 30.508027, -98.033618 30.507668, -98.030997 30.506243, -98.029868 30.505873, -98.027948 30.505678, -98.025692 30.505449, -98.024117 30.50494, -98.022982 30.505037, -98.022919 30.50509, -98.022695 30.505103, -98.022543 30.505093, -98.022392 30.50508, -98.022214 30.505037, -98.022019 30.504984, -98.021822 30.504915, -98.021469 30.504754, -98.020865 30.50454, -98.020608 30.504463, -98.020433 30.504433, -98.020153 30.504391, -98.019755 30.504328, -98.019508 30.504279, -98.019264 30.5042, -98.01905 30.504114, -98.018892 30.504025, -98.018684 30.50389, -98.018381 30.503604, -98.018266 30.503444, -98.018121 30.50323, -98.017871 30.502782, -98.017611 30.502417, -98.017321 30.502147, -98.016998 30.501938, -98.016754 30.501839, -98.01653 30.50176, -98.015819 30.501641, -98.014897 30.501588, -98.014132 30.501641, -98.013236 30.501839, -98.012288 30.502221, -98.011234 30.502801, -98.010443 30.503341, -98.009811 30.503841, -98.008836 30.504698, -98.008177 30.505159, -98.007492 30.505501, -98.006978 30.505725, -98.006543 30.505831, -98.006096 30.50587, -98.005713 30.505844, -98.005345 30.505725, -98.004857 30.505515, -98.003703 30.504875, -98.00269 30.504373, -98.002474 30.504254, -98.002413 30.50422, -98.002123 30.504095, -98.001787 30.50399, -98.001543 30.503963, -98.001306 30.503963, -98.001003 30.50399, -98.000786 30.504036, -98.000522 30.504128, -98.000331 30.50422, -98.0002 30.504306, -98.000042 30.504431, -97.999903 30.504589, -97.999778 30.50476, -97.999666 30.504965, -97.999561 30.505202, -97.999159 30.506137, -97.998994 30.506414, -97.998889 30.506565, -97.998777 30.506691, -97.998599 30.506835, -97.998396 30.506956, -97.998217 30.507044, -97.998032 30.507106, -97.997752 30.507179, -97.997466 30.507232, -97.997268 30.507264, -97.996965 30.507281, -97.996721 30.507281, -97.996408 30.507251, -97.996114 30.507209, -97.995473 30.506911, -97.995078 30.506674, -97.994505 30.506345, -97.993868 30.506012, -97.99361 30.505879, -97.993411 30.505802, -97.993103 30.505709, -97.992621 30.505593, -97.992375 30.50554, -97.992154 30.505478, -97.991965 30.505402, -97.991676 30.505248, -97.991527 30.505123, -97.991408 30.504984, -97.991283 30.504806, -97.991119 30.50455, -97.990862 30.504233, -97.990651 30.504023, -97.990282 30.503766, -97.989472 30.503232, -97.989215 30.503008, -97.98903 30.502784, -97.988806 30.502402, -97.988747 30.502204, -97.988708 30.502007, -97.988694 30.501756, -97.988721 30.501486, -97.988767 30.50117, -97.988767 30.500887, -97.988721 30.500643, -97.988622 30.500366, -97.988411 30.500085, -97.988235 30.499921, -97.987479 30.499198, -97.987549 30.499147, -97.987625 30.499107, -97.987659 30.499082, -97.987705 30.499037, -97.987748 30.498981, -97.987853 30.498829, -97.988004 30.498665, -97.988165 30.498462, -97.988246 30.498347, -97.988277 30.498288, -97.988319 30.498184, -97.98836 30.498109, -97.988368 30.498071, -97.98837 30.497972, -97.988406 30.497809, -97.988154 30.497416, -97.988072 30.497275, -97.987961 30.497055, -97.987859 30.49678, -97.98781 30.496687, -97.987687 30.496482, -97.987639 30.496385, -97.987547 30.496148, -97.987502 30.495985, -97.987438 30.495659, -97.987418 30.495536, -97.987409 30.495361, -97.987394 30.495264, -97.987366 30.495156, -97.987345 30.494996, -97.987305 30.494478, -97.987287 30.494388, -97.987174 30.494062, -97.987091 30.493716, -97.987077 30.493604, -97.987077 30.493576, -97.987089 30.493406, -97.987106 30.493291, -97.987135 30.493154, -97.987162 30.49297, -97.987176 30.492739, -97.987192 30.492604, -97.987221 30.492444, -97.987262 30.492265, -97.987324 30.49209, -97.987477 30.491705, -97.987537 30.491527, -97.98761 30.491194, -97.987644 30.491079, -97.987755 30.490819, -97.987786 30.490731, -97.987906 30.490407, -97.987999 30.490208, -97.988036 30.490136, -97.988094 30.490065, -97.988245 30.489921, -97.988402 30.489788, -97.988504 30.489716, -97.988636 30.489641, -97.988721 30.489587, -97.988917 30.489453, -97.988975 30.489395, -97.989025 30.489327, -97.989071 30.489241, -97.9891 30.489169, -97.989114 30.489105, -97.98912 30.488986, -97.989106 30.4889, -97.989083 30.48883, -97.989008 30.488708, -97.988991 30.488651, -97.98899 30.488616, -97.989003 30.488575, -97.989059 30.488496, -97.989123 30.488425, -97.989227 30.488323, -97.989409 30.488159, -97.989502 30.488082, -97.989561 30.488009, -97.989739 30.48774, -97.989788 30.487655, -97.989835 30.487591, -97.989948 30.487475, -97.989998 30.487438, -97.990062 30.487405, -97.990132 30.487382, -97.990449 30.487298, -97.990524 30.487261, -97.990563 30.487236, -97.990693 30.487138, -97.990701 30.487132, -97.990947 30.486958, -97.991102 30.486856, -97.991178 30.486798, -97.991335 30.486658, -97.99141 30.486578, -97.991514 30.486438, -97.991542 30.486381, -97.991582 30.486205, -97.99162 30.486008, -97.99163 30.485744, -97.991608 30.48509, -97.991561 30.484888, -97.991554 30.484706, -97.991543 30.484613, -97.991522 30.484509, -97.991513 30.484372, -97.991515 30.484263, -97.99153 30.484168, -97.99156 30.484079, -97.991593 30.484027, -97.991635 30.483989, -97.991707 30.483951, -97.991774 30.483933, -97.991846 30.483924, -97.992146 30.483886, -97.992242 30.483884, -97.992328 30.483882, -97.992382 30.483872, -97.992482 30.483832, -97.992578 30.483785, -97.992629 30.483749, -97.992653 30.483712, -97.992657 30.483683, -97.99264 30.483632, -97.992572 30.483477, -97.992505 30.483324, -97.992464 30.483177, -97.992439 30.483127, -97.992382 30.483038, -97.992331 30.482911, -97.992315 30.482857, -97.992317 30.48283, -97.992334 30.482786, -97.992337 30.482715, -97.992399 30.482666, -97.992436 30.482643, -97.992495 30.482615, -97.992573 30.48259, -97.992662 30.482574, -97.992833 30.482555, -97.992971 30.48255, -97.993135 30.482528, -97.99323 30.482507, -97.993301 30.48248, -97.993408 30.482432, -97.993499 30.482375, -97.993757 30.482215, -97.993812 30.482195, -97.99394 30.48215, -97.994065 30.482114, -97.994525 30.482058, -97.996779 30.481786, -97.996969 30.48176, -97.997158 30.481733, -97.997223 30.481732, -97.997621 30.481155, -97.997831 30.480589, -97.998168 30.479666, -97.998298 30.479509, -97.998605 30.479148, -98.0002 30.477256, -98.00085 30.476485, -98.00203 30.475085, -98.002101 30.475001, -98.002666 30.474333, -98.002695 30.474297, -98.003027 30.473905, -98.003252 30.474253, -98.0034 30.47448, -98.003547 30.474708, -98.003796 30.475092, -98.004676 30.476628, -98.005428 30.47746, -98.005981 30.47809, -98.006004 30.478116, -98.006466 30.478467, -98.006931 30.47882, -98.007843 30.479364, -98.008611 30.4797, -98.009459 30.479988, -98.009546 30.480011, -98.010852 30.480356, -98.011036 30.480387, -98.011093 30.480397, -98.012164 30.48058, -98.01322 30.480596, -98.015252 30.48074, -98.016388 30.480724, -98.0177 30.480612, -98.018546 30.480393, -98.019652 30.479988, -98.02017 30.479711, -98.020724 30.479412, -98.021732 30.478564, -98.022233 30.478081, -98.022756 30.477524, -98.023327 30.476819, -98.023781 30.47626, -98.024214 30.475329, -98.024309 30.475124, -98.024741 30.473988, -98.024945 30.473397, -98.025413 30.472036, -98.02555 30.471539, -98.026053 30.469604, -98.026405 30.468404, -98.026981 30.467348, -98.027118 30.466726, -98.027176 30.466463, -98.027908 30.46314, -98.027957 30.462991, -98.028092 30.462573, -98.028131 30.462453, -98.028615 30.460969, -98.028707 30.460686, -98.029044 30.459652, -98.029897 30.458096, -98.030028 30.457858, -98.030118 30.457693, -98.030168 30.457603, -98.030361 30.457252, -98.030485 30.457027, -98.031572 30.455045, -98.031834 30.454613, -98.032451 30.453596, -98.034393 30.450393, -98.03458 30.450085, -98.034669 30.44996, -98.035032 30.449451, -98.035297 30.449079, -98.036292 30.447685, -98.036543 30.447411, -98.038 30.445834, -98.040692 30.442917, -98.043217 30.440825, -98.044148 30.440053, -98.045779 30.438811, -98.050644 30.435109, -98.054004 30.433317, -98.055524 30.433059, -98.055892 30.432997, -98.056535 30.433057, -98.05778 30.433173, -98.059364 30.433925, -98.060246 30.434713, -98.060869 30.435269, -98.061036 30.435589, -98.061989 30.437413, -98.062223 30.438206, -98.062597 30.439477, -98.06295 30.440433, -98.063277 30.441991, -98.062193 30.444032, -98.061002 30.445329, -98.056047 30.448881, -98.054186 30.450911, -98.054087 30.451366, -98.053987 30.45182, -98.054251 30.453254, -98.054807 30.455009, -98.055277 30.456523, -98.055349 30.45666, -98.057173 30.458788, -98.05756 30.459119, -98.058053 30.45954, -98.059989 30.461028, -98.062517 30.462452, -98.063513 30.462581, -98.065396 30.462825, -98.065605 30.462852, -98.067397 30.462756, -98.069454 30.46278, -98.07117 30.462801, -98.072805 30.46282, -98.075367 30.463006, -98.076067 30.463101, -98.077829 30.463252, -98.079852 30.463618, -98.082422 30.464084, -98.083912 30.464714, -98.085638 30.465443, -98.08728 30.466608, -98.088118 30.467203, -98.088998 30.468259, -98.08967 30.469251, -98.090134 30.470147, -98.090534 30.471171, -98.090822 30.471955, -98.091094 30.472387, -98.091334 30.473347, -98.09143 30.474179, -98.091494 30.474979, -98.091078 30.475971, -98.090598 30.476675, -98.089798 30.477571, -98.089414 30.477962, -98.088838 30.478547, -98.087398 30.480067, -98.084201 30.483572, -98.082582 30.485347, -98.080342 30.488243, -98.079654 30.489571, -98.079596 30.489853, -98.079526 30.490195, -98.079446 30.490915, -98.079398 30.491875, -98.07943 30.492611, -98.079558 30.49317, -98.07991 30.49389, -98.080294 30.49445, -98.080806 30.495058, -98.080945 30.495156, -98.081686 30.495682, -98.082422 30.49613, -98.082838 30.496274, -98.083254 30.496418, -98.083788 30.496582, -98.084262 30.496754, -98.08567 30.497106, -98.086982 30.497314, -98.08815 30.49757, -98.088582 30.497618, -98.089958 30.497746, -98.090573 30.497811, -98.091174 30.497874, -98.092534 30.498034, -98.093121 30.498013, -98.093846 30.497986, -98.09543 30.49781, -98.096182 30.497714, -98.097654 30.497474, -98.097793 30.497442, -98.097778 30.498058, -98.09861 30.49794, -98.100861 30.497463, -98.102122 30.497094, -98.102669 30.496824, -98.10318 30.496693, -98.103844 30.496408, -98.105919 30.49534, -98.107468 30.494268, -98.108284 30.493576, -98.10881 30.492967, -98.109046 30.492748, -98.109161 30.492523, -98.10942 30.492324, -98.109519 30.492101, -98.109916 30.491619, -98.110557 30.490909, -98.110778 30.490505, -98.111503 30.489469, -98.111892 30.488763, -98.112387 30.487963, -98.112822 30.487028, -98.113189 30.486223, -98.113357 30.485933, -98.113723 30.485576, -98.114273 30.485416, -98.114535 30.48536, -98.115235 30.485213, -98.118165 30.484793, -98.119555 30.484815, -98.119634 30.484841, -98.120059 30.484945, -98.120461 30.485008, -98.120887 30.485021, -98.121283 30.484996, -98.121633 30.484988, -98.122073 30.484952, -98.122575 30.484897, -98.123111 30.484723, -98.123092 30.485105, -98.123113 30.485277, -98.123168 30.485404, -98.12342 30.486482))",55.2,1324.0,195797.0,11.0,0.0,60095685.85861965,2.203153156642268e-05
"POLYGON ((-97.837211 30.429959, -97.836572 30.430419, -97.836289 30.430527, -97.835991 30.430609, -97.83527 30.430746, -97.834944 30.4308, -97.834578 30.430841, -97.83367 30.43084, -97.833571 30.430849, -97.83313 30.430956, -97.833049 30.431001, -97.832836 30.431124, -97.832635 30.431224, -97.832487 30.431313, -97.832339 30.431425, -97.832164 30.431586, -97.831594 30.432199, -97.831117 30.432742, -97.83081 30.433133, -97.830703 30.433236, -97.830684 30.433254, -97.830563 30.433351, -97.830459 30.433421, -97.830318 30.433498, -97.830242 30.433529, -97.830228 30.433543, -97.829673 30.433751, -97.828825 30.434073, -97.828066 30.434386, -97.827845 30.434464, -97.827734 30.434498, -97.827464 30.434562, -97.826196 30.434737, -97.825557 30.434846, -97.825227 30.434933, -97.824912 30.435072, -97.824699 30.435181, -97.824556 30.435277, -97.824359 30.43545, -97.824182 30.435635, -97.824102 30.435748, -97.824041 30.43584, -97.823981 30.435965, -97.823849 30.436333, -97.823742 30.436532, -97.823589 30.436832, -97.823483 30.437011, -97.823273 30.437285, -97.822985 30.437708, -97.82229 30.438371, -97.822211 30.438496, -97.822164 30.438652, -97.822138 30.438833, -97.822155 30.439006, -97.822185 30.439051, -97.822054 30.439076, -97.821999 30.439086, -97.821778 30.439147, -97.821684 30.439204, -97.821661 30.439212, -97.821604 30.439213, -97.821528 30.439203, -97.821419 30.439209, -97.821298 30.439239, -97.821204 30.439275, -97.820945 30.439398, -97.820793 30.439481, -97.820717 30.439512, -97.820675 30.439524, -97.820333 30.439563, -97.819955 30.439578, -97.819709 30.439571, -97.819457 30.439551, -97.819374 30.439552, -97.819238 30.439574, -97.819184 30.439588, -97.818811 30.439687, -97.818767 30.439693, -97.818737 30.439691, -97.818642 30.439667, -97.818559 30.439633, -97.818481 30.439612, -97.818339 30.439563, -97.818218 30.439543, -97.81802 30.43952, -97.817923 30.439504, -97.817791 30.439524, -97.81752 30.439548, -97.817194 30.439577, -97.816993 30.439584, -97.816711 30.439581, -97.816386 30.439547, -97.816268 30.439531, -97.816171 30.439492, -97.816114 30.439463, -97.816085 30.439455, -97.816014 30.439453, -97.815758 30.439487, -97.815721 30.439458, -97.81565 30.43938, -97.815494 30.439241, -97.815366 30.439061, -97.815267 30.43896, -97.815108 30.438778, -97.815064 30.438712, -97.814992 30.43855, -97.814881 30.438347, -97.814814 30.438212, -97.814749 30.438104, -97.814575 30.437797, -97.814442 30.437555, -97.814389 30.437451, -97.814287 30.437185, -97.814251 30.437113, -97.81419 30.437017, -97.814148 30.436911, -97.814126 30.436834, -97.814093 30.436654, -97.814074 30.436499, -97.814055 30.436271, -97.813993 30.435757, -97.813955 30.435251, -97.813958 30.435016, -97.813974 30.434828, -97.81398 30.43467, -97.813986 30.43464, -97.813999 30.434575, -97.814049 30.43441, -97.814069 30.434358, -97.814128 30.434155, -97.814153 30.434082, -97.814344 30.433684, -97.814455 30.433522, -97.814485 30.433443, -97.814496 30.433355, -97.814463 30.433217, -97.814449 30.433175, -97.814366 30.432989, -97.814225 30.432755, -97.814171 30.432655, -97.814104 30.432509, -97.814099 30.432449, -97.814105 30.432363, -97.814118 30.432304, -97.814155 30.432223, -97.814192 30.432155, -97.814279 30.432059, -97.814386 30.431958, -97.814473 30.431843, -97.814576 30.431617, -97.814623 30.431543, -97.814702 30.431445, -97.814811 30.431353, -97.814866 30.431316, -97.814977 30.431258, -97.815093 30.431213, -97.81524 30.431175, -97.815343 30.431157, -97.815397 30.431159, -97.815583 30.431192, -97.815676 30.431186, -97.815728 30.43116, -97.815759 30.431132, -97.815783 30.431092, -97.815808 30.431015, -97.815826 30.430874, -97.815844 30.430797, -97.815899 30.430629, -97.815927 30.430517, -97.815945 30.430401, -97.815936 30.430336, -97.815904 30.430239, -97.815843 30.430146, -97.815765 30.430072, -97.815615 30.429972, -97.81546 30.429894, -97.815358 30.429853, -97.815246 30.429822, -97.815101 30.429789, -97.815032 30.429768, -97.814742 30.42966, -97.814703 30.429628, -97.814663 30.42958, -97.814619 30.429501, -97.814619 30.429422, -97.814605 30.429356, -97.814605 30.429288, -97.814622 30.429145, -97.814619 30.429092, -97.814601 30.429019, -97.814533 30.428801, -97.814524 30.428748, -97.814525 30.42872, -97.814547 30.428643, -97.814565 30.428606, -97.814589 30.42857, -97.814642 30.428525, -97.81474 30.428475, -97.814895 30.428431, -97.814964 30.428404, -97.814981 30.428393, -97.815026 30.428339, -97.815048 30.428298, -97.815055 30.428268, -97.815051 30.428186, -97.815039 30.428111, -97.814973 30.427894, -97.814962 30.427876, -97.8149 30.427729, -97.814837 30.427618, -97.8148 30.427471, -97.814779 30.42742, -97.814724 30.427349, -97.814666 30.427307, -97.814527 30.427244, -97.814446 30.427203, -97.814357 30.427144, -97.814191 30.427054, -97.814146 30.427026, -97.814117 30.426992, -97.814077 30.426917, -97.814052 30.426824, -97.814046 30.426728, -97.814065 30.426641, -97.81417 30.426411, -97.814201 30.426292, -97.814226 30.426218, -97.814251 30.426164, -97.814346 30.425993, -97.814439 30.425849, -97.814492 30.425781, -97.814532 30.425717, -97.81458 30.425623, -97.814658 30.425398, -97.814689 30.42526, -97.814715 30.425039, -97.814716 30.425014, -97.814722 30.424902, -97.814719 30.424854, -97.814725 30.424727, -97.814715 30.424657, -97.81476 30.424679, -97.814833 30.42475, -97.814925 30.424868, -97.815 30.424982, -97.815061 30.425062, -97.815108 30.425112, -97.815158 30.425153, -97.815234 30.4252, -97.815446 30.425301, -97.815509 30.425335, -97.815577 30.425381, -97.815732 30.425524, -97.815774 30.425559, -97.816008 30.425729, -97.816058 30.425757, -97.816194 30.425865, -97.816375 30.425988, -97.816457 30.426049, -97.816518 30.426109, -97.816586 30.426203, -97.816652 30.426262, -97.816735 30.426318, -97.816775 30.426339, -97.816997 30.426406, -97.817125 30.426432, -97.818009 30.426959, -97.818063 30.42697, -97.818645 30.427026, -97.818739 30.42704, -97.818858 30.427065, -97.819299 30.427169, -97.81941 30.427208, -97.820001 30.42748, -97.820134 30.427557, -97.820242 30.427632, -97.820314 30.427674, -97.820584 30.427811, -97.820684 30.42785, -97.820755 30.427864, -97.820842 30.427867, -97.820922 30.427856, -97.821119 30.427797, -97.821192 30.427787, -97.821415 30.42778, -97.821844 30.427735, -97.821924 30.427729, -97.822024 30.427732, -97.822093 30.427747, -97.822154 30.427772, -97.82226 30.427834, -97.8223 30.427851, -97.822338 30.427854, -97.822517 30.427837, -97.822602 30.427842, -97.822704 30.427874, -97.822809 30.427921, -97.82287 30.427959, -97.82291 30.427999, -97.822937 30.428037, -97.823002 30.428151, -97.823082 30.428239, -97.823164 30.428304, -97.823231 30.428349, -97.823308 30.428424, -97.823326 30.428449, -97.823383 30.428536, -97.823428 30.428615, -97.82348 30.428661, -97.823541 30.428688, -97.823672 30.428701, -97.823803 30.428705, -97.823969 30.428702, -97.824035 30.428688, -97.824176 30.428622, -97.824253 30.428595, -97.824306 30.428584, -97.824402 30.428592, -97.824677 30.428633, -97.824781 30.428666, -97.824862 30.428694, -97.824947 30.428715, -97.825036 30.428727, -97.825146 30.42872, -97.825204 30.428701, -97.825265 30.428662, -97.825403 30.428538, -97.82549 30.428489, -97.825598 30.428453, -97.825692 30.428439, -97.825872 30.428439, -97.826038 30.428457, -97.826249 30.428491, -97.826352 30.428498, -97.826416 30.428494, -97.826921 30.428356, -97.82698 30.428345, -97.827026 30.428351, -97.827305 30.428466, -97.827361 30.428509, -97.827407 30.428555, -97.827475 30.428596, -97.827579 30.428649, -97.827728 30.428708, -97.828096 30.428843, -97.828196 30.428884, -97.828269 30.428925, -97.828399 30.428975, -97.828515 30.429032, -97.828624 30.429098, -97.828714 30.429143, -97.828775 30.429163, -97.828814 30.429164, -97.828935 30.429152, -97.829042 30.429128, -97.829083 30.429122, -97.829205 30.429128, -97.82931 30.429126, -97.829364 30.429131, -97.829523 30.429179, -97.829561 30.429196, -97.829652 30.429255, -97.829739 30.429306, -97.829913 30.429378, -97.830019 30.429411, -97.830112 30.429432, -97.830162 30.429437, -97.830204 30.42943, -97.830332 30.429386, -97.83047 30.429329, -97.830798 30.429238, -97.830881 30.429225, -97.830938 30.429226, -97.831006 30.42924, -97.831065 30.429272, -97.831301 30.429347, -97.831444 30.429418, -97.831498 30.429436, -97.831673 30.429472, -97.831725 30.429491, -97.831841 30.429562, -97.832011 30.429686, -97.832071 30.429742, -97.832236 30.42996, -97.832263 30.42998, -97.832301 30.429991, -97.83245 30.430008, -97.832545 30.430011, -97.832689 30.430026, -97.83303 30.430049, -97.833236 30.430038, -97.833267 30.43004, -97.833307 30.430046, -97.833368 30.430057, -97.833492 30.430094, -97.833538 30.430117, -97.83357 30.430126, -97.833723 30.430125, -97.833781 30.43011, -97.833903 30.430092, -97.834005 30.430089, -97.834187 30.430068, -97.834288 30.430039, -97.83437 30.430001, -97.834496 30.429927, -97.834602 30.429876, -97.834651 30.429861, -97.834741 30.429852, -97.834941 30.429858, -97.835151 30.429874, -97.835242 30.429891, -97.835298 30.42991, -97.835509 30.429935, -97.83557 30.429958, -97.835661 30.429958, -97.835757 30.429982, -97.835933 30.429771, -97.835967 30.429746, -97.836026 30.429721, -97.836117 30.429703, -97.836174 30.429698, -97.836221 30.429703, -97.836307 30.429725, -97.836406 30.42976, -97.836507 30.429784, -97.836761 30.429814, -97.836811 30.429827, -97.836877 30.429868, -97.836961 30.4299, -97.837211 30.429959))",43.5,2337.0,173182.0,44.0,6.0,1700629.70690903,0.0013741968580847628
"POLYGON ((-97.74632 30.394051, -97.746314 30.394146, -97.746297 30.394358, -97.746275 30.394638, -97.74619 30.395831, -97.746114 30.396908, -97.746069 30.397557, -97.74606 30.39764, -97.745988 30.398268, -97.745796 30.399929, -97.745763 30.400216, -97.745748 30.400345, -97.745503 30.400301, -97.745084 30.40026, -97.744522 30.400202, -97.742663 30.400197, -97.742488 30.400183, -97.742161 30.400139, -97.741927 30.40007, -97.741684 30.399995, -97.741378 30.399878, -97.741126 30.399755, -97.740811 30.399596, -97.74043 30.399413, -97.740067 30.399251, -97.739731 30.399092, -97.739422 30.39891, -97.739305 30.398855, -97.739281 30.398844, -97.739241 30.398826, -97.737419 30.397963, -97.735814 30.397166, -97.734239 30.396435, -97.733546 30.396101, -97.73342 30.396104, -97.732886 30.395848, -97.732557 30.395691, -97.73208 30.395462, -97.731968 30.395493, -97.731451 30.395238, -97.731324 30.39518, -97.73021 30.394668, -97.729609 30.394378, -97.729622 30.394359, -97.729669 30.394251, -97.730084 30.393265, -97.730512 30.392235, -97.731099 30.390846, -97.731173 30.390669, -97.733206 30.385829, -97.733745 30.384544, -97.734391 30.382943, -97.735176 30.380893, -97.735834 30.37918, -97.735884 30.379188, -97.73593 30.379197, -97.736176 30.378682, -97.736293 30.378753, -97.736351 30.378788, -97.737416 30.379453, -97.737616 30.379582, -97.737737 30.37966, -97.737855 30.379729, -97.737901 30.379756, -97.737952 30.379786, -97.738007 30.379818, -97.738187 30.379923, -97.738264 30.37997, -97.738299 30.379988, -97.738447 30.380071, -97.739123 30.380489, -97.740089 30.381251, -97.740871 30.381987, -97.7412 30.382394, -97.741452 30.382706, -97.741729 30.383135, -97.741983 30.383632, -97.742344 30.384363, -97.743704 30.38708, -97.743966 30.387699, -97.744766 30.389288, -97.744886 30.389525, -97.744927 30.389608, -97.744941 30.389638, -97.745452 30.390523, -97.745835 30.391384, -97.745968 30.391681, -97.746012 30.391867, -97.746188 30.392617, -97.746306 30.393626, -97.746314 30.393868, -97.74632 30.394051))",31.2,1512.0,81582.0,93.0,19.0,2317141.901779761,0.0006525280125652452
"POLYGON ((-97.798992 30.381769, -97.798977 30.38188, -97.798941 30.382114, -97.798897 30.382331, -97.7988 30.382714, -97.79869 30.383188, -97.798266 30.383119, -97.798157 30.38309, -97.798045 30.383046, -97.797932 30.38299, -97.79786 30.382948, -97.79778 30.382877, -97.797584 30.382686, -97.797464 30.382582, -97.79736 30.382469, -97.797245 30.382328, -97.796863 30.382509, -97.795605 30.383824, -97.795553 30.383843, -97.795451 30.383899, -97.795327 30.384016, -97.794788 30.383865, -97.794246 30.383672, -97.79376 30.383466, -97.793315 30.38347, -97.792904 30.38332, -97.792545 30.383082, -97.792368 30.382942, -97.792281 30.382873, -97.791993 30.382753, -97.791777 30.382779, -97.791534 30.382933, -97.791165 30.383052, -97.790583 30.382709, -97.790377 30.382655, -97.790119 30.382655, -97.789783 30.382771, -97.78948 30.382846, -97.788996 30.382768, -97.78878 30.382821, -97.788702 30.382882, -97.788527 30.38293, -97.788218 30.382775, -97.788066 30.382664, -97.787905 30.38256, -97.787829 30.38255, -97.78776 30.382565, -97.787487 30.382815, -97.787391 30.382958, -97.787192 30.383109, -97.787073 30.383138, -97.786933 30.383088, -97.78638 30.382438, -97.786238 30.382246, -97.786193 30.382219, -97.786039 30.382161, -97.785989 30.382127, -97.785853 30.382004, -97.785731 30.381863, -97.785691 30.381807, -97.785648 30.381678, -97.785607 30.381581, -97.785563 30.381502, -97.785458 30.381396, -97.785369 30.381293, -97.785299 30.38122, -97.785255 30.381157, -97.78517 30.38106, -97.785018 30.380897, -97.784989 30.380857, -97.784906 30.380713, -97.784827 30.380586, -97.784802 30.380507, -97.784785 30.380436, -97.78477 30.380397, -97.78473 30.380348, -97.784724 30.380327, -97.78472 30.380274, -97.784739 30.380153, -97.784754 30.380099, -97.784791 30.380047, -97.784843 30.379999, -97.785023 30.379878, -97.785094 30.379798, -97.785116 30.379764, -97.78517 30.379615, -97.785187 30.379554, -97.785189 30.379493, -97.78518 30.379423, -97.785165 30.379364, -97.785126 30.379278, -97.785076 30.37924, -97.785048 30.379228, -97.784935 30.379198, -97.784588 30.379094, -97.784399 30.379046, -97.784347 30.379029, -97.784262 30.378994, -97.784197 30.378953, -97.784081 30.378835, -97.784041 30.378779, -97.784006 30.378716, -97.783959 30.378573, -97.783926 30.378413, -97.783924 30.378331, -97.783948 30.378227, -97.783963 30.378096, -97.783989 30.377947, -97.783989 30.377873, -97.783972 30.377813, -97.783942 30.377763, -97.783816 30.377663, -97.783726 30.377598, -97.783687 30.377634, -97.783602 30.377683, -97.783555 30.377697, -97.783471 30.377738, -97.783361 30.377807, -97.783191 30.37795, -97.782992 30.378093, -97.782897 30.378155, -97.782672 30.378281, -97.782565 30.378354, -97.782337 30.378469, -97.782235 30.378512, -97.782115 30.37855, -97.781809 30.378684, -97.78171 30.378748, -97.781603 30.378797, -97.781577 30.378805, -97.781316 30.378855, -97.780861 30.378872, -97.780625 30.378917, -97.780579 30.378915, -97.780282 30.378884, -97.780156 30.378867, -97.780113 30.378846, -97.780078 30.378769, -97.779964 30.378671, -97.779897 30.378624, -97.779784 30.378571, -97.779097 30.378326, -97.778797 30.378243, -97.778699 30.37821, -97.778605 30.37816, -97.778361 30.378089, -97.778267 30.378058, -97.780459 30.376203, -97.780485 30.376181, -97.782068 30.37485, -97.784672 30.372662, -97.785324 30.372114, -97.785663 30.371828, -97.785768 30.371738, -97.786022 30.372, -97.786104 30.372076, -97.786252 30.372189, -97.786448 30.372273, -97.786536 30.372291, -97.786659 30.372316, -97.786886 30.372328, -97.787141 30.372299, -97.787228 30.372294, -97.787365 30.372297, -97.787584 30.372334, -97.78773 30.372385, -97.78781 30.372413, -97.788021 30.372519, -97.78858 30.372816, -97.788728 30.372956, -97.788948 30.373243, -97.789194 30.373813, -97.789302 30.37406, -97.789362 30.374288, -97.789379 30.374365, -97.789362 30.374659, -97.789219 30.375424, -97.789135 30.375876, -97.789333 30.375896, -97.789496 30.375905, -97.789609 30.375905, -97.789709 30.375898, -97.789787 30.37588, -97.789909 30.375854, -97.790017 30.375836, -97.790119 30.375836, -97.790224 30.37585, -97.790374 30.375889, -97.790497 30.375946, -97.790605 30.376004, -97.790693 30.376096, -97.790771 30.376218, -97.790814 30.376324, -97.790842 30.376483, -97.790886 30.376772, -97.790904 30.376884, -97.79092 30.376951, -97.790973 30.377071, -97.791045 30.377175, -97.791125 30.377265, -97.791259 30.377373, -97.791384 30.377439, -97.791514 30.377486, -97.791662 30.3775, -97.791798 30.377492, -97.791918 30.377469, -97.792027 30.377435, -97.792162 30.37737, -97.792243 30.377318, -97.792317 30.377257, -97.792427 30.377136, -97.792526 30.377004, -97.792605 30.376893, -97.792639 30.376815, -97.792717 30.376672, -97.792782 30.376569, -97.792821 30.376493, -97.792909 30.376276, -97.793047 30.376001, -97.793293 30.375745, -97.793505 30.375637, -97.793747 30.375566, -97.794274 30.375555, -97.794721 30.375693, -97.795056 30.375942, -97.795284 30.376183, -97.795465 30.376552, -97.795523 30.37705, -97.795555 30.377157, -97.795605 30.377246, -97.795675 30.377341, -97.795845 30.377488, -97.795988 30.377574, -97.796142 30.377629, -97.796355 30.377675, -97.796666 30.377719, -97.797458 30.377784, -97.797413 30.378145, -97.797409 30.378297, -97.797418 30.37838, -97.797432 30.378451, -97.797473 30.378561, -97.797501 30.378631, -97.797744 30.379076, -97.797943 30.37941, -97.798319 30.380054, -97.79889 30.381068, -97.798943 30.381225, -97.798964 30.38132, -97.798985 30.381446, -97.798999 30.381614, -97.798992 30.381769))",45.8,2030.0,126471.0,106.0,18.0,1311958.4020736702,0.0015473051560105865
"POLYGON ((-97.791352 30.359289, -97.791262 30.359498, -97.791225 30.359585, -97.791085 30.359911, -97.790907 30.360486, -97.790745 30.361008, -97.790533 30.361856, -97.790422 30.362451, -97.790382 30.362804, -97.790298 30.363719, -97.790274 30.363954, -97.790256 30.364126, -97.790238 30.364301, -97.790223 30.364445, -97.790076 30.365876, -97.789877 30.367126, -97.789675 30.367672, -97.789432 30.368152, -97.789343 30.368329, -97.789249 30.368462, -97.789002 30.368814, -97.788153 30.369747, -97.788122 30.369781, -97.787316 30.370451, -97.786127 30.371441, -97.785893 30.371637, -97.785768 30.371738, -97.785663 30.371828, -97.785324 30.372114, -97.784672 30.372662, -97.782068 30.37485, -97.780485 30.376181, -97.780459 30.376203, -97.778267 30.378058, -97.776859 30.379252, -97.77675 30.379329, -97.776654 30.379426, -97.775187 30.380671, -97.774879 30.380899, -97.774661 30.381054, -97.774495 30.38118, -97.774172 30.381369, -97.771559 30.382689, -97.771415 30.38276, -97.771254 30.382839, -97.770489 30.383201, -97.770492 30.383072, -97.770506 30.382924, -97.770518 30.382792, -97.770503 30.382736, -97.770483 30.382686, -97.770416 30.382622, -97.77036 30.3826, -97.770318 30.382584, -97.770154 30.38254, -97.769859 30.382551, -97.769696 30.382597, -97.769676 30.382606, -97.769681 30.382582, -97.7697 30.382522, -97.769632 30.382514, -97.769493 30.382508, -97.769411 30.382511, -97.769263 30.382529, -97.769081 30.38253, -97.769 30.382521, -97.76889 30.382487, -97.768744 30.382426, -97.768623 30.38236, -97.768553 30.382312, -97.768521 30.382272, -97.768516 30.382245, -97.768533 30.382189, -97.76853 30.382114, -97.768513 30.382068, -97.768479 30.38203, -97.768423 30.381992, -97.767576 30.381743, -97.767391 30.381648, -97.76727 30.381571, -97.76718 30.381429, -97.767111 30.381339, -97.767018 30.38125, -97.767001 30.381219, -97.766996 30.381187, -97.767017 30.381038, -97.767057 30.380681, -97.76705 30.380559, -97.767033 30.38046, -97.76698 30.380346, -97.766969 30.380311, -97.766961 30.380268, -97.766955 30.380187, -97.767009 30.379609, -97.767026 30.379566, -97.767054 30.379533, -97.76712 30.379495, -97.767175 30.379482, -97.767308 30.379475, -97.767461 30.379461, -97.767549 30.379447, -97.76763 30.379427, -97.767664 30.379405, -97.767684 30.379364, -97.76768 30.379341, -97.7675 30.37912, -97.767394 30.37904, -97.767328 30.378973, -97.767115 30.378728, -97.766775 30.378404, -97.76676 30.378383, -97.766748 30.378345, -97.766749 30.378302, -97.766763 30.378259, -97.766803 30.378192, -97.766936 30.378053, -97.766978 30.377978, -97.767011 30.377879, -97.767016 30.377858, -97.767022 30.377776, -97.767013 30.377719, -97.766983 30.37765, -97.766934 30.377589, -97.766876 30.377545, -97.766759 30.377496, -97.766671 30.377446, -97.766624 30.377408, -97.766598 30.377369, -97.766584 30.377315, -97.766583 30.377256, -97.766594 30.377195, -97.766618 30.377135, -97.766678 30.377064, -97.766687 30.377012, -97.766684 30.37696, -97.766654 30.376912, -97.766647 30.376889, -97.766659 30.376856, -97.766702 30.376809, -97.766741 30.37675, -97.766858 30.376492, -97.766942 30.376283, -97.766994 30.376244, -97.767098 30.376178, -97.767139 30.376148, -97.767169 30.376105, -97.767203 30.376021, -97.76722 30.375991, -97.767254 30.375963, -97.767301 30.37594, -97.767372 30.375918, -97.768994 30.376796, -97.769479 30.376932, -97.769752 30.376995, -97.770072 30.377024, -97.77024 30.377005, -97.770405 30.376968, -97.77067 30.376904, -97.771226 30.376646, -97.77193 30.376377, -97.772964 30.374763, -97.77348 30.374025, -97.774157 30.374384, -97.774636 30.374642, -97.774728 30.37468, -97.774834 30.374718, -97.774925 30.374748, -97.77503 30.374772, -97.775129 30.374787, -97.775302 30.374803, -97.775525 30.374831, -97.775674 30.37484, -97.775752 30.374832, -97.77582 30.374816, -97.77588 30.374793, -97.775953 30.374754, -97.775999 30.374704, -97.776037 30.374655, -97.776063 30.374598, -97.776074 30.374552, -97.776076 30.374453, -97.77607 30.374407, -97.776038 30.374348, -97.775996 30.374293, -97.775965 30.374256, -97.775835 30.374143, -97.775734 30.37406, -97.775636 30.373982, -97.775559 30.373924, -97.775502 30.373872, -97.775454 30.37381, -97.775425 30.37374, -97.775406 30.373584, -97.775382 30.373276, -97.775352 30.372983, -97.77534 30.372912, -97.775306 30.372816, -97.775265 30.372746, -97.775205 30.372672, -97.775133 30.372599, -97.775053 30.372532, -97.774958 30.372472, -97.774739 30.372341, -97.774818 30.372246, -97.7749 30.372103, -97.774974 30.371952, -97.775045 30.371753, -97.775092 30.371592, -97.775156 30.371306, -97.77523 30.370945, -97.775386 30.370146, -97.775069 30.370088, -97.774583 30.369877, -97.77443 30.370065, -97.774261 30.370253, -97.773968 30.37054, -97.773871 30.370645, -97.773793 30.370745, -97.773719 30.370871, -97.773648 30.371016, -97.773549 30.371232, -97.773493 30.371333, -97.773449 30.371386, -97.7734 30.371426, -97.773343 30.371459, -97.773118 30.37155, -97.772723 30.371722, -97.772513 30.371804, -97.772323 30.371848, -97.772252 30.371874, -97.771894 30.372048, -97.771716 30.37212, -97.771649 30.372131, -97.771571 30.372131, -97.771485 30.372119, -97.771295 30.372084, -97.771143 30.372069, -97.771059 30.372067, -97.770984 30.37208, -97.770953 30.372091, -97.770752 30.372207, -97.770709 30.372224, -97.770657 30.372224, -97.770536 30.372204, -97.770394 30.372175, -97.770319 30.372169, -97.770255 30.372173, -97.769873 30.372265, -97.769605 30.372338, -97.76954 30.372369, -97.769509 30.372398, -97.7695 30.372415, -97.769486 30.372467, -97.769461 30.372503, -97.769408 30.372556, -97.769355 30.372595, -97.769196 30.372647, -97.769134 30.372683, -97.769089 30.37272, -97.768772 30.371637, -97.768615 30.371359, -97.768207 30.370863, -97.768333 30.370816, -97.768444 30.370747, -97.768539 30.370649, -97.76859 30.370563, -97.768607 30.370443, -97.768581 30.370345, -97.768509 30.370208, -97.768414 30.370058, -97.768363 30.369947, -97.768342 30.369857, -97.768337 30.369767, -97.768372 30.369682, -97.76844 30.369587, -97.768847 30.369232, -97.768924 30.369121, -97.768962 30.368992, -97.768971 30.36889, -97.768937 30.368744, -97.768898 30.36865, -97.768817 30.368547, -97.768585 30.368322, -97.768985 30.367909, -97.76914 30.36769, -97.76926 30.367707, -97.769386 30.367703, -97.769519 30.367684, -97.769927 30.367602, -97.770174 30.367582, -97.770328 30.367591, -97.770512 30.367606, -97.770878 30.367657, -97.771143 30.367706, -97.772633 30.368222, -97.772879 30.368364, -97.773253 30.368659, -97.773405 30.368788, -97.773497 30.368857, -97.77356 30.368898, -97.77365 30.368944, -97.773737 30.36897, -97.774412 30.369074, -97.775564 30.369248, -97.775665 30.368816, -97.775695 30.368737, -97.775744 30.368638, -97.775798 30.368547, -97.776075 30.368182, -97.776311 30.367892, -97.77646 30.367708, -97.776541 30.36762, -97.77665 30.367528, -97.776725 30.367463, -97.776813 30.367398, -97.777015 30.367269, -97.777403 30.367067, -97.777737 30.36689, -97.777916 30.366818, -97.778085 30.366758, -97.77822 30.366728, -97.778437 30.366685, -97.778612 30.366664, -97.778757 30.366657, -97.778903 30.366659, -97.779087 30.366673, -97.77926 30.3667, -97.779442 30.366746, -97.779633 30.366802, -97.779781 30.366864, -97.779942 30.36694, -97.78008 30.367018, -97.780357 30.367187, -97.780696 30.366806, -97.78091 30.366576, -97.780977 30.3665, -97.781033 30.366413, -97.781082 30.366303, -97.78113 30.366209, -97.781226 30.365913, -97.781339 30.365549, -97.781401 30.365383, -97.78156 30.36503, -97.781671 30.364818, -97.781908 30.364403, -97.781982 30.364297, -97.782192 30.364007, -97.782482 30.363582, -97.78253 30.363496, -97.782544 30.363411, -97.78255 30.363314, -97.782542 30.363117, -97.782719 30.363032, -97.782857 30.362974, -97.783094 30.362895, -97.783259 30.36281, -97.783339 30.36275, -97.783518 30.362621, -97.783622 30.362534, -97.783762 30.3624, -97.783913 30.362253, -97.783999 30.362156, -97.784081 30.362025, -97.784144 30.361888, -97.78421 30.361667, -97.784253 30.361514, -97.784277 30.361378, -97.784285 30.361236, -97.784267 30.361076, -97.78686 30.360882, -97.786881 30.361099, -97.786883 30.361343, -97.78687 30.361533, -97.786816 30.36184, -97.786793 30.362034, -97.786779 30.362195, -97.786781 30.362347, -97.786793 30.362479, -97.786818 30.3628, -97.787298 30.362757, -97.787754 30.362508, -97.788266 30.362146, -97.788283 30.361804, -97.788266 30.361658, -97.788257 30.361541, -97.788228 30.361373, -97.788183 30.361187, -97.788054 30.360756, -97.787892 30.360165, -97.787803 30.359789, -97.787783 30.359657, -97.787766 30.358873, -97.788018 30.358937, -97.789124 30.359201, -97.790525 30.359251, -97.791056 30.359262, -97.791194 30.359276, -97.791318 30.359283, -97.791352 30.359289))",40.4,1443.0,175000.0,36.0,9.0,2455407.9301683432,0.0005876823896634836
"POLYGON ((-97.78686 30.360882, -97.784267 30.361076, -97.784285 30.361236, -97.784277 30.361378, -97.784253 30.361514, -97.78421 30.361667, -97.784144 30.361888, -97.784081 30.362025, -97.783999 30.362156, -97.783913 30.362253, -97.783762 30.3624, -97.783622 30.362534, -97.783518 30.362621, -97.783339 30.36275, -97.783259 30.36281, -97.783094 30.362895, -97.782857 30.362974, -97.782719 30.363032, -97.782542 30.363117, -97.78255 30.363314, -97.782544 30.363411, -97.78253 30.363496, -97.782482 30.363582, -97.782192 30.364007, -97.781982 30.364297, -97.781908 30.364403, -97.781671 30.364818, -97.78156 30.36503, -97.781401 30.365383, -97.781339 30.365549, -97.781226 30.365913, -97.78113 30.366209, -97.781082 30.366303, -97.781033 30.366413, -97.780977 30.3665, -97.78091 30.366576, -97.780696 30.366806, -97.780357 30.367187, -97.78008 30.367018, -97.779942 30.36694, -97.779781 30.366864, -97.779633 30.366802, -97.779442 30.366746, -97.77926 30.3667, -97.779087 30.366673, -97.778903 30.366659, -97.778757 30.366657, -97.778612 30.366664, -97.778437 30.366685, -97.77822 30.366728, -97.778085 30.366758, -97.777916 30.366818, -97.777737 30.36689, -97.777403 30.367067, -97.777015 30.367269, -97.776813 30.367398, -97.776725 30.367463, -97.77665 30.367528, -97.776541 30.36762, -97.77646 30.367708, -97.776311 30.367892, -97.776075 30.368182, -97.775798 30.368547, -97.775744 30.368638, -97.775695 30.368737, -97.775665 30.368816, -97.775564 30.369248, -97.774412 30.369074, -97.773737 30.36897, -97.77365 30.368944, -97.77356 30.368898, -97.773497 30.368857, -97.773405 30.368788, -97.773253 30.368659, -97.772879 30.368364, -97.772633 30.368222, -97.771143 30.367706, -97.770878 30.367657, -97.770512 30.367606, -97.770328 30.367591, -97.770174 30.367582, -97.769927 30.367602, -97.769519 30.367684, -97.769386 30.367703, -97.76926 30.367707, -97.76914 30.36769, -97.768423 30.367227, -97.769013 30.366153, -97.769199 30.36526, -97.769416 30.36459, -97.770155 30.364008, -97.770501 30.36366, -97.770605 30.363527, -97.770664 30.363404, -97.770674 30.363374, -97.770681 30.363329, -97.770676 30.363247, -97.770557 30.362814, -97.770536 30.362489, -97.770637 30.362062, -97.770674 30.361824, -97.770689 30.361586, -97.770684 30.361149, -97.770991 30.361082, -97.771208 30.36102, -97.771513 30.360909, -97.772425 30.36056, -97.772618 30.360537, -97.772768 30.360526, -97.772895 30.360519, -97.773008 30.360523, -97.773093 30.360532, -97.773256 30.360556, -97.773916 30.360706, -97.774298 30.360788, -97.775069 30.360968, -97.776372 30.361235, -97.776667 30.361305, -97.776809 30.361334, -97.776909 30.361351, -97.776994 30.36136, -97.777063 30.361362, -97.777132 30.361357, -97.777226 30.361341, -97.777326 30.361308, -97.777431 30.361272, -97.777581 30.361162, -97.777696 30.361072, -97.777772 30.361009, -97.777855 30.360913, -97.778072 30.36065, -97.778277 30.360418, -97.77836 30.360335, -97.778563 30.360182, -97.779547 30.359531, -97.780284 30.359058, -97.780577 30.358861, -97.780682 30.358934, -97.780722 30.358984, -97.780754 30.359058, -97.780799 30.359181, -97.78082 30.359531, -97.781231 30.359549, -97.781365 30.359563, -97.781457 30.359574, -97.781537 30.35959, -97.781632 30.359618, -97.782099 30.359824, -97.782193 30.359652, -97.78226 30.359568, -97.782332 30.359508, -97.782406 30.359458, -97.782506 30.359406, -97.78264 30.359346, -97.78271 30.359324, -97.782806 30.359316, -97.783011 30.359318, -97.78302 30.359254, -97.783048 30.359185, -97.783126 30.35905, -97.783201 30.358927, -97.783315 30.358761, -97.783359 30.358698, -97.783453 30.358609, -97.783562 30.358506, -97.783629 30.358447, -97.783663 30.358422, -97.783705 30.358394, -97.78376 30.358357, -97.783866 30.358302, -97.78395 30.358275, -97.784131 30.358236, -97.784297 30.358232, -97.784381 30.358235, -97.784417 30.358661, -97.784422 30.358975, -97.784411 30.359158, -97.784387 30.359315, -97.784334 30.359446, -97.784244 30.359596, -97.784146 30.359768, -97.784545 30.359941, -97.785382 30.359944, -97.786155 30.359956, -97.786275 30.359954, -97.786395 30.359954, -97.786462 30.359956, -97.7865 30.35996, -97.786557 30.35998, -97.786674 30.360056, -97.786754 30.36015, -97.78679 30.36022, -97.786811 30.360332, -97.786827 30.360432, -97.786836 30.360588, -97.78686 30.360882))",51.6,773.0,250001.0,0.0,0.0,1045038.6550068264,0.0007396855573681633
"POLYGON ((-97.776074 30.374552, -97.776063 30.374598, -97.776037 30.374655, -97.775999 30.374704, -97.775953 30.374754, -97.77588 30.374793, -97.77582 30.374816, -97.775752 30.374832, -97.775674 30.37484, -97.775525 30.374831, -97.775302 30.374803, -97.775129 30.374787, -97.77503 30.374772, -97.774925 30.374748, -97.774834 30.374718, -97.774728 30.37468, -97.774636 30.374642, -97.774157 30.374384, -97.77348 30.374025, -97.772964 30.374763, -97.77193 30.376377, -97.771226 30.376646, -97.77067 30.376904, -97.770405 30.376968, -97.77024 30.377005, -97.770072 30.377024, -97.769752 30.376995, -97.769479 30.376932, -97.768994 30.376796, -97.767372 30.375918, -97.767301 30.37594, -97.767254 30.375963, -97.76722 30.375991, -97.767203 30.376021, -97.767169 30.376105, -97.767139 30.376148, -97.767098 30.376178, -97.766994 30.376244, -97.766942 30.376283, -97.766858 30.376492, -97.766741 30.37675, -97.766702 30.376809, -97.766659 30.376856, -97.766647 30.376889, -97.766654 30.376912, -97.766684 30.37696, -97.766687 30.377012, -97.766678 30.377064, -97.766618 30.377135, -97.766594 30.377195, -97.766583 30.377256, -97.766584 30.377315, -97.766598 30.377369, -97.766624 30.377408, -97.766671 30.377446, -97.766759 30.377496, -97.766876 30.377545, -97.766934 30.377589, -97.766983 30.37765, -97.767013 30.377719, -97.767022 30.377776, -97.767016 30.377858, -97.767011 30.377879, -97.766978 30.377978, -97.766936 30.378053, -97.766803 30.378192, -97.766763 30.378259, -97.766749 30.378302, -97.766748 30.378345, -97.76676 30.378383, -97.766775 30.378404, -97.767115 30.378728, -97.767328 30.378973, -97.767394 30.37904, -97.7675 30.37912, -97.76768 30.379341, -97.767684 30.379364, -97.767664 30.379405, -97.76763 30.379427, -97.767549 30.379447, -97.767461 30.379461, -97.767308 30.379475, -97.767175 30.379482, -97.76712 30.379495, -97.767054 30.379533, -97.767026 30.379566, -97.767009 30.379609, -97.766955 30.380187, -97.766961 30.380268, -97.766969 30.380311, -97.76698 30.380346, -97.767033 30.38046, -97.76705 30.380559, -97.767057 30.380681, -97.767017 30.381038, -97.766996 30.381187, -97.767001 30.381219, -97.767018 30.38125, -97.767111 30.381339, -97.76718 30.381429, -97.76727 30.381571, -97.767391 30.381648, -97.767576 30.381743, -97.768423 30.381992, -97.768479 30.38203, -97.768513 30.382068, -97.76853 30.382114, -97.768533 30.382189, -97.768516 30.382245, -97.768521 30.382272, -97.768553 30.382312, -97.768623 30.38236, -97.768744 30.382426, -97.76889 30.382487, -97.769 30.382521, -97.769081 30.38253, -97.769263 30.382529, -97.769411 30.382511, -97.769493 30.382508, -97.769632 30.382514, -97.7697 30.382522, -97.769681 30.382582, -97.769676 30.382606, -97.769696 30.382597, -97.769859 30.382551, -97.770154 30.38254, -97.770318 30.382584, -97.77036 30.3826, -97.770416 30.382622, -97.770483 30.382686, -97.770503 30.382736, -97.770518 30.382792, -97.770506 30.382924, -97.770492 30.383072, -97.770489 30.383201, -97.770404 30.383238, -97.770369 30.383254, -97.768639 30.384087, -97.768039 30.384376, -97.767545 30.384652, -97.767019 30.384964, -97.766968 30.385002, -97.766804 30.385124, -97.766748 30.385016, -97.76674 30.385001, -97.766681 30.384886, -97.766537 30.384604, -97.766465 30.384463, -97.766322 30.384115, -97.766209 30.383891, -97.766069 30.383567, -97.765952 30.383291, -97.765932 30.383224, -97.765662 30.382346, -97.765627 30.382139, -97.765612 30.381902, -97.765406 30.380873, -97.765089 30.379259, -97.765015 30.378842, -97.764976 30.37844, -97.764942 30.378236, -97.764882 30.378039, -97.764742 30.377885, -97.764669 30.377741, -97.764544 30.377511, -97.764008 30.376768, -97.763947 30.376684, -97.763695 30.376421, -97.763606 30.376328, -97.763416 30.376146, -97.763112 30.375969, -97.762949 30.37586, -97.762625 30.375742, -97.762411 30.375696, -97.762329 30.375678, -97.762177 30.375634, -97.761911 30.375575, -97.761646 30.375537, -97.761451 30.375508, -97.761236 30.375468, -97.76106 30.375426, -97.76084 30.375364, -97.760652 30.375293, -97.76039 30.375186, -97.760052 30.375025, -97.75993 30.37497, -97.759801 30.374893, -97.759645 30.374789, -97.759482 30.374661, -97.759274 30.374471, -97.759131 30.374301, -97.759039 30.374169, -97.758915 30.373949, -97.75879 30.373732, -97.758495 30.373222, -97.758265 30.372809, -97.758115 30.372536, -97.757963 30.37226, -97.757859 30.372102, -97.757706 30.371931, -97.757624 30.371849, -97.757488 30.371735, -97.757223 30.371566, -97.757262 30.371465, -97.757695 30.370538, -97.758191 30.369789, -97.758421 30.369444, -97.758733 30.368989, -97.758997 30.36863, -97.759347 30.368156, -97.759401 30.368098, -97.759897 30.367503, -97.762411 30.368708, -97.762842 30.368873, -97.763627 30.369268, -97.764876 30.36988, -97.765801 30.370331, -97.766042 30.369952, -97.76628 30.36962, -97.766739 30.368918, -97.767213 30.368361, -97.767815 30.367815, -97.768423 30.367227, -97.76914 30.36769, -97.768985 30.367909, -97.768585 30.368322, -97.768817 30.368547, -97.768898 30.36865, -97.768937 30.368744, -97.768971 30.36889, -97.768962 30.368992, -97.768924 30.369121, -97.768847 30.369232, -97.76844 30.369587, -97.768372 30.369682, -97.768337 30.369767, -97.768342 30.369857, -97.768363 30.369947, -97.768414 30.370058, -97.768509 30.370208, -97.768581 30.370345, -97.768607 30.370443, -97.76859 30.370563, -97.768539 30.370649, -97.768444 30.370747, -97.768333 30.370816, -97.768207 30.370863, -97.768615 30.371359, -97.768772 30.371637, -97.769089 30.37272, -97.769134 30.372683, -97.769196 30.372647, -97.769355 30.372595, -97.769408 30.372556, -97.769461 30.372503, -97.769486 30.372467, -97.7695 30.372415, -97.769509 30.372398, -97.76954 30.372369, -97.769605 30.372338, -97.769873 30.372265, -97.770255 30.372173, -97.770319 30.372169, -97.770394 30.372175, -97.770536 30.372204, -97.770657 30.372224, -97.770709 30.372224, -97.770752 30.372207, -97.770953 30.372091, -97.770984 30.37208, -97.771059 30.372067, -97.771143 30.372069, -97.771295 30.372084, -97.771485 30.372119, -97.771571 30.372131, -97.771649 30.372131, -97.771716 30.37212, -97.771894 30.372048, -97.772252 30.371874, -97.772323 30.371848, -97.772513 30.371804, -97.772723 30.371722, -97.773118 30.37155, -97.773343 30.371459, -97.7734 30.371426, -97.773449 30.371386, -97.773493 30.371333, -97.773549 30.371232, -97.773648 30.371016, -97.773719 30.370871, -97.773793 30.370745, -97.773871 30.370645, -97.773968 30.37054, -97.774261 30.370253, -97.77443 30.370065, -97.774583 30.369877, -97.775069 30.370088, -97.775386 30.370146, -97.77523 30.370945, -97.775156 30.371306, -97.775092 30.371592, -97.775045 30.371753, -97.774974 30.371952, -97.7749 30.372103, -97.774818 30.372246, -97.774739 30.372341, -97.774958 30.372472, -97.775053 30.372532, -97.775133 30.372599, -97.775205 30.372672, -97.775265 30.372746, -97.775306 30.372816, -97.77534 30.372912, -97.775352 30.372983, -97.775382 30.373276, -97.775406 30.373584, -97.775425 30.37374, -97.775454 30.37381, -97.775502 30.373872, -97.775559 30.373924, -97.775636 30.373982, -97.775734 30.37406, -97.775835 30.374143, -97.775965 30.374256, -97.775996 30.374293, -97.776038 30.374348, -97.77607 30.374407, -97.776076 30.374453, -97.776074 30.374552))",35.5,1470.0,126875.0,38.0,31.0,1307905.7901896846,0.0011239341633213558
"POLYGON ((-97.800141 30.435958, -97.799616 30.436402, -97.799067 30.436982, -97.798594 30.437806, -97.798544 30.437967, -97.79853 30.438011, -97.798566 30.438364, -97.798188 30.438464, -97.797528 30.438638, -97.797306 30.438268, -97.797105 30.438022, -97.795923 30.437401, -97.795552 30.437237, -97.794757 30.437249, -97.79434 30.43737, -97.793701 30.437051, -97.793475 30.436938, -97.792983 30.436482, -97.792802 30.436314, -97.792658 30.436228, -97.792413 30.436182, -97.791968 30.436278, -97.791524 30.436423, -97.791269 30.436425, -97.791033 30.436333, -97.790799 30.436164, -97.790671 30.43601, -97.790375 30.435333, -97.790293 30.435035, -97.789986 30.4348, -97.790174 30.434592, -97.790416 30.434457, -97.791109 30.433771, -97.790987 30.433682, -97.790815 30.433602, -97.790678 30.43356, -97.790615 30.433528, -97.790516 30.433458, -97.790439 30.433436, -97.790369 30.433409, -97.790163 30.433295, -97.790006 30.433217, -97.789975 30.43319, -97.789905 30.433092, -97.789875 30.433069, -97.789737 30.433036, -97.789686 30.433018, -97.789618 30.43298, -97.78956 30.432923, -97.78947 30.432813, -97.789443 30.43277, -97.789357 30.432593, -97.789342 30.432537, -97.78933 30.432422, -97.789312 30.432343, -97.789217 30.4321, -97.789147 30.431943, -97.789106 30.431811, -97.789067 30.431732, -97.788944 30.431544, -97.788926 30.431385, -97.788896 30.431253, -97.788829 30.431147, -97.788782 30.431086, -97.788761 30.431065, -97.7887 30.431029, -97.788606 30.430992, -97.788574 30.430965, -97.788544 30.430927, -97.788344 30.430529, -97.788234 30.430276, -97.788195 30.430201, -97.788049 30.429874, -97.788041 30.429794, -97.788053 30.429633, -97.788029 30.429382, -97.788021 30.429221, -97.787997 30.429039, -97.787996 30.428899, -97.788003 30.428804, -97.787982 30.428666, -97.787986 30.428606, -97.787999 30.428539, -97.788034 30.428423, -97.788072 30.428223, -97.788117 30.428099, -97.787869 30.428027, -97.787836 30.428021, -97.787794 30.428025, -97.78767 30.428033, -97.787601 30.428019, -97.787572 30.427967, -97.787559 30.427948, -97.787515 30.427904, -97.787493 30.427897, -97.787453 30.427897, -97.787386 30.427927, -97.787332 30.427962, -97.787218 30.428042, -97.787007 30.428273, -97.78689 30.428376, -97.786822 30.428481, -97.786746 30.428563, -97.78665 30.428623, -97.78658 30.428643, -97.786519 30.428669, -97.786263 30.428808, -97.786146 30.428876, -97.786075 30.428906, -97.785969 30.42894, -97.785888 30.428987, -97.785793 30.429032, -97.785702 30.429083, -97.785668 30.429111, -97.785634 30.429155, -97.785576 30.429192, -97.785536 30.429204, -97.785453 30.429218, -97.785396 30.42924, -97.785342 30.429271, -97.785217 30.429369, -97.785141 30.429412, -97.785035 30.429459, -97.784982 30.429493, -97.78494 30.429491, -97.784788 30.429497, -97.7847 30.429493, -97.784603 30.429482, -97.784437 30.429453, -97.784226 30.429422, -97.784176 30.429422, -97.784043 30.429405, -97.783893 30.429369, -97.78367 30.4293, -97.78346 30.429192, -97.783044 30.429014, -97.782764 30.428842, -97.783075 30.42838, -97.783103 30.42833, -97.783174 30.428258, -97.783266 30.428154, -97.783407 30.428032, -97.783955 30.427663, -97.784377 30.427368, -97.784592 30.427204, -97.784712 30.427085, -97.784889 30.426843, -97.784978 30.426692, -97.785053 30.426528, -97.785103 30.426376, -97.785125 30.426202, -97.785146 30.425982, -97.784982 30.42522, -97.784959 30.425138, -97.784934 30.425059, -97.784905 30.424913, -97.784887 30.424733, -97.784877 30.424558, -97.784886 30.424383, -97.78493 30.424134, -97.784958 30.424045, -97.784987 30.423968, -97.785087 30.423758, -97.785171 30.423621, -97.785251 30.423502, -97.785438 30.42328, -97.785558 30.423173, -97.785689 30.423069, -97.785938 30.422918, -97.786055 30.422838, -97.786142 30.4228, -97.786591 30.422658, -97.787084 30.422558, -97.787459 30.422499, -97.787599 30.422473, -97.787689 30.422455, -97.787974 30.422451, -97.788182 30.422465, -97.788432 30.422495, -97.788649 30.422546, -97.788863 30.422614, -97.789104 30.422707, -97.7896 30.42296, -97.789819 30.423047, -97.789991 30.423122, -97.790189 30.423181, -97.790383 30.423219, -97.790563 30.423239, -97.790689 30.423245, -97.790875 30.423246, -97.791055 30.423224, -97.791462 30.423147, -97.792889 30.422834, -97.793095 30.422783, -97.793296 30.422715, -97.793401 30.422672, -97.793503 30.42263, -97.793613 30.422528, -97.79378 30.422632, -97.793942 30.422711, -97.794245 30.422813, -97.79466 30.422968, -97.794861 30.423053, -97.795009 30.423139, -97.795154 30.423241, -97.795345 30.423402, -97.795589 30.42366, -97.796017 30.424062, -97.796088 30.42414, -97.796127 30.424194, -97.796198 30.424289, -97.796251 30.424406, -97.796272 30.424478, -97.79629 30.424559, -97.79633 30.424814, -97.796448 30.425614, -97.796577 30.426506, -97.796648 30.427297, -97.796649 30.428001, -97.796491 30.428298, -97.795977 30.42906, -97.795514 30.429797, -97.795272 30.430148, -97.795121 30.430345, -97.79507 30.430479, -97.794602 30.431157, -97.794135 30.431849, -97.793805 30.432423, -97.79374 30.432567, -97.793695 30.432709, -97.793968 30.432737, -97.794087 30.43276, -97.794258 30.432819, -97.794634 30.432958, -97.796128 30.433577, -97.796898 30.433931, -97.797666 30.434389, -97.798125 30.434635, -97.798263 30.434681, -97.798392 30.434704, -97.798523 30.434704, -97.798639 30.434691, -97.798731 30.434671, -97.798843 30.434646, -97.79908 30.434605, -97.799228 30.434608, -97.799383 30.434645, -97.799551 30.434706, -97.799732 30.434773, -97.799847 30.434803, -97.799936 30.434816, -97.800124 30.434814, -97.800223 30.435556, -97.800141 30.435958))",50.6,1461.0,204145.0,4.0,7.0,1379916.4700427752,0.0010587597377939198
"POLYGON ((-97.754487 30.38422, -97.754303 30.384576, -97.7542 30.384789, -97.754156 30.384967, -97.75415 30.385178, -97.754175 30.385369, -97.754225 30.385614, -97.754253 30.385798, -97.754246 30.385919, -97.754228 30.386047, -97.75421 30.386146, -97.754154 30.38633, -97.754076 30.386465, -97.753949 30.386601, -97.753686 30.386965, -97.75353 30.387167, -97.75348 30.387259, -97.753459 30.387359, -97.753508 30.388064, -97.753526 30.388177, -97.753547 30.388311, -97.753364 30.388335, -97.7521 30.388454, -97.751987 30.388465, -97.751705 30.388481, -97.751483 30.388506, -97.750812 30.388552, -97.750281 30.38859, -97.750097 30.388603, -97.749936 30.388621, -97.749318 30.388687, -97.748488 30.38877, -97.747887 30.388831, -97.747175 30.388935, -97.74652 30.389068, -97.745902 30.389282, -97.745801 30.389313, -97.745725 30.389343, -97.745502 30.389418, -97.745277 30.389495, -97.745128 30.389545, -97.744927 30.389608, -97.744886 30.389525, -97.744766 30.389288, -97.743966 30.387699, -97.743704 30.38708, -97.742344 30.384363, -97.741983 30.383632, -97.741729 30.383135, -97.741452 30.382706, -97.7412 30.382394, -97.740871 30.381987, -97.740089 30.381251, -97.739123 30.380489, -97.738447 30.380071, -97.738299 30.379988, -97.738272 30.379946, -97.738318 30.379829, -97.738385 30.379679, -97.738409 30.379622, -97.738485 30.37945, -97.738572 30.379378, -97.738667 30.37933, -97.738713 30.379312, -97.738764 30.379293, -97.73892 30.379274, -97.739077 30.379289, -97.739164 30.379325, -97.739255 30.379363, -97.739432 30.379436, -97.73958 30.379508, -97.739715 30.379579, -97.739846 30.379656, -97.739974 30.379739, -97.740237 30.37988, -97.740344 30.379932, -97.740436 30.379946, -97.74094 30.380165, -97.742971 30.381232, -97.743725 30.38188, -97.744595 30.383245, -97.745554 30.382789, -97.747401 30.381907, -97.748795 30.38124, -97.74982 30.380743, -97.750897 30.380228, -97.751179 30.380091, -97.751356 30.379997, -97.751553 30.379888, -97.751723 30.379784, -97.751931 30.379637, -97.752101 30.379478, -97.752207 30.379354, -97.752303 30.379229, -97.752515 30.378918, -97.752876 30.378365, -97.753427 30.37872, -97.753796 30.379167, -97.753237 30.379555, -97.752675 30.380272, -97.752189 30.38062, -97.751857 30.380993, -97.752057 30.381112, -97.752194 30.381218, -97.752536 30.3815, -97.752809 30.38176, -97.752994 30.381924, -97.753456 30.38204, -97.753447 30.382359, -97.753629 30.382808, -97.754355 30.38373, -97.754487 30.38422))",38.8,1214.0,107000.0,9.0,43.0,932009.2007709634,0.001302562248308034
"POLYGON ((-97.766804 30.385124, -97.766698 30.385201, -97.763827 30.387292, -97.763238 30.38769, -97.762955 30.387842, -97.76276 30.387921, -97.762485 30.38803, -97.762239 30.388102, -97.762009 30.388153, -97.76189 30.388175, -97.761727 30.388207, -97.761444 30.388246, -97.760713 30.38827, -97.760201 30.388269, -97.760096 30.388269, -97.759843 30.388251, -97.75962 30.388263, -97.759349 30.388256, -97.758416 30.388235, -97.756998 30.388222, -97.756974 30.387981, -97.756927 30.387524, -97.75693 30.387495, -97.757031 30.387479, -97.757119 30.387473, -97.757192 30.387453, -97.75736 30.387368, -97.757563 30.387259, -97.757721 30.387186, -97.757862 30.387097, -97.757916 30.387073, -97.757988 30.387051, -97.758059 30.387038, -97.75817 30.387026, -97.758284 30.386991, -97.758512 30.386902, -97.758574 30.386869, -97.758616 30.386829, -97.75865 30.38678, -97.758684 30.386705, -97.758704 30.386639, -97.758719 30.386549, -97.758738 30.3865, -97.758767 30.38646, -97.758806 30.386428, -97.758866 30.386396, -97.75906 30.386309, -97.759261 30.386228, -97.75944 30.386139, -97.759543 30.386083, -97.759593 30.386065, -97.759791 30.38602, -97.759841 30.386017, -97.75995 30.386035, -97.760105 30.386071, -97.760188 30.386098, -97.760281 30.386142, -97.760567 30.386327, -97.760489 30.385163, -97.760344 30.384054, -97.76022 30.383073, -97.760287 30.382826, -97.760399 30.382556, -97.761107 30.381944, -97.760623 30.381419, -97.760358 30.380319, -97.760256 30.380068, -97.760157 30.37989, -97.759999 30.379622, -97.759765 30.379401, -97.75968 30.379333, -97.759589 30.379259, -97.759404 30.379113, -97.759132 30.378934, -97.759016 30.378867, -97.758935 30.378825, -97.758846 30.378792, -97.758708 30.378774, -97.758498 30.378762, -97.758368 30.378762, -97.758198 30.378785, -97.75804 30.378297, -97.757938 30.378005, -97.757904 30.377913, -97.757818 30.377679, -97.757752 30.377538, -97.757569 30.377081, -97.757225 30.376333, -97.757014 30.375877, -97.756905 30.375695, -97.756779 30.37554, -97.756432 30.375193, -97.75595 30.37473, -97.755728 30.374542, -97.755454 30.374355, -97.755804 30.373839, -97.756388 30.372965, -97.756859 30.37228, -97.757073 30.37191, -97.757223 30.371566, -97.757488 30.371735, -97.757624 30.371849, -97.757706 30.371931, -97.757859 30.372102, -97.757963 30.37226, -97.758115 30.372536, -97.758265 30.372809, -97.758495 30.373222, -97.75879 30.373732, -97.758915 30.373949, -97.759039 30.374169, -97.759131 30.374301, -97.759274 30.374471, -97.759482 30.374661, -97.759645 30.374789, -97.759801 30.374893, -97.75993 30.37497, -97.760052 30.375025, -97.76039 30.375186, -97.760652 30.375293, -97.76084 30.375364, -97.76106 30.375426, -97.761236 30.375468, -97.761451 30.375508, -97.761646 30.375537, -97.761911 30.375575, -97.762177 30.375634, -97.762329 30.375678, -97.762411 30.375696, -97.762625 30.375742, -97.762949 30.37586, -97.763112 30.375969, -97.763416 30.376146, -97.763606 30.376328, -97.763695 30.376421, -97.763947 30.376684, -97.764008 30.376768, -97.764544 30.377511, -97.764669 30.377741, -97.764742 30.377885, -97.764882 30.378039, -97.764942 30.378236, -97.764976 30.37844, -97.765015 30.378842, -97.765089 30.379259, -97.765406 30.380873, -97.765612 30.381902, -97.765627 30.382139, -97.765662 30.382346, -97.765932 30.383224, -97.765952 30.383291, -97.766069 30.383567, -97.766209 30.383891, -97.766322 30.384115, -97.766465 30.384463, -97.766537 30.384604, -97.766681 30.384886, -97.76674 30.385001, -97.766748 30.385016, -97.766804 30.385124))",51.2,1044.0,96250.0,10.0,17.0,892131.9219095559,0.0011702305167663762
"POLYGON ((-97.763062 30.39918, -97.76304 30.399356, -97.762801 30.399717, -97.761581 30.400721, -97.761414 30.40087, -97.761101 30.401237, -97.760894 30.401731, -97.759973 30.403112, -97.759811 30.403363, -97.759574 30.403258, -97.75954 30.403228, -97.759524 30.403202, -97.759523 30.403181, -97.759524 30.403145, -97.759523 30.40312, -97.759507 30.403097, -97.759464 30.40308, -97.75942 30.403078, -97.759394 30.403084, -97.759336 30.403128, -97.759304 30.403142, -97.759283 30.403145, -97.759246 30.403141, -97.759213 30.403133, -97.759172 30.403117, -97.759108 30.403099, -97.75909 30.403157, -97.759009 30.403342, -97.758972 30.403397, -97.758877 30.403504, -97.758793 30.403632, -97.758735 30.403688, -97.758619 30.403759, -97.758519 30.403828, -97.758454 30.403856, -97.758248 30.403967, -97.758046 30.40406, -97.757993 30.404082, -97.757937 30.404103, -97.757872 30.404137, -97.757514 30.404367, -97.757457 30.40442, -97.757355 30.404546, -97.757312 30.404625, -97.757277 30.404763, -97.757246 30.404845, -97.757215 30.404911, -97.757205 30.40495, -97.757199 30.405006, -97.757169 30.405085, -97.757157 30.405101, -97.757135 30.405093, -97.757055 30.40508, -97.756913 30.405045, -97.756845 30.405021, -97.756785 30.404992, -97.756718 30.404941, -97.756662 30.404884, -97.756485 30.404683, -97.756416 30.404611, -97.756378 30.404599, -97.75631 30.404559, -97.75613 30.404422, -97.756073 30.404392, -97.756033 30.404381, -97.755996 30.404389, -97.755928 30.404437, -97.755896 30.404437, -97.755827 30.404408, -97.755772 30.404378, -97.755695 30.404346, -97.75548 30.404246, -97.755397 30.404228, -97.755323 30.404195, -97.755223 30.404131, -97.755156 30.404088, -97.7551 30.404063, -97.75502 30.404039, -97.754918 30.403998, -97.754837 30.403971, -97.754766 30.403961, -97.754701 30.40396, -97.75462 30.403967, -97.754486 30.40399, -97.754427 30.403985, -97.754345 30.403969, -97.754267 30.403943, -97.754178 30.403906, -97.754109 30.40387, -97.753961 30.403771, -97.753924 30.403736, -97.75389 30.4037, -97.753814 30.403635, -97.753782 30.403614, -97.753632 30.403521, -97.753518 30.403431, -97.753237 30.403181, -97.753206 30.40316, -97.753182 30.403144, -97.753039 30.403076, -97.752863 30.402937, -97.752795 30.402874, -97.752563 30.40263, -97.752539 30.402587, -97.752486 30.40245, -97.752478 30.402417, -97.752474 30.402373, -97.752517 30.402287, -97.752559 30.402121, -97.752288 30.401877, -97.752141 30.401852, -97.752204 30.4018, -97.752181 30.401629, -97.752126 30.401422, -97.752023 30.401225, -97.75186 30.400999, -97.751715 30.400877, -97.751495 30.400751, -97.751282 30.400691, -97.751059 30.400662, -97.749042 30.400643, -97.748916 30.400635, -97.748925 30.400613, -97.749615 30.398941, -97.749922 30.398048, -97.750052 30.396876, -97.74997 30.395628, -97.749857 30.395164, -97.749759 30.394763, -97.749764 30.394395, -97.749765 30.394327, -97.749766 30.39427, -97.749771 30.39415, -97.749834 30.394147, -97.751437 30.394206, -97.752774 30.394623, -97.753393 30.394825, -97.753547 30.39487, -97.753705 30.394903, -97.75378 30.394916, -97.753886 30.394918, -97.754005 30.394915, -97.754234 30.394878, -97.754383 30.394842, -97.754622 30.394768, -97.754692 30.394754, -97.754728 30.39481, -97.754757 30.394855, -97.754801 30.394923, -97.755015 30.395262, -97.755408 30.39557, -97.75608 30.396219, -97.757079 30.396821, -97.757128 30.39685, -97.758113 30.397327, -97.758786 30.39754, -97.759615 30.397764, -97.759792 30.397836, -97.759957 30.397914, -97.760092 30.398004, -97.760353 30.398227, -97.760506 30.39831, -97.760621 30.398352, -97.760765 30.398379, -97.760909 30.398383, -97.761609 30.398295, -97.76201 30.398271, -97.762186 30.398294, -97.762367 30.398337, -97.762598 30.398391, -97.762677 30.398434, -97.762844 30.398577, -97.76295 30.398704, -97.763032 30.398886, -97.763062 30.399032, -97.763062 30.39918))",35.4,1466.0,107519.0,0.0,18.0,898624.1230093385,0.0016313828690583297
"POLYGON ((-97.785152 30.112901, -97.784446 30.113553, -97.784223 30.113736, -97.782211 30.115384, -97.78181 30.11583, -97.781497 30.116347, -97.780663 30.117726, -97.780479 30.118031, -97.778077 30.121848, -97.777431 30.122876, -97.777405 30.122919, -97.775352 30.126336, -97.775241 30.126612, -97.775277 30.126909, -97.775376 30.127107, -97.775625 30.127318, -97.776987 30.127982, -97.777282 30.128126, -97.777825 30.12839, -97.778607 30.128821, -97.778731 30.128929, -97.778808 30.129134, -97.778844 30.12935, -97.778842 30.129415, -97.778805 30.12954, -97.778752 30.129636, -97.778719 30.129695, -97.77744 30.131744, -97.775421 30.134974, -97.775079 30.135522, -97.77453 30.136394, -97.773703 30.137706, -97.773617 30.137864, -97.773351 30.138348, -97.772363 30.140146, -97.771987 30.140834, -97.771536 30.141491, -97.770377 30.142811, -97.770053 30.14318, -97.769561 30.143426, -97.768359 30.144028, -97.767568 30.144424, -97.765939 30.145243, -97.765536 30.14462, -97.76542 30.14444, -97.764719 30.143584, -97.764562 30.143393, -97.763937 30.14263, -97.763078 30.141581, -97.762873 30.141331, -97.760594 30.138548, -97.759411 30.137102, -97.758897 30.136475, -97.758504 30.135995, -97.756973 30.134444, -97.756923 30.134419, -97.756794 30.134354, -97.755181 30.133584, -97.753848 30.132952, -97.753753 30.132892, -97.753676 30.132819, -97.753647 30.132761, -97.753629 30.132724, -97.75362 30.132587, -97.753706 30.132406, -97.754467 30.131223, -97.754975 30.130406, -97.755736 30.129197, -97.755814 30.128977, -97.755642 30.128551, -97.755323 30.128078, -97.754059 30.12616, -97.753551 30.125411, -97.753071 30.124451, -97.751816 30.122027, -97.751853 30.12178, -97.75276 30.120324, -97.752888 30.120013, -97.752646 30.119554, -97.75182 30.118766, -97.751815 30.118698, -97.751777 30.118581, -97.751653 30.118289, -97.751634 30.118216, -97.751624 30.118126, -97.751633 30.118067, -97.751655 30.118019, -97.751717 30.11793, -97.751806 30.117848, -97.751844 30.117807, -97.751871 30.117763, -97.751881 30.11772, -97.751873 30.117664, -97.751846 30.117607, -97.751772 30.117519, -97.751751 30.117488, -97.751728 30.117431, -97.75172 30.117367, -97.751726 30.117302, -97.751758 30.11721, -97.751774 30.117144, -97.751776 30.117029, -97.751752 30.116807, -97.751759 30.116704, -97.751755 30.116657, -97.751732 30.11662, -97.751675 30.116579, -97.751603 30.116551, -97.751478 30.116537, -97.751409 30.116509, -97.751358 30.116473, -97.751341 30.116447, -97.751333 30.116369, -97.75134 30.116047, -97.751319 30.115855, -97.751312 30.115689, -97.751321 30.115626, -97.751346 30.115556, -97.751399 30.11544, -97.751332 30.115433, -97.751271 30.11542, -97.751185 30.115388, -97.751135 30.115358, -97.751059 30.1153, -97.75096 30.115209, -97.750762 30.114994, -97.750639 30.114885, -97.750568 30.114828, -97.749977 30.114392, -97.749816 30.114311, -97.749727 30.114272, -97.749679 30.114246, -97.749631 30.114207, -97.749478 30.11404, -97.749266 30.11378, -97.749213 30.113724, -97.748963 30.113527, -97.748893 30.113452, -97.748881 30.113426, -97.748844 30.113399, -97.749201 30.112881, -97.749748 30.111993, -97.749694 30.111772, -97.749267 30.111502, -97.751411 30.108099, -97.751808 30.107468, -97.752099 30.107008, -97.752695 30.106063, -97.75398 30.104024, -97.755621 30.101421, -97.75577 30.101182, -97.756262 30.100403, -97.758236 30.101361, -97.758393 30.101438, -97.758879 30.101674, -97.759927 30.102171, -97.761984 30.103125, -97.763187 30.103683, -97.763882 30.104033, -97.764433 30.10431, -97.764481 30.104328, -97.767089 30.105582, -97.770078 30.10702, -97.771378 30.107645, -97.772091 30.107988, -97.773862 30.10884, -97.777871 30.110768, -97.778846 30.111255, -97.779331 30.111486, -97.780776 30.112172, -97.781789 30.112653, -97.782311 30.112743, -97.78492 30.112771, -97.78529 30.112775, -97.785152 30.112901))",31.7,3922.0,109991.0,66.0,79.0,9374502.310718087,0.0004183688765552797
"POLYGON ((-97.723869 30.372297, -97.723849 30.372365, -97.723793 30.372554, -97.723722 30.372742, -97.723641 30.37293, -97.723515 30.373173, -97.72341 30.373349, -97.723294 30.373523, -97.723115 30.373755, -97.722866 30.374217, -97.720633 30.378359, -97.720613 30.37835, -97.720583 30.378336, -97.720498 30.378297, -97.720432 30.378267, -97.720231 30.378161, -97.720101 30.378078, -97.719983 30.377985, -97.719876 30.377878, -97.719813 30.3778, -97.719783 30.377764, -97.71969 30.377611, -97.719619 30.37745, -97.719573 30.377281, -97.719552 30.37711, -97.719552 30.376978, -97.719589 30.376473, -97.719664 30.375905, -97.719607 30.375527, -97.719644 30.375308, -97.719655 30.375253, -97.719652 30.375121, -97.71965 30.375102, -97.719651 30.375059, -97.719647 30.374719, -97.719625 30.374512, -97.71948 30.37424, -97.719292 30.373983, -97.718988 30.373674, -97.718323 30.373347, -97.71761 30.373021, -97.717501 30.37295, -97.717386 30.372916, -97.717295 30.372872, -97.715673 30.372083, -97.715559 30.37203, -97.715597 30.371971, -97.715635 30.371912, -97.71655 30.370485, -97.71659 30.370422, -97.716986 30.369805, -97.717713 30.36864, -97.71784 30.368524, -97.718033 30.368418, -97.718105 30.368395, -97.718197 30.36838, -97.718345 30.368367, -97.718534 30.368361, -97.718673 30.368357, -97.718759 30.368355, -97.71899 30.36877, -97.719029 30.368833, -97.71923 30.369158, -97.71936 30.369358, -97.719461 30.369492, -97.719589 30.369644, -97.719877 30.36994, -97.71997 30.370036, -97.720429 30.370439, -97.720682 30.370601, -97.720868 30.370728, -97.721101 30.370849, -97.721699 30.371139, -97.723804 30.372043, -97.723914 30.372095, -97.723869 30.372297))",19.4,879.0,13633.0,0.0,0.0,373330.1254626012,0.0023544845166481344
"POLYGON ((-97.697179 30.38388, -97.696279 30.385314, -97.695803 30.386077, -97.695764 30.386139, -97.695714 30.386187, -97.695571 30.386325, -97.695461 30.38643, -97.694849 30.386742, -97.694531 30.387002, -97.694417 30.387369, -97.694407 30.387803, -97.69349 30.387911, -97.69318 30.387968, -97.692989 30.388079, -97.692785 30.388251, -97.692617 30.388514, -97.692182 30.389165, -97.69196 30.38954, -97.691679 30.389944, -97.69146 30.390141, -97.69113 30.390296, -97.690409 30.390347, -97.689689 30.39036, -97.689462 30.390405, -97.689151 30.390563, -97.689036 30.390682, -97.688894 30.390891, -97.688751 30.39121, -97.688087 30.390872, -97.687613 30.390667, -97.687413 30.390506, -97.685803 30.389656, -97.68618 30.389014, -97.686444 30.388681, -97.686542 30.388389, -97.686625 30.38808, -97.686952 30.387644, -97.687464 30.386992, -97.687741 30.386557, -97.688214 30.386229, -97.688371 30.385949, -97.688122 30.385846, -97.687874 30.385742, -97.687383 30.385538, -97.686565 30.385183, -97.68515 30.384563, -97.684997 30.384496, -97.685078 30.384288, -97.685188 30.384005, -97.685737 30.383045, -97.685803 30.382932, -97.68633 30.382012, -97.686375 30.38193, -97.686701 30.381334, -97.68714 30.380533, -97.687622 30.379651, -97.687684 30.37954, -97.690196 30.380766, -97.690255 30.380795, -97.691649 30.381474, -97.693509 30.382381, -97.693797 30.382521, -97.694111 30.382662, -97.694784 30.382701, -97.695265 30.382672, -97.695924 30.382672, -97.696994 30.382688, -97.6979 30.382712, -97.697179 30.38388))",41.6,674.0,122361.0,9.0,7.0,832073.6621391578,0.0008100244373403551
"POLYGON ((-98.127988 30.422625, -98.125556 30.426186, -98.125481 30.426164, -98.124329 30.427881, -98.123542 30.429063, -98.12326 30.429441, -98.122444 30.430686, -98.121322 30.432376, -98.119894 30.434516, -98.119433 30.435209, -98.117149 30.438629, -98.116241 30.439989, -98.114837 30.442073, -98.111648 30.446837, -98.108478 30.451587, -98.107733 30.452705, -98.105932 30.455388, -98.105021 30.456838, -98.104983 30.456896, -98.103891 30.458546, -98.103164 30.459695, -98.102759 30.460024, -98.102656 30.460075, -98.102552 30.460165, -98.102486 30.46025, -98.102398 30.460305, -98.101916 30.461356, -98.101398 30.462126, -98.101007 30.462559, -98.100715 30.462985, -98.100599 30.463115, -98.099376 30.46518, -98.099002 30.465812, -98.098868 30.46599, -98.097852 30.467419, -98.097709 30.467626, -98.09774 30.469103, -98.097766 30.47033, -98.097844 30.473948, -98.097769 30.474361, -98.097833 30.474732, -98.097824 30.475548, -98.097817 30.47618, -98.097813 30.476612, -98.097806 30.477216, -98.0978 30.477815, -98.097796 30.478141, -98.097793 30.478434, -98.097792 30.478555, -98.097745 30.482929, -98.097743 30.483162, -98.097738 30.483675, -98.09774 30.484783, -98.097737 30.485268, -98.09773 30.487028, -98.09772 30.4894, -98.097732 30.492994, -98.097769 30.495253, -98.097801 30.497097, -98.097793 30.497442, -98.097654 30.497474, -98.096182 30.497714, -98.09543 30.49781, -98.093846 30.497986, -98.093121 30.498013, -98.092534 30.498034, -98.091174 30.497874, -98.090573 30.497811, -98.089958 30.497746, -98.088582 30.497618, -98.08815 30.49757, -98.086982 30.497314, -98.08567 30.497106, -98.084262 30.496754, -98.083788 30.496582, -98.083254 30.496418, -98.082838 30.496274, -98.082422 30.49613, -98.081686 30.495682, -98.080945 30.495156, -98.080806 30.495058, -98.080294 30.49445, -98.07991 30.49389, -98.079558 30.49317, -98.07943 30.492611, -98.079398 30.491875, -98.079446 30.490915, -98.079526 30.490195, -98.079596 30.489853, -98.079654 30.489571, -98.080342 30.488243, -98.082582 30.485347, -98.084201 30.483572, -98.087398 30.480067, -98.088838 30.478547, -98.089414 30.477962, -98.089798 30.477571, -98.090598 30.476675, -98.091078 30.475971, -98.091494 30.474979, -98.09143 30.474179, -98.091334 30.473347, -98.091094 30.472387, -98.090822 30.471955, -98.090534 30.471171, -98.090134 30.470147, -98.08967 30.469251, -98.088998 30.468259, -98.088118 30.467203, -98.08728 30.466608, -98.085638 30.465443, -98.083912 30.464714, -98.082422 30.464084, -98.079852 30.463618, -98.077829 30.463252, -98.076067 30.463101, -98.075367 30.463006, -98.072805 30.46282, -98.07117 30.462801, -98.069454 30.46278, -98.067397 30.462756, -98.065605 30.462852, -98.065396 30.462825, -98.063513 30.462581, -98.062517 30.462452, -98.059989 30.461028, -98.058053 30.45954, -98.05756 30.459119, -98.057173 30.458788, -98.055349 30.45666, -98.055277 30.456523, -98.054807 30.455009, -98.054251 30.453254, -98.053987 30.45182, -98.054087 30.451366, -98.054186 30.450911, -98.056047 30.448881, -98.061002 30.445329, -98.062193 30.444032, -98.063277 30.441991, -98.06295 30.440433, -98.062597 30.439477, -98.062223 30.438206, -98.061989 30.437413, -98.061036 30.435589, -98.060869 30.435269, -98.060246 30.434713, -98.059364 30.433925, -98.05778 30.433173, -98.056535 30.433057, -98.055892 30.432997, -98.055524 30.433059, -98.057815 30.431146, -98.059103 30.430068, -98.06 30.430818, -98.060239 30.430639, -98.060342 30.430561, -98.060906 30.430139, -98.061568 30.429817, -98.062218 30.429502, -98.063097 30.429254, -98.063586 30.429116, -98.064538 30.428978, -98.065012 30.428909, -98.065874 30.428968, -98.066326 30.428999, -98.067562 30.428756, -98.06829 30.428865, -98.068979 30.42912, -98.069559 30.429406, -98.0701 30.429799, -98.070612 30.43033, -98.071094 30.43095, -98.071654 30.431737, -98.072126 30.432603, -98.072608 30.433695, -98.072795 30.434285, -98.072933 30.434973, -98.072963 30.435475, -98.072972 30.436046, -98.072982 30.436744, -98.072982 30.437098, -98.073007 30.437474, -98.073037 30.437629, -98.07322 30.438572, -98.073326 30.439112, -98.073425 30.439644, -98.073524 30.440024, -98.07363 30.440329, -98.073782 30.440686, -98.073896 30.440906, -98.074071 30.441188, -98.074223 30.441408, -98.074833 30.442179, -98.077219 30.444627, -98.077387 30.444994, -98.080923 30.447569, -98.081266 30.447654, -98.082001 30.447954, -98.082416 30.448065, -98.083211 30.447956, -98.084597 30.44827, -98.084907 30.44827, -98.085695 30.44827, -98.086376 30.447459, -98.086559 30.446099, -98.086376 30.444137, -98.085722 30.443039, -98.084806 30.44249, -98.083811 30.442359, -98.083985 30.441624, -98.083761 30.440183, -98.083106 30.438145, -98.082994 30.437191, -98.083779 30.43633, -98.086039 30.434479, -98.086202 30.434347, -98.087686 30.433462, -98.088016 30.43314, -98.090398 30.432792, -98.091398 30.4303, -98.090679 30.427857, -98.089649 30.426101, -98.088343 30.424636, -98.086962 30.42331, -98.086848 30.423263, -98.085516 30.422666, -98.084999 30.422463, -98.083457 30.422211, -98.083206 30.422732, -98.083097 30.422977, -98.083077 30.423063, -98.083063 30.42309, -98.082823 30.42299, -98.082715 30.422841, -98.082642 30.422699, -98.082336 30.422654, -98.082191 30.422735, -98.082014 30.422816, -98.081917 30.422848, -98.081853 30.422898, -98.081756 30.423059, -98.081709 30.423044, -98.081563 30.422998, -98.081398 30.422947, -98.081226 30.422893, -98.081079 30.422847, -98.080797 30.422808, -98.080558 30.422777, -98.079535 30.422652, -98.076129 30.421662, -98.075221 30.422244, -98.072737 30.424077, -98.072506 30.423948, -98.07183 30.423503, -98.071364 30.423172, -98.071064 30.422948, -98.070691 30.422609, -98.070185 30.42219, -98.069887 30.421883, -98.069584 30.421423, -98.068191 30.418989, -98.067828 30.418284, -98.067794 30.418133, -98.067635 30.417419, -98.066379 30.414378, -98.066165 30.414144, -98.065858 30.413909, -98.06478 30.413153, -98.063829 30.412336, -98.062719 30.411216, -98.061862 30.410443, -98.061379 30.410007, -98.06105 30.409653, -98.060836 30.409318, -98.060144 30.408193, -98.05927 30.407136, -98.059947 30.406686, -98.061938 30.405499, -98.062443 30.404936, -98.062722 30.404503, -98.062815 30.404359, -98.06371 30.40317, -98.063864 30.40289, -98.064246 30.401962, -98.064317 30.400348, -98.064305 30.400138, -98.064308 30.399992, -98.06432 30.399851, -98.064364 30.399614, -98.064501 30.399287, -98.064596 30.399115, -98.064755 30.398905, -98.064905 30.398741, -98.065175 30.398531, -98.065306 30.398449, -98.065501 30.39835, -98.065843 30.398203, -98.066049 30.398105, -98.066295 30.397949, -98.066441 30.397827, -98.066605 30.397656, -98.066739 30.39745, -98.06685 30.397174, -98.066894 30.397044, -98.067506 30.394719, -98.06765 30.39442, -98.06779 30.394128, -98.068572 30.393229, -98.069076 30.392818, -98.072111 30.390352, -98.074861 30.389008, -98.076215 30.38858, -98.077898 30.388047, -98.079386 30.387577, -98.079958 30.387396, -98.081144 30.387021, -98.08269 30.386748, -98.083892 30.386497, -98.086101 30.385771, -98.086294 30.386462, -98.086469 30.387161, -98.086454 30.387939, -98.086408 30.388458, -98.086278 30.388968, -98.086258 30.389076, -98.086233 30.38921, -98.086216 30.3893, -98.086212 30.389355, -98.08619 30.389633, -98.086182 30.389749, -98.086177 30.389831, -98.086176 30.389898, -98.086174 30.389968, -98.086173 30.390041, -98.086173 30.390176, -98.086173 30.39022, -98.086177 30.390367, -98.086179 30.390417, -98.086233 30.390804, -98.086254 30.391004, -98.086248 30.39128, -98.086149 30.392048, -98.086264 30.392891, -98.086558 30.393779, -98.086901 30.394299, -98.087263 30.394707, -98.088201 30.395868, -98.089337 30.397199, -98.090939 30.398861, -98.092146 30.400207, -98.092174 30.40024, -98.093993 30.40224, -98.094063 30.402294, -98.094871 30.402849, -98.095574 30.403301, -98.099165 30.404673, -98.100353 30.405104, -98.100884 30.405297, -98.102407 30.405997, -98.106359 30.408348, -98.107248 30.408826, -98.108175 30.409371, -98.108834 30.409758, -98.109228 30.409979, -98.111056 30.411048, -98.11246 30.411857, -98.113084 30.412216, -98.117139 30.414552, -98.118233 30.415171, -98.120235 30.416305, -98.122484 30.417684, -98.123371 30.418367, -98.124894 30.419622, -98.125465 30.42021, -98.126288 30.421019, -98.126339 30.421069, -98.127709 30.422385, -98.127881 30.422533, -98.127988 30.422625))",65.1,1550.0,116917.0,9.0,22.0,37611594.579861164,4.121069625774217e-05
"POLYGON ((-97.753601 30.426538, -97.753592 30.426554, -97.753576 30.426581, -97.753563 30.426604, -97.75355 30.426626, -97.753527 30.426666, -97.753516 30.426685, -97.753509 30.426697, -97.753502 30.426709, -97.753497 30.426718, -97.753491 30.426728, -97.753483 30.426742, -97.753475 30.426756, -97.75346 30.426782, -97.753449 30.426801, -97.753438 30.426817, -97.753215 30.427144, -97.752549 30.42816, -97.752341 30.428398, -97.752082 30.428628, -97.751706 30.428863, -97.751652 30.428886, -97.751358 30.429013, -97.751149 30.429065, -97.750816 30.429148, -97.75038 30.429196, -97.749842 30.429179, -97.749468 30.42911, -97.748678 30.428953, -97.748651 30.428944, -97.748608 30.428933, -97.748553 30.428919, -97.748475 30.4289, -97.748332 30.42887, -97.747598 30.428708, -97.746971 30.428578, -97.745211 30.428217, -97.745143 30.428201, -97.745 30.428164, -97.744258 30.428028, -97.743968 30.428025, -97.743606 30.428047, -97.743327 30.428085, -97.742991 30.428164, -97.742554 30.428315, -97.742204 30.428503, -97.741793 30.428797, -97.741635 30.428974, -97.741491 30.429212, -97.741333 30.429506, -97.741318 30.429524, -97.741303 30.429543, -97.741269 30.429584, -97.741228 30.429634, -97.741211 30.429663, -97.741148 30.42977, -97.741077 30.42986, -97.740941 30.429973, -97.740738 30.430124, -97.740511 30.430316, -97.740353 30.430444, -97.740168 30.430633, -97.739939 30.43087, -97.739734 30.431054, -97.739706 30.431072, -97.739557 30.431232, -97.739108 30.431714, -97.738904 30.431875, -97.738656 30.432007, -97.738823 30.432206, -97.738896 30.432335, -97.738986 30.432605, -97.739005 30.432718, -97.739033 30.432936, -97.738875 30.43383, -97.738571 30.434522, -97.737152 30.436053, -97.736062 30.437194, -97.736033 30.437221, -97.73599 30.43726, -97.735949 30.437297, -97.735883 30.437358, -97.733844 30.43594, -97.731678 30.434426, -97.731149 30.434067, -97.730419 30.433568, -97.729842 30.433196, -97.729521 30.433023, -97.728882 30.432699, -97.728917 30.432531, -97.728927 30.432476, -97.72893 30.432441, -97.728938 30.43233, -97.729193 30.431113, -97.729426 30.430014, -97.729463 30.429871, -97.729548 30.429413, -97.729615 30.429057, -97.729733 30.428424, -97.730008 30.42695, -97.73007 30.42652, -97.730152 30.425972, -97.730168 30.42535, -97.730145 30.424976, -97.730117 30.424153, -97.73005 30.423287, -97.729808 30.420161, -97.729819 30.419757, -97.729776 30.419509, -97.729783 30.419264, -97.729731 30.418729, -97.729684 30.417991, -97.729613 30.416906, -97.729586 30.416592, -97.72958 30.416512, -97.729548 30.416147, -97.729614 30.416148, -97.729654 30.416155, -97.729698 30.416172, -97.729728 30.416194, -97.729767 30.416246, -97.729808 30.416285, -97.729905 30.416355, -97.729975 30.416394, -97.730161 30.416471, -97.730293 30.41652, -97.730496 30.416595, -97.73078 30.416744, -97.730822 30.416775, -97.730868 30.41682, -97.730975 30.416939, -97.731039 30.417026, -97.73121 30.417254, -97.731249 30.417318, -97.731408 30.417553, -97.731453 30.417602, -97.731554 30.417692, -97.731695 30.41779, -97.731772 30.417838, -97.731273 30.418378, -97.730805 30.419029, -97.730531 30.419645, -97.730613 30.420439, -97.730721 30.42183, -97.733039 30.421737, -97.733733 30.42163, -97.73461 30.421485, -97.735456 30.421758, -97.736553 30.422289, -97.737366 30.42098, -97.737694 30.42047, -97.73828 30.41956, -97.740085 30.420523, -97.740243 30.420597, -97.742103 30.421466, -97.742733 30.420907, -97.743945 30.420599, -97.74409 30.420516, -97.744227 30.420411, -97.744348 30.420274, -97.744481 30.420067, -97.745193 30.419026, -97.745439 30.41911, -97.745633 30.41915, -97.745929 30.419145, -97.746443 30.419103, -97.7467 30.419072, -97.746748 30.419314, -97.747142 30.42132, -97.747213 30.421575, -97.74749 30.42229, -97.747671 30.422621, -97.747837 30.422872, -97.748052 30.423145, -97.748171 30.423273, -97.748434 30.423557, -97.748602 30.423737, -97.748817 30.423969, -97.74933 30.424362, -97.749533 30.424487, -97.749747 30.424613, -97.750204 30.424853, -97.751636 30.425558, -97.753542 30.426479, -97.75359 30.426502, -97.753615 30.426514, -97.753601 30.426538))",48.6,1052.0,153866.0,9.0,0.0,2464824.260533085,0.00042680527648347494
"POLYGON ((-97.744481 30.420067, -97.744348 30.420274, -97.744227 30.420411, -97.74409 30.420516, -97.743945 30.420599, -97.742733 30.420907, -97.742103 30.421466, -97.740243 30.420597, -97.740085 30.420523, -97.73828 30.41956, -97.737694 30.42047, -97.737366 30.42098, -97.736553 30.422289, -97.735456 30.421758, -97.73461 30.421485, -97.733733 30.42163, -97.733039 30.421737, -97.730721 30.42183, -97.730613 30.420439, -97.730531 30.419645, -97.730805 30.419029, -97.731273 30.418378, -97.731772 30.417838, -97.731695 30.41779, -97.731554 30.417692, -97.731453 30.417602, -97.731408 30.417553, -97.731249 30.417318, -97.73121 30.417254, -97.731039 30.417026, -97.730975 30.416939, -97.730868 30.41682, -97.730822 30.416775, -97.73078 30.416744, -97.730496 30.416595, -97.730293 30.41652, -97.730161 30.416471, -97.729975 30.416394, -97.729905 30.416355, -97.729808 30.416285, -97.729767 30.416246, -97.729728 30.416194, -97.729698 30.416172, -97.729654 30.416155, -97.729614 30.416148, -97.729548 30.416147, -97.729537 30.416025, -97.729516 30.415851, -97.729515 30.41562, -97.729494 30.415171, -97.729467 30.41494, -97.729504 30.414906, -97.729421 30.414751, -97.729441 30.41465, -97.729411 30.41452, -97.729396 30.414448, -97.729385 30.414261, -97.729344 30.413914, -97.729271 30.412914, -97.729211 30.412079, -97.729175 30.411567, -97.729575 30.411545, -97.73008 30.411613, -97.731 30.412127, -97.731585 30.412504, -97.732116 30.41279, -97.732847 30.413124, -97.733653 30.413512, -97.734374 30.413845, -97.735079 30.414168, -97.737245 30.415204, -97.737968 30.41556, -97.738396 30.415768, -97.739303 30.416209, -97.740688 30.416875, -97.742116 30.417553, -97.743033 30.417991, -97.745193 30.419026, -97.744481 30.420067))",40.6,1216.0,86705.0,14.0,53.0,907426.0854311319,0.0013400540490548715
"POLYGON ((-97.7467 30.419072, -97.746443 30.419103, -97.745929 30.419145, -97.745633 30.41915, -97.745439 30.41911, -97.745193 30.419026, -97.743033 30.417991, -97.742116 30.417553, -97.740688 30.416875, -97.739303 30.416209, -97.738396 30.415768, -97.737968 30.41556, -97.737245 30.415204, -97.735079 30.414168, -97.734374 30.413845, -97.733653 30.413512, -97.732847 30.413124, -97.732116 30.41279, -97.731585 30.412504, -97.731 30.412127, -97.731319 30.411616, -97.730109 30.410709, -97.730884 30.410199, -97.73163 30.409777, -97.733543 30.411081, -97.734253 30.410548, -97.734938 30.411093, -97.735442 30.410756, -97.73611 30.410338, -97.73678 30.409851, -97.73761 30.410256, -97.738377 30.410634, -97.739129 30.410993, -97.739922 30.411345, -97.740661 30.411714, -97.741442 30.412074, -97.742206 30.412444, -97.742946 30.412786, -97.74449 30.413524, -97.744768 30.413073, -97.744903 30.412955, -97.745076 30.412876, -97.745257 30.412825, -97.745737 30.415299, -97.74599 30.41519, -97.746295 30.416919, -97.746655 30.418832, -97.746688 30.419009, -97.7467 30.419072))",36.7,1675.0,93642.0,15.0,102.0,717732.4622999816,0.0023337386672360396
"POLYGON ((-97.74599 30.41519, -97.745737 30.415299, -97.745257 30.412825, -97.745076 30.412876, -97.744903 30.412955, -97.744768 30.413073, -97.74449 30.413524, -97.742946 30.412786, -97.742206 30.412444, -97.741442 30.412074, -97.740661 30.411714, -97.739922 30.411345, -97.739129 30.410993, -97.738377 30.410634, -97.73761 30.410256, -97.73678 30.409851, -97.737507 30.408669, -97.73635 30.408178, -97.736179 30.407787, -97.735485 30.407781, -97.734573 30.407306, -97.733703 30.40687, -97.733015 30.406551, -97.732704 30.406141, -97.733568 30.405776, -97.736031 30.405388, -97.736838 30.405231, -97.737489 30.405203, -97.738064 30.405276, -97.739068 30.405717, -97.740812 30.40658, -97.741667 30.406792, -97.742038 30.406794, -97.742871 30.40707, -97.743358 30.407338, -97.743983 30.407653, -97.744141 30.407725, -97.74422 30.407757, -97.744316 30.407767, -97.744715 30.407858, -97.744978 30.407882, -97.744965 30.408094, -97.744946 30.408396, -97.744945 30.40883, -97.744979 30.409207, -97.745053 30.410208, -97.745254 30.411249, -97.745376 30.412096, -97.745524 30.412834, -97.745932 30.414863, -97.74599 30.41519))",35.6,1348.0,81087.0,0.0,0.0,550560.7067937644,0.0024484130148883835
"POLYGON ((-97.687698 30.464914, -97.687084 30.466901, -97.686634 30.46816, -97.6866 30.468257, -97.686584 30.468301, -97.685832 30.470743, -97.685611 30.47146, -97.685489 30.471857, -97.685323 30.472399, -97.685105 30.473107, -97.684985 30.473496, -97.684972 30.47354, -97.684952 30.473604, -97.684406 30.475343, -97.68412 30.47629, -97.684033 30.476579, -97.683191 30.479261, -97.683145 30.479384, -97.68311 30.479478, -97.683063 30.479609, -97.682973 30.47985, -97.682947 30.479918, -97.682893 30.480066, -97.682696 30.480081, -97.682022 30.480123, -97.681952 30.480128, -97.681814 30.480136, -97.681622 30.480148, -97.681499 30.480156, -97.681291 30.480169, -97.681103 30.48018, -97.680974 30.480189, -97.680836 30.480199, -97.680728 30.480205, -97.680581 30.480215, -97.6805 30.480222, -97.680415 30.480229, -97.679371 30.480317, -97.677131 30.480517, -97.676785 30.480548, -97.67621 30.4806, -97.67551 30.480654, -97.675465 30.480657, -97.674992 30.480694, -97.674748 30.480716, -97.674706 30.48072, -97.674641 30.480727, -97.67444 30.480751, -97.674372 30.480775, -97.67424 30.48079, -97.674116 30.480426, -97.674015 30.480229, -97.673975 30.480151, -97.673946 30.480093, -97.673837 30.47975, -97.673779 30.479567, -97.672516 30.475568, -97.672312 30.474949, -97.672249 30.474759, -97.672138 30.474386, -97.672017 30.473951, -97.671911 30.473635, -97.672301 30.473513, -97.672393 30.473484, -97.672526 30.473289, -97.672614 30.473159, -97.674178 30.470973, -97.674445 30.470623, -97.674626 30.470358, -97.675307 30.469203, -97.675477 30.46891, -97.675738 30.46846, -97.675752 30.468436, -97.675793 30.468369, -97.675837 30.468298, -97.675911 30.468179, -97.676439 30.467263, -97.676655 30.466907, -97.676687 30.466569, -97.676484 30.466326, -97.675814 30.465997, -97.674386 30.465299, -97.673885 30.465084, -97.673501 30.464862, -97.673325 30.464668, -97.673334 30.464408, -97.673613 30.463912, -97.673857 30.463511, -97.674597 30.462328, -97.674756 30.462237, -97.675248 30.461395, -97.676231 30.459719, -97.677339 30.45804, -97.67779 30.458231, -97.678711 30.458695, -97.678987 30.458844, -97.679298 30.459051, -97.67956 30.459271, -97.679701 30.459398, -97.679788 30.459477, -97.680037 30.45977, -97.680172 30.45996, -97.680344 30.460588, -97.68038 30.46079, -97.680399 30.46098, -97.680402 30.461156, -97.680394 30.461318, -97.680331 30.461988, -97.680632 30.461997, -97.680762 30.462024, -97.680914 30.46208, -97.681501 30.462367, -97.682298 30.462799, -97.683218 30.46325, -97.683641 30.462593, -97.683838 30.462261, -97.684046 30.461924, -97.684239 30.461585, -97.684444 30.461273, -97.684885 30.460622, -97.685688 30.461059, -97.685202 30.461791, -97.684744 30.462527, -97.685078 30.462661, -97.68533 30.462809, -97.68555 30.463097, -97.685251 30.463344, -97.685091 30.463516, -97.684451 30.46454, -97.685884 30.465241, -97.685975 30.465276, -97.686067 30.465253, -97.686131 30.465207, -97.686541 30.464583, -97.686797 30.464264, -97.687149 30.464428, -97.687698 30.464914))",34.8,2943.0,129186.0,70.0,23.0,2344910.511345621,0.001255058555864107
"POLYGON ((-97.721246 30.454881, -97.721243 30.454949, -97.721237 30.455112, -97.721229 30.455193, -97.721166 30.455608, -97.721149 30.455835, -97.720786 30.455926, -97.720358 30.456139, -97.71919 30.456705, -97.718128 30.457226, -97.715192 30.458648, -97.704292 30.45849, -97.703984 30.458501, -97.699786 30.460023, -97.699297 30.4602, -97.698916 30.460338, -97.698544 30.460473, -97.698262 30.460575, -97.696426 30.461241, -97.696356 30.461266, -97.695984 30.461401, -97.695784 30.461601, -97.694684 30.461501, -97.694592 30.461501, -97.694614 30.461328, -97.694703 30.46065, -97.69502 30.458239, -97.695083 30.457084, -97.69535 30.452148, -97.695365 30.451882, -97.695427 30.451034, -97.695502 30.45002, -97.695504 30.449869, -97.695504 30.449813, -97.695117 30.449853, -97.694877 30.449776, -97.694765 30.449756, -97.694458 30.449626, -97.691877 30.448408, -97.691183 30.448074, -97.691137 30.447984, -97.691044 30.448006, -97.688667 30.446838, -97.688295 30.446656, -97.688139 30.44658, -97.688006 30.446451, -97.687845 30.44644, -97.686629 30.445887, -97.686599 30.4458, -97.685297 30.445085, -97.684229 30.444537, -97.683807 30.444124, -97.68319 30.442536, -97.683159 30.442275, -97.683093 30.441731, -97.683069 30.440963, -97.683176 30.440591, -97.683267 30.440279, -97.683669 30.439834, -97.683787 30.439752, -97.684127 30.439519, -97.685169 30.439068, -97.685412 30.438954, -97.685441 30.439, -97.685806 30.439548, -97.686403 30.440187, -97.686975 30.440697, -97.687082 30.440793, -97.68715 30.440867, -97.687451 30.441103, -97.687929 30.441368, -97.688525 30.441602, -97.688619 30.441628, -97.688694 30.441663, -97.689335 30.441769, -97.690331 30.44178, -97.690568 30.44175, -97.69079 30.441772, -97.691583 30.441713, -97.69176 30.441675, -97.692027 30.44157, -97.692149 30.441523, -97.692304 30.441504, -97.693454 30.441204, -97.69417 30.440897, -97.695315 30.440277, -97.695853 30.440106, -97.695953 30.440086, -97.696159 30.440069, -97.696527 30.440037, -97.696917 30.440054, -97.697307 30.440098, -97.697821 30.440213, -97.698147 30.440354, -97.698503 30.440441, -97.698781 30.440509, -97.699248 30.440623, -97.699366 30.440637, -97.700315 30.440751, -97.702067 30.441392, -97.702829 30.44169, -97.70469 30.442442, -97.706605 30.443174, -97.707285 30.443442, -97.707754 30.443606, -97.707893 30.443666, -97.707965 30.443697, -97.709712 30.444365, -97.710366 30.444615, -97.710998 30.444856, -97.712004 30.445241, -97.712111 30.445282, -97.712122 30.445286, -97.712271 30.445343, -97.712358 30.445376, -97.71302 30.445819, -97.7132 30.445974, -97.713398 30.446143, -97.713425 30.446167, -97.71397 30.446635, -97.7149 30.447434, -97.715275 30.447757, -97.716091 30.448401, -97.717958 30.449069, -97.718041 30.449076, -97.718119 30.44919, -97.718298 30.44948, -97.718378 30.449627, -97.719164 30.450865, -97.719705 30.45172, -97.720187 30.452483, -97.720604 30.45314, -97.720667 30.453219, -97.720718 30.453129, -97.720723 30.453298, -97.720783 30.453383, -97.720907 30.45359, -97.720962 30.453696, -97.721036 30.453859, -97.721099 30.454023, -97.721151 30.454191, -97.721203 30.454418, -97.721234 30.45465, -97.721243 30.454826, -97.721246 30.454881))",36.0,1720.0,63156.0,34.0,46.0,4737986.503055201,0.0003630234064387669
"POLYGON ((-97.744718 30.434002, -97.744525 30.434202, -97.744247 30.434521, -97.743618 30.435501, -97.744 30.43703, -97.744034 30.437446, -97.744176 30.43795, -97.744042 30.437993, -97.74368 30.438078, -97.743213 30.438201, -97.742683 30.438327, -97.742414 30.438397, -97.74227 30.438452, -97.741688 30.4387, -97.741215 30.438891, -97.741105 30.438925, -97.741007 30.438949, -97.740947 30.438956, -97.739965 30.439042, -97.739694 30.439066, -97.739553 30.439088, -97.739499 30.439102, -97.739476 30.439109, -97.739422 30.439124, -97.739311 30.439184, -97.739177 30.43927, -97.739087 30.439358, -97.739055 30.439389, -97.738941 30.439501, -97.738896 30.439545, -97.737359 30.43843, -97.736764 30.437995, -97.735996 30.437437, -97.735883 30.437358, -97.735949 30.437297, -97.73599 30.43726, -97.736033 30.437221, -97.736062 30.437194, -97.737152 30.436053, -97.738571 30.434522, -97.738875 30.43383, -97.739033 30.432936, -97.739005 30.432718, -97.738986 30.432605, -97.738896 30.432335, -97.738823 30.432206, -97.738656 30.432007, -97.738904 30.431875, -97.739108 30.431714, -97.739557 30.431232, -97.741408 30.432191, -97.742739 30.43288, -97.743633 30.433375, -97.743831 30.433485, -97.743974 30.433568, -97.744189 30.433694, -97.744636 30.433954, -97.744718 30.434002))",36.3,1261.0,99175.0,52.0,51.0,435403.7438910683,0.0028961625105260553
"POLYGON ((-97.730152 30.425972, -97.73007 30.42652, -97.730008 30.42695, -97.729733 30.428424, -97.729615 30.429057, -97.729548 30.429413, -97.729463 30.429871, -97.729426 30.430014, -97.729193 30.431113, -97.728938 30.43233, -97.72893 30.432441, -97.728927 30.432476, -97.728917 30.432531, -97.728882 30.432699, -97.726699 30.431521, -97.72579 30.431036, -97.725651 30.430954, -97.725533 30.430895, -97.725048 30.43067, -97.72413 30.430184, -97.723994 30.430113, -97.722869 30.429517, -97.722517 30.429323, -97.722382 30.429252, -97.722458 30.429134, -97.722501 30.429068, -97.722857 30.428517, -97.723856 30.427067, -97.724116 30.42633, -97.724296 30.425819, -97.724284 30.425305, -97.725284 30.425036, -97.725573 30.424619, -97.725659 30.423875, -97.725596 30.423288, -97.72546 30.422807, -97.725299 30.42202, -97.726271 30.421822, -97.726948 30.4218, -97.727369 30.421899, -97.728505 30.422486, -97.728885 30.422642, -97.729182 30.422901, -97.729252 30.423236, -97.729822 30.423225, -97.73005 30.423287, -97.730117 30.424153, -97.730145 30.424976, -97.730168 30.42535, -97.730152 30.425972))",45.1,1162.0,105417.0,8.0,19.0,546071.2210747714,0.002127927558081095
"POLYGON ((-97.727736 30.438611, -97.727632 30.43896, -97.727423 30.439676, -97.726998 30.440608, -97.726791 30.441035, -97.723458 30.447831, -97.723383 30.447984, -97.723018 30.448729, -97.722919 30.448918, -97.722696 30.449343, -97.722659 30.449413, -97.722646 30.449445, -97.722628 30.449475, -97.722316 30.450101, -97.721929 30.450857, -97.72156 30.451543, -97.720979 30.4527, -97.720718 30.453129, -97.720667 30.453219, -97.720604 30.45314, -97.720187 30.452483, -97.719705 30.45172, -97.719164 30.450865, -97.718378 30.449627, -97.718298 30.44948, -97.718119 30.44919, -97.718041 30.449076, -97.717958 30.449069, -97.716091 30.448401, -97.715275 30.447757, -97.7149 30.447434, -97.71397 30.446635, -97.713425 30.446167, -97.713398 30.446143, -97.7132 30.445974, -97.71302 30.445819, -97.712358 30.445376, -97.712271 30.445343, -97.712122 30.445286, -97.712111 30.445282, -97.712004 30.445241, -97.710998 30.444856, -97.710366 30.444615, -97.709712 30.444365, -97.707965 30.443697, -97.707893 30.443666, -97.707754 30.443606, -97.707285 30.443442, -97.706605 30.443174, -97.70469 30.442442, -97.702829 30.44169, -97.702067 30.441392, -97.700315 30.440751, -97.699366 30.440637, -97.699248 30.440623, -97.698781 30.440509, -97.698503 30.440441, -97.698527 30.440298, -97.698589 30.440157, -97.69867 30.439971, -97.699051 30.438969, -97.699298 30.437952, -97.699369 30.437061, -97.699497 30.435813, -97.699523 30.435659, -97.699632 30.435026, -97.699749 30.434373, -97.699807 30.43408, -97.700109 30.433238, -97.700205 30.432957, -97.700403 30.432379, -97.70092 30.430988, -97.700999 30.430773, -97.701074 30.430544, -97.701381 30.429613, -97.701842 30.428071, -97.701924 30.427787, -97.702452 30.42597, -97.703226 30.423739, -97.703464 30.423047, -97.70378 30.422177, -97.703898 30.421814, -97.704338 30.420566, -97.704563 30.420693, -97.704797 30.420822, -97.705031 30.420949, -97.70511 30.420992, -97.70519 30.421035, -97.705425 30.42117, -97.705529 30.421221, -97.708178 30.422538, -97.70814 30.422675, -97.708137 30.422812, -97.7081 30.422948, -97.708067 30.423107, -97.708006 30.423326, -97.707989 30.423439, -97.707956 30.42357, -97.70793 30.423648, -97.707874 30.423787, -97.707802 30.42391, -97.707767 30.423957, -97.707685 30.424082, -97.707548 30.424394, -97.707531 30.424449, -97.707517 30.424493, -97.707461 30.42474, -97.70745 30.424835, -97.707447 30.424914, -97.707431 30.424949, -97.707429 30.425023, -97.707442 30.425074, -97.707453 30.425114, -97.707486 30.425193, -97.707514 30.42524, -97.70755 30.425277, -97.707601 30.42531, -97.707778 30.42535, -97.707869 30.425358, -97.707979 30.425355, -97.708241 30.425358, -97.708553 30.425353, -97.709051 30.425366, -97.709136 30.425375, -97.709269 30.425421, -97.709382 30.42544, -97.709451 30.425465, -97.709549 30.425513, -97.709629 30.425567, -97.709649 30.425583, -97.709741 30.425654, -97.709787 30.425699, -97.709892 30.425818, -97.709937 30.425891, -97.709963 30.425952, -97.710026 30.426057, -97.710062 30.426128, -97.710084 30.426189, -97.710097 30.426261, -97.710105 30.426335, -97.710105 30.426484, -97.710082 30.426582, -97.710041 30.4268, -97.710035 30.427016, -97.710038 30.427057, -97.710036 30.427212, -97.710058 30.427288, -97.71007 30.427346, -97.710087 30.427395, -97.710125 30.427457, -97.710213 30.427549, -97.710324 30.427631, -97.710356 30.427654, -97.71045 30.427712, -97.71068 30.42784, -97.710766 30.427888, -97.710908 30.427973, -97.711037 30.42804, -97.711092 30.428073, -97.711189 30.428131, -97.711339 30.428248, -97.711441 30.428357, -97.711632 30.428535, -97.711833 30.428691, -97.711959 30.42878, -97.712015 30.428812, -97.712075 30.428836, -97.712148 30.428864, -97.712202 30.428894, -97.712258 30.428941, -97.712317 30.429011, -97.712333 30.429076, -97.712333 30.429103, -97.712313 30.429186, -97.712247 30.42936, -97.712174 30.429512, -97.712107 30.42963, -97.712059 30.429702, -97.712016 30.429766, -97.711973 30.429835, -97.711846 30.43007, -97.711734 30.430236, -97.711665 30.430383, -97.711502 30.430883, -97.711485 30.430994, -97.711481 30.431123, -97.711506 30.43131, -97.711522 30.43137, -97.711563 30.431452, -97.711615 30.431523, -97.711698 30.431597, -97.711746 30.431628, -97.711781 30.431645, -97.711858 30.431672, -97.711956 30.431698, -97.712063 30.431716, -97.712253 30.431757, -97.712323 30.431764, -97.712438 30.431763, -97.712537 30.431751, -97.712641 30.431729, -97.71274 30.431717, -97.712838 30.431715, -97.713049 30.431722, -97.713144 30.431732, -97.713259 30.431756, -97.71336 30.431784, -97.713585 30.431867, -97.713679 30.431915, -97.713769 30.431998, -97.713837 30.432069, -97.713889 30.432134, -97.713984 30.43228, -97.714131 30.432466, -97.714274 30.432637, -97.714451 30.432829, -97.714556 30.432919, -97.714723 30.433045, -97.714739 30.433061, -97.715023 30.433218, -97.715202 30.433302, -97.715284 30.433332, -97.715482 30.433385, -97.715568 30.433415, -97.71569 30.433476, -97.71578 30.433543, -97.715824 30.433592, -97.71591 30.433723, -97.716108 30.433987, -97.716414 30.434374, -97.716487 30.434492, -97.716528 30.434583, -97.716595 30.434683, -97.716641 30.434751, -97.716748 30.434861, -97.716866 30.43499, -97.716952 30.435084, -97.717081 30.435252, -97.717128 30.435293, -97.717165 30.435306, -97.717208 30.435304, -97.717511 30.435291, -97.717596 30.435293, -97.717634 30.435305, -97.717672 30.435328, -97.717806 30.435445, -97.717865 30.435511, -97.717939 30.435642, -97.718003 30.435726, -97.718057 30.435777, -97.718113 30.435814, -97.718171 30.435837, -97.718239 30.43585, -97.7183 30.435849, -97.718355 30.435834, -97.718429 30.435799, -97.718508 30.435779, -97.718746 30.435613, -97.718895 30.435494, -97.718927 30.435486, -97.719041 30.435481, -97.71911 30.435483, -97.719287 30.435513, -97.719412 30.43554, -97.719514 30.435574, -97.719578 30.435607, -97.719631 30.435647, -97.720231 30.436216, -97.72079 30.436751, -97.720863 30.436807, -97.720955 30.436856, -97.721064 30.436895, -97.72119 30.436926, -97.721639 30.437022, -97.721869 30.437078, -97.722013 30.437105, -97.722088 30.437109, -97.722191 30.437097, -97.722232 30.437076, -97.722272 30.437078, -97.722589 30.437175, -97.722654 30.4372, -97.722951 30.437384, -97.723007 30.437428, -97.723029 30.437459, -97.723122 30.437653, -97.723174 30.437729, -97.723367 30.437943, -97.723561 30.438178, -97.72365 30.438302, -97.7237 30.438362, -97.723749 30.438393, -97.723814 30.438415, -97.723894 30.43843, -97.724077 30.438447, -97.724139 30.438442, -97.724256 30.43841, -97.724608 30.438315, -97.724873 30.438257, -97.724965 30.438233, -97.725041 30.438202, -97.725211 30.438109, -97.725292 30.438074, -97.725408 30.438039, -97.725528 30.438025, -97.725598 30.438026, -97.725764 30.438053, -97.725965 30.438073, -97.726103 30.438092, -97.72655 30.438054, -97.726593 30.438059, -97.726683 30.4381, -97.726841 30.438163, -97.726867 30.438185, -97.726911 30.43827, -97.726965 30.438306, -97.727065 30.438356, -97.727437 30.438499, -97.727545 30.438547, -97.727688 30.438596, -97.727736 30.438611))",45.4,1310.0,135648.0,14.0,3.0,4266554.046846259,0.00030703935438678494
"POLYGON ((-97.699497 30.435813, -97.699369 30.437061, -97.699298 30.437952, -97.699051 30.438969, -97.69867 30.439971, -97.698589 30.440157, -97.698527 30.440298, -97.698503 30.440441, -97.698147 30.440354, -97.697821 30.440213, -97.697307 30.440098, -97.696917 30.440054, -97.696527 30.440037, -97.696159 30.440069, -97.695953 30.440086, -97.695911 30.439978, -97.695847 30.439672, -97.695738 30.439404, -97.695693 30.439332, -97.695652 30.439287, -97.695603 30.439254, -97.695488 30.439189, -97.69462 30.438673, -97.694377 30.438559, -97.693949 30.438358, -97.692419 30.43764, -97.689247 30.436109, -97.688866 30.435956, -97.687629 30.435352, -97.687098 30.435093, -97.686709 30.434902, -97.686568 30.434833, -97.686443 30.434772, -97.686369 30.434724, -97.686062 30.434528, -97.685998 30.434384, -97.685922 30.434185, -97.685307 30.432579, -97.685195 30.432291, -97.684754 30.430895, -97.686064 30.431494, -97.686725 30.431796, -97.687608 30.4322, -97.687693 30.432238, -97.687836 30.432302, -97.688861 30.432759, -97.689362 30.432979, -97.689448 30.433, -97.689536 30.433009, -97.68965 30.433, -97.689735 30.432978, -97.689818 30.432943, -97.689886 30.4329, -97.689948 30.432845, -97.690002 30.432765, -97.690106 30.432613, -97.690487 30.432052, -97.691223 30.432413, -97.691252 30.432427, -97.691613 30.432616, -97.691928 30.432822, -97.692267 30.433023, -97.692996 30.43339, -97.693204 30.433444, -97.693421 30.433473, -97.693705 30.43359, -97.693755 30.433675, -97.693791 30.433718, -97.693847 30.433758, -97.69393 30.433787, -97.694167 30.433847, -97.694397 30.433958, -97.694618 30.434077, -97.694839 30.434199, -97.69512 30.43442, -97.695427 30.434651, -97.695562 30.43475, -97.695697 30.434836, -97.695825 30.434902, -97.695963 30.434958, -97.696098 30.435007, -97.69628 30.435047, -97.696467 30.435076, -97.696813 30.435095, -97.697001 30.435121, -97.697449 30.435156, -97.697914 30.435286, -97.698053 30.435356, -97.698262 30.435461, -97.698411 30.435484, -97.698439 30.435511, -97.698577 30.435568, -97.698699 30.435602, -97.698758 30.435599, -97.698949 30.435616, -97.699203 30.435639, -97.699523 30.435659, -97.699497 30.435813))",31.1,787.0,65346.0,159.0,13.0,613360.0396762694,0.0012830963041142646
"POLYGON ((-97.729822 30.423225, -97.729252 30.423236, -97.729182 30.422901, -97.728885 30.422642, -97.728505 30.422486, -97.727369 30.421899, -97.726948 30.4218, -97.726271 30.421822, -97.725299 30.42202, -97.725144 30.421409, -97.725211 30.420893, -97.724568 30.420649, -97.724052 30.420652, -97.723927 30.420385, -97.723732 30.42023, -97.721786 30.419286, -97.722159 30.418617, -97.722636 30.417898, -97.722965 30.41734, -97.72308 30.417181, -97.723204 30.417079, -97.723624 30.416818, -97.724388 30.416387, -97.723858 30.415719, -97.72319 30.414842, -97.722478 30.413906, -97.72108 30.413251, -97.721844 30.411976, -97.721968 30.411754, -97.721991 30.411713, -97.722036 30.411632, -97.722129 30.411654, -97.722533 30.411746, -97.722749 30.411778, -97.722991 30.411808, -97.723398 30.411833, -97.723455 30.411837, -97.723505 30.41183, -97.724653 30.411771, -97.724947 30.411762, -97.725261 30.411781, -97.726257 30.411727, -97.726445 30.411717, -97.727297 30.411665, -97.729175 30.411567, -97.729211 30.412079, -97.729271 30.412914, -97.729344 30.413914, -97.729385 30.414261, -97.729396 30.414448, -97.729411 30.41452, -97.729441 30.41465, -97.729421 30.414751, -97.729504 30.414906, -97.729467 30.41494, -97.729494 30.415171, -97.729515 30.41562, -97.729516 30.415851, -97.729537 30.416025, -97.729548 30.416147, -97.72958 30.416512, -97.729586 30.416592, -97.729613 30.416906, -97.729684 30.417991, -97.729731 30.418729, -97.729783 30.419264, -97.729776 30.419509, -97.729819 30.419757, -97.729808 30.420161, -97.73005 30.423287, -97.729822 30.423225))",38.6,1594.0,77016.0,77.0,96.0,731321.6887526144,0.002179615379271495
"POLYGON ((-97.745741 30.400403, -97.745734 30.40048, -97.745712 30.400708, -97.745586 30.402025, -97.745385 30.404131, -97.745096 30.406864, -97.744995 30.407588, -97.744989 30.407698, -97.744978 30.407882, -97.744715 30.407858, -97.744316 30.407767, -97.74422 30.407757, -97.744141 30.407725, -97.743983 30.407653, -97.743358 30.407338, -97.742871 30.40707, -97.742038 30.406794, -97.741667 30.406792, -97.740812 30.40658, -97.739068 30.405717, -97.738064 30.405276, -97.737489 30.405203, -97.736838 30.405231, -97.736031 30.405388, -97.733568 30.405776, -97.732704 30.406141, -97.733015 30.406551, -97.733703 30.40687, -97.734573 30.407306, -97.735485 30.407781, -97.736179 30.407787, -97.73635 30.408178, -97.737507 30.408669, -97.73678 30.409851, -97.73611 30.410338, -97.735442 30.410756, -97.734938 30.411093, -97.734253 30.410548, -97.733543 30.411081, -97.73163 30.409777, -97.730884 30.410199, -97.730109 30.410709, -97.731319 30.411616, -97.731 30.412127, -97.73008 30.411613, -97.729575 30.411545, -97.729175 30.411567, -97.72915 30.411223, -97.72912 30.410328, -97.729091 30.409908, -97.729016 30.408808, -97.728848 30.406987, -97.728576 30.405491, -97.728318 30.404003, -97.728122 30.40383, -97.728097 30.403679, -97.728116 30.402932, -97.728071 30.402694, -97.72806 30.402428, -97.72806 30.402234, -97.728046 30.40209, -97.728043 30.402017, -97.727926 30.400235, -97.727851 30.399697, -97.727936 30.3993, -97.728296 30.397426, -97.728567 30.396425, -97.728683 30.396026, -97.729445 30.394768, -97.729602 30.394404, -97.729609 30.394378, -97.73021 30.394668, -97.731324 30.39518, -97.731451 30.395238, -97.731968 30.395493, -97.73208 30.395462, -97.732557 30.395691, -97.732886 30.395848, -97.73342 30.396104, -97.733546 30.396101, -97.734239 30.396435, -97.735814 30.397166, -97.737419 30.397963, -97.739241 30.398826, -97.739281 30.398844, -97.739305 30.398855, -97.739422 30.39891, -97.739731 30.399092, -97.740067 30.399251, -97.74043 30.399413, -97.740811 30.399596, -97.741126 30.399755, -97.741378 30.399878, -97.741684 30.399995, -97.741927 30.40007, -97.742161 30.400139, -97.742488 30.400183, -97.742663 30.400197, -97.744522 30.400202, -97.745084 30.40026, -97.745503 30.400301, -97.745748 30.400345, -97.745741 30.400403))",40.0,1455.0,126375.0,0.0,38.0,1896679.8004266464,0.000767130013022075
"POLYGON ((-97.721991 30.411713, -97.721968 30.411754, -97.721844 30.411976, -97.72108 30.413251, -97.720566 30.413895, -97.720108 30.41459, -97.719653 30.415279, -97.719393 30.415606, -97.719067 30.415416, -97.718594 30.41534, -97.717359 30.415163, -97.717108 30.415087, -97.716164 30.414732, -97.715339 30.414399, -97.715176 30.414324, -97.715025 30.41428, -97.714849 30.414246, -97.714692 30.414226, -97.714088 30.414277, -97.713787 30.414409, -97.713676 30.414503, -97.713594 30.414586, -97.713456 30.41488, -97.713436 30.415158, -97.713451 30.415268, -97.713478 30.415354, -97.713519 30.415434, -97.713579 30.415518, -97.713678 30.415625, -97.713723 30.415689, -97.713763 30.41577, -97.71379 30.415855, -97.713804 30.415935, -97.713809 30.416191, -97.713782 30.416323, -97.713742 30.416484, -97.713618 30.416663, -97.713565 30.41694, -97.713487 30.417096, -97.713448 30.417174, -97.71333 30.417353, -97.713148 30.417501, -97.712023 30.418314, -97.711902 30.418424, -97.711791 30.418584, -97.711606 30.418798, -97.71126 30.419387, -97.710506 30.419016, -97.708412 30.417984, -97.708211 30.4179, -97.707418 30.41872, -97.707302 30.418832, -97.707051 30.419076, -97.705357 30.420869, -97.705339 30.420888, -97.705258 30.420974, -97.70519 30.421035, -97.70511 30.420992, -97.705031 30.420949, -97.704797 30.420822, -97.704563 30.420693, -97.704338 30.420566, -97.704373 30.420466, -97.704406 30.420384, -97.704884 30.419191, -97.705172 30.41816, -97.705911 30.416217, -97.706094 30.415799, -97.706542 30.414954, -97.706623 30.414851, -97.707459 30.413825, -97.708693 30.41264, -97.709579 30.411734, -97.709971 30.411333, -97.710078 30.411244, -97.710746 30.410691, -97.71082 30.410646, -97.710858 30.410622, -97.711076 30.410461, -97.711209 30.410373, -97.711276 30.410328, -97.711586 30.410131, -97.71191 30.40997, -97.711954 30.409948, -97.712803 30.409485, -97.713431 30.409242, -97.713961 30.409046, -97.714476 30.408889, -97.71599 30.40858, -97.716095 30.409059, -97.716106 30.409117, -97.716158 30.409149, -97.716215 30.409282, -97.716244 30.409427, -97.716304 30.40956, -97.716365 30.409658, -97.716484 30.409825, -97.716645 30.409986, -97.716849 30.41012, -97.717094 30.410223, -97.717266 30.410279, -97.717464 30.410311, -97.717654 30.410323, -97.718159 30.41029, -97.718475 30.410253, -97.718674 30.410236, -97.718856 30.410232, -97.719046 30.410236, -97.719227 30.410261, -97.719433 30.410301, -97.719654 30.410385, -97.719925 30.410537, -97.720437 30.410824, -97.720966 30.411136, -97.721406 30.411381, -97.721602 30.411464, -97.721956 30.411603, -97.722036 30.411632, -97.721991 30.411713))",33.5,1234.0,59745.0,123.0,49.0,990892.54995831,0.0012453418890392488
"POLYGON ((-97.725659 30.423875, -97.725573 30.424619, -97.725284 30.425036, -97.724284 30.425305, -97.724296 30.425819, -97.724116 30.42633, -97.723856 30.427067, -97.722857 30.428517, -97.722501 30.429068, -97.722458 30.429134, -97.722382 30.429252, -97.721889 30.428974, -97.721033 30.428535, -97.720355 30.42822, -97.71923 30.427667, -97.718452 30.427285, -97.718221 30.427182, -97.71803 30.427098, -97.716379 30.426172, -97.715336 30.425676, -97.715169 30.425575, -97.714996 30.425514, -97.713657 30.424926, -97.713519 30.424865, -97.71359 30.424744, -97.713642 30.424656, -97.713713 30.424535, -97.713785 30.424449, -97.715004 30.422603, -97.71563 30.421626, -97.715695 30.421533, -97.716322 30.420523, -97.716819 30.419737, -97.717345 30.418838, -97.71813 30.417602, -97.718374 30.417285, -97.718776 30.416581, -97.719393 30.415606, -97.719653 30.415279, -97.720108 30.41459, -97.720566 30.413895, -97.72108 30.413251, -97.722478 30.413906, -97.72319 30.414842, -97.723858 30.415719, -97.724388 30.416387, -97.723624 30.416818, -97.723204 30.417079, -97.72308 30.417181, -97.722965 30.41734, -97.722636 30.417898, -97.722159 30.418617, -97.721786 30.419286, -97.723732 30.42023, -97.723927 30.420385, -97.724052 30.420652, -97.724568 30.420649, -97.725211 30.420893, -97.725144 30.421409, -97.725299 30.42202, -97.72546 30.422807, -97.725596 30.423288, -97.725659 30.423875))",36.5,1689.0,138607.0,9.0,25.0,1081941.779785544,0.001561082150219565
"POLYGON ((-97.836478 30.220458, -97.83617 30.220857, -97.835861 30.22134, -97.835361 30.222044, -97.834882 30.222705, -97.834387 30.223281, -97.834101 30.223604, -97.833848 30.223865, -97.833612 30.224087, -97.830965 30.226745, -97.830176 30.227586, -97.829242 30.228506, -97.828753 30.228988, -97.827935 30.230035, -97.827673 30.230471, -97.826703 30.23214, -97.826012 30.233293, -97.82537 30.234421, -97.825176 30.234804, -97.825063 30.235026, -97.82488 30.235344, -97.824827 30.235416, -97.824775 30.235524, -97.824716 30.235643, -97.824539 30.23557, -97.824487 30.235546, -97.82438 30.235478, -97.823898 30.235233, -97.823752 30.235159, -97.823248 30.2349, -97.82245 30.234541, -97.820598 30.233781, -97.820568 30.233769, -97.820452 30.233721, -97.819804 30.233455, -97.819384 30.233346, -97.818896 30.233285, -97.81853 30.233275, -97.818434 30.233272, -97.818335 30.233269, -97.818341 30.233198, -97.818351 30.233115, -97.818364 30.232931, -97.818416 30.232638, -97.81847 30.23257, -97.818505 30.232527, -97.818548 30.232473, -97.818588 30.232349, -97.818687 30.232151, -97.819546 30.230856, -97.820339 30.229662, -97.820388 30.229554, -97.820457 30.229446, -97.821761 30.227506, -97.822845 30.225903, -97.82296 30.225691, -97.823574 30.224785, -97.824342 30.223567, -97.824523 30.223328, -97.824668 30.223108, -97.824875 30.222794, -97.824908 30.222744, -97.825129 30.222387, -97.82515 30.222359, -97.825272 30.222157, -97.82576 30.221433, -97.82584 30.221268, -97.826311 30.220517, -97.826333 30.220483, -97.826691 30.219913, -97.826727 30.219841, -97.827062 30.219299, -97.828153 30.217634, -97.82821 30.217541, -97.828364 30.217301, -97.828616 30.216907, -97.829709 30.215023, -97.830401 30.213883, -97.830979 30.214186, -97.831831 30.214622, -97.832941 30.215469, -97.834051 30.216881, -97.834119 30.216961, -97.834887 30.218002, -97.835355 30.218653, -97.835504 30.218832, -97.835636 30.21896, -97.835812 30.219148, -97.835871 30.219236, -97.836053 30.219508, -97.836184 30.219724, -97.836214 30.219754, -97.836382 30.220022, -97.836407 30.220057, -97.836468 30.220141, -97.836591 30.220312, -97.836478 30.220458))",34.3,1878.0,98719.0,87.0,88.0,1687798.8791262363,0.0011126918160842894
"POLYGON ((-97.7286 30.434056, -97.728267 30.435897, -97.728157 30.436472, -97.728033 30.437133, -97.727961 30.437641, -97.727951 30.437717, -97.727913 30.437824, -97.727798 30.438391, -97.727761 30.438525, -97.727736 30.438611, -97.727688 30.438596, -97.727545 30.438547, -97.727437 30.438499, -97.727065 30.438356, -97.726965 30.438306, -97.726911 30.43827, -97.726867 30.438185, -97.726841 30.438163, -97.726683 30.4381, -97.726593 30.438059, -97.72655 30.438054, -97.726103 30.438092, -97.725965 30.438073, -97.725764 30.438053, -97.725598 30.438026, -97.725528 30.438025, -97.725408 30.438039, -97.725292 30.438074, -97.725211 30.438109, -97.725041 30.438202, -97.724965 30.438233, -97.724873 30.438257, -97.724608 30.438315, -97.724256 30.43841, -97.724139 30.438442, -97.724077 30.438447, -97.723894 30.43843, -97.723814 30.438415, -97.723749 30.438393, -97.7237 30.438362, -97.72365 30.438302, -97.723561 30.438178, -97.723367 30.437943, -97.723174 30.437729, -97.723122 30.437653, -97.723029 30.437459, -97.723007 30.437428, -97.722951 30.437384, -97.722654 30.4372, -97.722589 30.437175, -97.722272 30.437078, -97.722232 30.437076, -97.722191 30.437097, -97.722088 30.437109, -97.722013 30.437105, -97.721869 30.437078, -97.721639 30.437022, -97.72119 30.436926, -97.721064 30.436895, -97.720955 30.436856, -97.720863 30.436807, -97.72079 30.436751, -97.720231 30.436216, -97.719631 30.435647, -97.719578 30.435607, -97.719514 30.435574, -97.719412 30.43554, -97.719287 30.435513, -97.71911 30.435483, -97.719041 30.435481, -97.718927 30.435486, -97.718895 30.435494, -97.718746 30.435613, -97.718508 30.435779, -97.718429 30.435799, -97.718355 30.435834, -97.7183 30.435849, -97.718239 30.43585, -97.718171 30.435837, -97.718113 30.435814, -97.718057 30.435777, -97.718003 30.435726, -97.717939 30.435642, -97.717865 30.435511, -97.717806 30.435445, -97.717672 30.435328, -97.717634 30.435305, -97.717596 30.435293, -97.717511 30.435291, -97.717208 30.435304, -97.717165 30.435306, -97.717128 30.435293, -97.717081 30.435252, -97.716952 30.435084, -97.716866 30.43499, -97.716748 30.434861, -97.716641 30.434751, -97.716595 30.434683, -97.716528 30.434583, -97.716487 30.434492, -97.716414 30.434374, -97.716108 30.433987, -97.71591 30.433723, -97.715824 30.433592, -97.71578 30.433543, -97.71569 30.433476, -97.715568 30.433415, -97.715482 30.433385, -97.715284 30.433332, -97.715202 30.433302, -97.715023 30.433218, -97.714739 30.433061, -97.714723 30.433045, -97.714556 30.432919, -97.714451 30.432829, -97.714274 30.432637, -97.714131 30.432466, -97.713984 30.43228, -97.713889 30.432134, -97.713837 30.432069, -97.713769 30.431998, -97.713679 30.431915, -97.713585 30.431867, -97.71336 30.431784, -97.713259 30.431756, -97.713144 30.431732, -97.713049 30.431722, -97.712838 30.431715, -97.71274 30.431717, -97.712641 30.431729, -97.712537 30.431751, -97.712438 30.431763, -97.712323 30.431764, -97.712253 30.431757, -97.712063 30.431716, -97.711956 30.431698, -97.711858 30.431672, -97.711781 30.431645, -97.711746 30.431628, -97.711698 30.431597, -97.711615 30.431523, -97.711563 30.431452, -97.711522 30.43137, -97.711506 30.43131, -97.711481 30.431123, -97.711485 30.430994, -97.711502 30.430883, -97.711665 30.430383, -97.711734 30.430236, -97.711846 30.43007, -97.711973 30.429835, -97.712016 30.429766, -97.712059 30.429702, -97.712107 30.42963, -97.712174 30.429512, -97.712247 30.42936, -97.712313 30.429186, -97.712333 30.429103, -97.712333 30.429076, -97.712317 30.429011, -97.712258 30.428941, -97.712202 30.428894, -97.712148 30.428864, -97.712075 30.428836, -97.712015 30.428812, -97.711959 30.42878, -97.711833 30.428691, -97.711632 30.428535, -97.711441 30.428357, -97.711339 30.428248, -97.711189 30.428131, -97.711092 30.428073, -97.711037 30.42804, -97.710908 30.427973, -97.710766 30.427888, -97.71068 30.42784, -97.71045 30.427712, -97.710356 30.427654, -97.710324 30.427631, -97.710213 30.427549, -97.710125 30.427457, -97.710087 30.427395, -97.71007 30.427346, -97.710058 30.427288, -97.710036 30.427212, -97.710038 30.427057, -97.710035 30.427016, -97.710041 30.4268, -97.710082 30.426582, -97.710105 30.426484, -97.710105 30.426335, -97.710097 30.426261, -97.710084 30.426189, -97.710062 30.426128, -97.710026 30.426057, -97.709963 30.425952, -97.709937 30.425891, -97.709892 30.425818, -97.709787 30.425699, -97.709741 30.425654, -97.709649 30.425583, -97.709629 30.425567, -97.709549 30.425513, -97.709451 30.425465, -97.709382 30.42544, -97.709269 30.425421, -97.709136 30.425375, -97.709051 30.425366, -97.708553 30.425353, -97.708241 30.425358, -97.707979 30.425355, -97.707869 30.425358, -97.707778 30.42535, -97.707601 30.42531, -97.70755 30.425277, -97.707514 30.42524, -97.707486 30.425193, -97.707453 30.425114, -97.707442 30.425074, -97.707429 30.425023, -97.707431 30.424949, -97.707447 30.424914, -97.70745 30.424835, -97.707461 30.42474, -97.707517 30.424493, -97.707531 30.424449, -97.707548 30.424394, -97.707685 30.424082, -97.707767 30.423957, -97.707802 30.42391, -97.707874 30.423787, -97.70793 30.423648, -97.707956 30.42357, -97.707989 30.423439, -97.708006 30.423326, -97.708067 30.423107, -97.7081 30.422948, -97.708137 30.422812, -97.70814 30.422675, -97.708178 30.422538, -97.708363 30.422641, -97.711029 30.423897, -97.711592 30.424157, -97.712048 30.424302, -97.712277 30.424356, -97.71236 30.424381, -97.712623 30.424502, -97.71311 30.424656, -97.713519 30.424865, -97.713657 30.424926, -97.714996 30.425514, -97.715169 30.425575, -97.715336 30.425676, -97.716379 30.426172, -97.71803 30.427098, -97.718221 30.427182, -97.718452 30.427285, -97.71923 30.427667, -97.720355 30.42822, -97.721033 30.428535, -97.721889 30.428974, -97.722382 30.429252, -97.722517 30.429323, -97.722869 30.429517, -97.723994 30.430113, -97.72413 30.430184, -97.725048 30.43067, -97.725533 30.430895, -97.725651 30.430954, -97.72579 30.431036, -97.726699 30.431521, -97.728882 30.432699, -97.7286 30.434056))",43.3,1352.0,118958.0,0.0,14.0,1489813.7777099244,0.0009074959704549345
"POLYGON ((-97.699707 30.358266, -97.698658 30.360086, -97.698085 30.361117, -97.697045 30.362985, -97.697013 30.363043, -97.696989 30.363085, -97.696977 30.363107, -97.69695 30.363155, -97.696874 30.363118, -97.695228 30.362292, -97.694377 30.361652, -97.694312 30.3616, -97.694246 30.361553, -97.693435 30.360929, -97.693375 30.360882, -97.69331 30.360847, -97.692471 30.360392, -97.69189 30.360121, -97.691783 30.360067, -97.691704 30.360034, -97.68982 30.359112, -97.688797 30.35858, -97.688533 30.358459, -97.688348 30.358374, -97.688109 30.358259, -97.688152 30.358191, -97.688206 30.358098, -97.688288 30.357962, -97.688609 30.357462, -97.688973 30.356892, -97.689122 30.356659, -97.68972 30.355722, -97.690437 30.354593, -97.691076 30.353555, -97.691118 30.353487, -97.691344 30.353606, -97.69344 30.354707, -97.69353 30.354732, -97.694211 30.355084, -97.694838 30.35541, -97.695085 30.355057, -97.696438 30.355698, -97.697528 30.356245, -97.697049 30.356987, -97.697892 30.357403, -97.699175 30.358016, -97.699707 30.358266))",34.3,1065.0,54107.0,22.0,0.0,604313.674453934,0.00176232980490198
"POLYGON ((-97.911087 30.422215, -97.908289 30.422669, -97.895159 30.424798, -97.890142 30.425782, -97.886432 30.42651, -97.884869 30.426817, -97.884132 30.427258, -97.883114 30.427868, -97.882315 30.428347, -97.881393 30.429406, -97.880914 30.429956, -97.880398 30.430549, -97.880307 30.430592, -97.880074 30.430701, -97.880013 30.431125, -97.879969 30.43113, -97.879925 30.431134, -97.879887 30.431137, -97.879849 30.43114, -97.879811 30.431142, -97.879766 30.431144, -97.879722 30.431146, -97.879684 30.431145, -97.879639 30.431147, -97.879595 30.431146, -97.879557 30.431145, -97.879513 30.431144, -97.879475 30.431141, -97.879443 30.43114, -97.879399 30.431137, -97.879349 30.431133, -97.879311 30.431129, -97.879279 30.431126, -97.879235 30.431121, -97.879191 30.431115, -97.879157 30.431116, -97.879177 30.43136, -97.878531 30.431423, -97.877915 30.431712, -97.875999 30.432018, -97.875523 30.432633, -97.875366 30.433104, -97.875287 30.433372, -97.875221 30.43362, -97.874993 30.433949, -97.87483 30.434515, -97.874776 30.434852, -97.874795 30.435141, -97.874849 30.43556, -97.874962 30.436199, -97.874979 30.43672, -97.874903 30.437142, -97.874741 30.437486, -97.874467 30.43774, -97.873946 30.437968, -97.873526 30.438079, -97.873352 30.438081, -97.873536 30.438263, -97.87329 30.438263, -97.873168 30.438263, -97.873147 30.438264, -97.873154 30.438067, -97.873182 30.437817, -97.873421 30.436926, -97.873426 30.43663, -97.8734 30.436466, -97.873361 30.436294, -97.873289 30.436145, -97.873177 30.435995, -97.873011 30.435837, -97.872707 30.435635, -97.872335 30.435422, -97.872099 30.435297, -97.871941 30.435199, -97.871817 30.435113, -97.871753 30.435032, -97.871659 30.434891, -97.871607 30.434746, -97.87159 30.434647, -97.871586 30.434562, -97.871611 30.434429, -97.87165 30.434335, -97.871727 30.434219, -97.871791 30.434121, -97.871893 30.434055, -97.871951 30.434034, -97.872031 30.433954, -97.872282 30.433885, -97.872429 30.433699, -97.872999 30.433293, -97.873087 30.433178, -97.873177 30.433094, -97.87326 30.433008, -97.873341 30.432835, -97.873363 30.43278, -97.873654 30.431929, -97.873704 30.431635, -97.873708 30.431493, -97.873696 30.431151, -97.873734 30.430893, -97.873807 30.430636, -97.87393 30.430196, -97.873922 30.429934, -97.873852 30.429741, -97.873694 30.42949, -97.87333 30.429082, -97.872942 30.428466, -97.872553 30.427304, -97.872444 30.426875, -97.872491 30.426205, -97.872538 30.42554, -97.87256 30.425274, -97.872398 30.424633, -97.872356 30.424464, -97.87131 30.42285, -97.871231 30.422729, -97.870289 30.42168, -97.869713 30.42092, -97.869608 30.420782, -97.869574 30.420738, -97.869405 30.420513, -97.869 30.419095, -97.868964 30.41747, -97.868958 30.417196, -97.868947 30.417164, -97.868836 30.416849, -97.868756 30.416623, -97.868468 30.416246, -97.86745 30.414778, -97.866948 30.413708, -97.866259 30.413057, -97.866086 30.412937, -97.865923 30.412842, -97.865771 30.412758, -97.86558 30.41267, -97.865297 30.412538, -97.864747 30.412209, -97.864506 30.412025, -97.864336 30.411883, -97.864187 30.411741, -97.864066 30.411585, -97.863953 30.411415, -97.863825 30.411118, -97.863634 30.410629, -97.863506 30.410253, -97.863414 30.410005, -97.863315 30.409778, -97.863209 30.40953, -97.863095 30.409317, -97.862954 30.409126, -97.862727 30.408892, -97.862387 30.408601, -97.861954 30.40829, -97.861543 30.408027, -97.86121 30.407886, -97.860763 30.407737, -97.860352 30.40756, -97.860062 30.407425, -97.859651 30.407205, -97.859133 30.406929, -97.858807 30.406723, -97.858516 30.406524, -97.858233 30.406331, -97.858056 30.406185, -97.857889 30.406058, -97.857716 30.405944, -97.857623 30.405894, -97.857524 30.405842, -97.857287 30.405735, -97.85695 30.405594, -97.856692 30.405484, -97.856295 30.405294, -97.85557 30.404881, -97.855182 30.404582, -97.855139 30.404548, -97.854908 30.404417, -97.854731 30.404288, -97.854189 30.403896, -97.854021 30.403777, -97.854079 30.40367, -97.855241 30.401493, -97.855313 30.401359, -97.855325 30.401336, -97.855338 30.401306, -97.855367 30.401253, -97.855399 30.401196, -97.855625 30.400773, -97.855738 30.400579, -97.855908 30.400286, -97.855949 30.400216, -97.856192 30.399724, -97.857077 30.397935, -97.857106 30.397877, -97.857599 30.397478, -97.858586 30.396899, -97.86281 30.395623, -97.866917 30.394772, -97.869123 30.394344, -97.872298 30.393627, -97.873708 30.393355, -97.874582 30.393181, -97.875283 30.392984, -97.875953 30.392765, -97.87634 30.392626, -97.87642 30.39259, -97.877075 30.392291, -97.877613 30.392019, -97.878405 30.391568, -97.879828 30.390596, -97.880574 30.390133, -97.881089 30.38995, -97.881464 30.389856, -97.881777 30.38981, -97.88226 30.389786, -97.882909 30.389847, -97.883213 30.389892, -97.883631 30.389991, -97.88421 30.390215, -97.884799 30.390441, -97.884737 30.390577, -97.884583 30.390892, -97.884576 30.391036, -97.884576 30.391113, -97.88458 30.39121, -97.884752 30.391835, -97.884888 30.392292, -97.885115 30.392668, -97.885486 30.392991, -97.88631 30.393276, -97.887028 30.393367, -97.887696 30.393003, -97.888079 30.392647, -97.888409 30.392073, -97.888929 30.391027, -97.889296 30.390685, -97.889992 30.390035, -97.890762 30.389369, -97.890888 30.38926, -97.890907 30.389247, -97.890941 30.389223, -97.891341 30.388947, -97.892143 30.388448, -97.892539 30.388264, -97.892894 30.3881, -97.893101 30.388004, -97.893467 30.38784, -97.893793 30.387841, -97.895028 30.387565, -97.897051 30.387488, -97.898588 30.38766, -97.903901 30.387084, -97.904725 30.387186, -97.904992 30.38722, -97.90526 30.387253, -97.906022 30.387432, -97.906241 30.387514, -97.906406 30.387576, -97.90678 30.387762, -97.906935 30.387868, -97.907201 30.388053, -97.907444 30.388238, -97.907725 30.388511, -97.907832 30.388637, -97.908039 30.38891, -97.90818 30.389117, -97.908357 30.389405, -97.908579 30.389767, -97.90882 30.390188, -97.909016 30.390537, -97.909157 30.390759, -97.909349 30.391076, -97.907264 30.392077, -97.906253 30.392465, -97.906033 30.392549, -97.905805 30.392619, -97.905386 30.392775, -97.905062 30.392859, -97.903924 30.39324, -97.902787 30.393557, -97.901778 30.393811, -97.900817 30.394033, -97.899984 30.394238, -97.899488 30.394573, -97.899215 30.39478, -97.899426 30.395243, -97.899949 30.396392, -97.90084 30.400763, -97.902947 30.404511, -97.902982 30.404581, -97.90305 30.404718, -97.903119 30.404854, -97.904014 30.406638, -97.906545 30.411688, -97.907495 30.413983, -97.908443 30.416275, -97.909233 30.418184, -97.911087 30.422215))",55.2,905.0,250001.0,12.0,10.0,16080127.47115633,5.628064837317617e-05
"POLYGON ((-97.685717 30.447032, -97.685354 30.447558, -97.684719 30.448481, -97.684253 30.449183, -97.683186 30.450715, -97.68263 30.451523, -97.682404 30.451851, -97.681427 30.453273, -97.680948 30.453882, -97.680566 30.454138, -97.680454 30.454179, -97.680157 30.454286, -97.67968 30.454601, -97.679174 30.455226, -97.676393 30.453972, -97.677485 30.452289, -97.677874 30.451488, -97.678157 30.450719, -97.678382 30.450192, -97.678237 30.449474, -97.677881 30.448779, -97.676268 30.447552, -97.676101 30.447178, -97.676104 30.446968, -97.676115 30.44602, -97.676093 30.445953, -97.67588 30.445314, -97.675466 30.44459, -97.675024 30.443781, -97.674928 30.442365, -97.675139 30.441759, -97.675583 30.441024, -97.675673 30.440876, -97.675891 30.440581, -97.676424 30.440814, -97.676837 30.441134, -97.676908 30.441179, -97.676986 30.441217, -97.677069 30.441243, -97.677143 30.441261, -97.677231 30.441271, -97.677406 30.441277, -97.677544 30.441278, -97.67768 30.441256, -97.677761 30.441222, -97.677814 30.441192, -97.67787 30.44115, -97.678163 30.440864, -97.678243 30.440811, -97.678367 30.440758, -97.678779 30.440668, -97.678858 30.440923, -97.679068 30.44159, -97.679554 30.442152, -97.680069 30.442237, -97.680865 30.442031, -97.681413 30.441825, -97.682282 30.441836, -97.682527 30.44184, -97.683093 30.441731, -97.683159 30.442275, -97.68319 30.442536, -97.683807 30.444124, -97.684229 30.444537, -97.685297 30.445085, -97.686599 30.4458, -97.685717 30.447032))",33.2,2621.0,151607.0,52.0,34.0,994026.5821699526,0.0026367504119239717
"POLYGON ((-97.685412 30.438954, -97.685169 30.439068, -97.684127 30.439519, -97.683787 30.439752, -97.683669 30.439834, -97.683267 30.440279, -97.683176 30.440591, -97.683069 30.440963, -97.683093 30.441731, -97.682527 30.44184, -97.682282 30.441836, -97.681413 30.441825, -97.680865 30.442031, -97.680069 30.442237, -97.679554 30.442152, -97.679068 30.44159, -97.678858 30.440923, -97.678779 30.440668, -97.678367 30.440758, -97.678243 30.440811, -97.678163 30.440864, -97.67787 30.44115, -97.677814 30.441192, -97.677761 30.441222, -97.67768 30.441256, -97.677544 30.441278, -97.677406 30.441277, -97.677231 30.441271, -97.677143 30.441261, -97.677069 30.441243, -97.676986 30.441217, -97.676908 30.441179, -97.676837 30.441134, -97.676424 30.440814, -97.675891 30.440581, -97.676107 30.440178, -97.676228 30.439823, -97.676274 30.439719, -97.676336 30.439286, -97.676244 30.438654, -97.676056 30.437834, -97.675849 30.437194, -97.674972 30.435953, -97.67503 30.435925, -97.675748 30.435575, -97.676164 30.43541, -97.676842 30.435179, -97.677095 30.435092, -97.677191 30.435054, -97.67731 30.435034, -97.677711 30.434944, -97.677824 30.434919, -97.6785 30.434812, -97.678774 30.434808, -97.678877 30.434797, -97.679067 30.434802, -97.679236 30.434797, -97.679691 30.434823, -97.680049 30.434836, -97.680305 30.434884, -97.680463 30.434908, -97.680573 30.434949, -97.681006 30.435076, -97.681431 30.435222, -97.682237 30.435613, -97.682485 30.43576, -97.682835 30.435967, -97.682872 30.435986, -97.682929 30.436031, -97.683806 30.436712, -97.684099 30.437, -97.68413 30.437042, -97.684165 30.437073, -97.684698 30.437745, -97.684886 30.438063, -97.685339 30.438832, -97.685392 30.438922, -97.685412 30.438954))",38.4,1096.0,115759.0,19.0,0.0,543620.0368576428,0.0020161140607240133
"POLYGON ((-97.677339 30.45804, -97.676231 30.459719, -97.675248 30.461395, -97.674756 30.462237, -97.674597 30.462328, -97.673857 30.463511, -97.673613 30.463912, -97.673334 30.464408, -97.673325 30.464668, -97.673501 30.464862, -97.673885 30.465084, -97.674386 30.465299, -97.675814 30.465997, -97.676484 30.466326, -97.676687 30.466569, -97.676655 30.466907, -97.676439 30.467263, -97.675911 30.468179, -97.675837 30.468298, -97.675793 30.468369, -97.675752 30.468436, -97.675738 30.46846, -97.675477 30.46891, -97.675307 30.469203, -97.674626 30.470358, -97.674445 30.470623, -97.674178 30.470973, -97.672614 30.473159, -97.672526 30.473289, -97.672393 30.473484, -97.672301 30.473513, -97.671911 30.473635, -97.671568 30.472616, -97.671503 30.472405, -97.671397 30.47207, -97.670706 30.469875, -97.670582 30.469475, -97.670546 30.469358, -97.670163 30.468125, -97.669997 30.467588, -97.669919 30.467313, -97.669795 30.466902, -97.669595 30.466265, -97.6694 30.465645, -97.66881 30.463853, -97.668456 30.462733, -97.667932 30.461073, -97.667852 30.460821, -97.667432 30.459496, -97.667387 30.459353, -97.666958 30.45799, -97.666611 30.456709, -97.666593 30.456645, -97.66653 30.456223, -97.666503 30.456035, -97.666493 30.455964, -97.666473 30.455831, -97.666425 30.45552, -97.666287 30.454428, -97.666277 30.454084, -97.666275 30.453407, -97.666313 30.452522, -97.666448 30.451513, -97.666629 30.450441, -97.666851 30.44931, -97.666961 30.448803, -97.667088 30.448223, -97.667346 30.446919, -97.667596 30.446974, -97.667812 30.447053, -97.668003 30.447122, -97.668972 30.447607, -97.669773 30.448012, -97.670591 30.448419, -97.671461 30.448789, -97.672304 30.449208, -97.673084 30.449621, -97.673492 30.449857, -97.673632 30.449637, -97.673896 30.449205, -97.673969 30.449103, -97.675726 30.446496, -97.676093 30.445953, -97.676115 30.44602, -97.676104 30.446968, -97.676101 30.447178, -97.676268 30.447552, -97.677881 30.448779, -97.678237 30.449474, -97.678382 30.450192, -97.678157 30.450719, -97.677874 30.451488, -97.677485 30.452289, -97.676393 30.453972, -97.679174 30.455226, -97.677339 30.45804))",36.2,600.0,100486.0,30.0,12.0,2106014.8401254225,0.00028489827733800175
"POLYGON ((-97.678419 30.433562, -97.678394 30.433635, -97.678355 30.433724, -97.678311 30.433855, -97.678251 30.434, -97.67822 30.434093, -97.678191 30.434203, -97.678178 30.434326, -97.678183 30.434504, -97.678196 30.43463, -97.678014 30.434651, -97.677251 30.434835, -97.677133 30.434871, -97.677141 30.434896, -97.67715 30.434924, -97.677191 30.435054, -97.677095 30.435092, -97.676842 30.435179, -97.676164 30.43541, -97.675748 30.435575, -97.67503 30.435925, -97.674972 30.435953, -97.674935 30.435976, -97.674558 30.436202, -97.67433 30.436362, -97.674256 30.436418, -97.674207 30.436471, -97.673643 30.437089, -97.673085 30.4377, -97.672417 30.438559, -97.672198 30.438771, -97.672116 30.438869, -97.6719 30.439073, -97.671732 30.43923, -97.67144 30.439455, -97.671223 30.439597, -97.671094 30.439661, -97.670636 30.439893, -97.669998 30.440114, -97.669309 30.440334, -97.66851 30.440593, -97.668539 30.440435, -97.668566 30.440291, -97.668758 30.439291, -97.668898 30.438618, -97.66913 30.437431, -97.669576 30.435053, -97.669908 30.433264, -97.670181 30.431864, -97.670341 30.431032, -97.670767 30.428766, -97.670955 30.427692, -97.671242 30.426265, -97.671594 30.424418, -97.671895 30.424574, -97.67226 30.424745, -97.673126 30.425179, -97.67538 30.426301, -97.676034 30.426596, -97.676595 30.426857, -97.676548 30.426933, -97.675665 30.428353, -97.675184 30.429457, -97.675016 30.429973, -97.675108 30.430015, -97.675142 30.430031, -97.675285 30.430101, -97.675355 30.43013, -97.675498 30.4302, -97.675619 30.430273, -97.676083 30.430486, -97.67614 30.430528, -97.676203 30.430565, -97.676373 30.430643, -97.676772 30.430845, -97.677211 30.431054, -97.677298 30.431108, -97.677722 30.431303, -97.677932 30.431409, -97.677977 30.431439, -97.678043 30.431502, -97.67807 30.431536, -97.678104 30.431592, -97.678129 30.431656, -97.678146 30.431718, -97.678155 30.431793, -97.678235 30.432302, -97.678242 30.432355, -97.678257 30.432465, -97.678309 30.432742, -97.678339 30.433005, -97.678369 30.4332, -97.678409 30.433351, -97.678429 30.433476, -97.678419 30.433562))",36.5,1814.0,57889.0,176.0,51.0,876525.0354646256,0.0020695358678927416
"POLYGON ((-97.689764 30.458442, -97.689597 30.458362, -97.689314 30.458217, -97.689117 30.458133, -97.688935 30.458048, -97.688732 30.457972, -97.688224 30.457819, -97.688047 30.457771, -97.687935 30.457728, -97.687667 30.457601, -97.687146 30.457329, -97.686836 30.457166, -97.686386 30.456961, -97.686242 30.456862, -97.686093 30.456705, -97.68541 30.455453, -97.685302 30.455305, -97.685256 30.455241, -97.683928 30.454558, -97.683699 30.454441, -97.682531 30.45384, -97.681427 30.453273, -97.682404 30.451851, -97.68263 30.451523, -97.683186 30.450715, -97.684253 30.449183, -97.684719 30.448481, -97.685354 30.447558, -97.685717 30.447032, -97.686599 30.4458, -97.686629 30.445887, -97.687845 30.44644, -97.688006 30.446451, -97.689564 30.455452, -97.69011 30.458607, -97.689764 30.458442))",34.7,3036.0,77072.0,555.0,0.0,583782.8367992968,0.005200563991647068
"POLYGON ((-97.866834 30.201063, -97.86661 30.201496, -97.866298 30.202013, -97.866152 30.2022, -97.865985 30.202397, -97.865751 30.202687, -97.865522 30.202933, -97.86522 30.203241, -97.864984 30.203459, -97.864531 30.203901, -97.8641 30.204354, -97.863968 30.204495, -97.863296 30.205347, -97.862656 30.206193, -97.861847 30.20726, -97.861237 30.208078, -97.861183 30.208151, -97.861156 30.208182, -97.860991 30.208089, -97.860851 30.208002, -97.860444 30.207699, -97.860376 30.207638, -97.860047 30.207255, -97.859497 30.206463, -97.859071 30.205383, -97.859057 30.205339, -97.85904 30.205303, -97.858952 30.205061, -97.858557 30.203985, -97.858545 30.203951, -97.858534 30.203922, -97.858062 30.20269, -97.857977 30.202507, -97.857908 30.202376, -97.857778 30.202164, -97.857636 30.201966, -97.857494 30.201803, -97.857461 30.201771, -97.857441 30.201743, -97.857185 30.20146, -97.857135 30.201398, -97.857033 30.201286, -97.856883 30.201138, -97.85674 30.201014, -97.856579 30.200887, -97.856532 30.200864, -97.856496 30.200841, -97.856269 30.200694, -97.85607 30.200583, -97.855175 30.200152, -97.854472 30.199815, -97.854156 30.199671, -97.854097 30.199635, -97.852286 30.198767, -97.851883 30.198588, -97.851712 30.198513, -97.849049 30.197262, -97.848087 30.19676, -97.847386 30.19642, -97.847041 30.196254, -97.843036 30.194306, -97.843062 30.194254, -97.84488 30.19143, -97.845268 30.190798, -97.847697 30.186977, -97.849707 30.183795, -97.849722 30.183664, -97.849754 30.183613, -97.8499 30.183689, -97.85119 30.184281, -97.852968 30.185199, -97.854108 30.186027, -97.854887 30.186676, -97.85495 30.186739, -97.855521 30.187393, -97.855973 30.187974, -97.856195 30.18831, -97.856343 30.188539, -97.856569 30.188933, -97.856996 30.189872, -97.858491 30.193162, -97.858516 30.193217, -97.858966 30.194319, -97.859562 30.19559, -97.859732 30.195913, -97.85989 30.196152, -97.860119 30.19642, -97.860213 30.196514, -97.860276 30.196596, -97.86033 30.196654, -97.860444 30.196772, -97.862639 30.198723, -97.862714 30.198783, -97.862803 30.198868, -97.863666 30.199639, -97.864116 30.199991, -97.864556 30.200251, -97.864949 30.200441, -97.865297 30.200586, -97.865394 30.200629, -97.865492 30.200666, -97.865631 30.200721, -97.865749 30.200762, -97.865954 30.200835, -97.866241 30.20092, -97.866347 30.200949, -97.866518 30.200997, -97.866775 30.201052, -97.866834 30.201063))",33.7,1656.0,94605.0,149.0,17.0,2319110.1084519885,0.0007140670009434713
"POLYGON ((-97.859798 30.169121, -97.859296 30.169981, -97.859112 30.170183, -97.858913 30.170335, -97.858573 30.170502, -97.858056 30.170828, -97.857913 30.170947, -97.857782 30.171094, -97.857599 30.171361, -97.857373 30.17175, -97.857012 30.172395, -97.856437 30.173189, -97.856017 30.173795, -97.854987 30.175414, -97.853839 30.177277, -97.853677 30.177539, -97.853601 30.177663, -97.853441 30.177925, -97.853297 30.178153, -97.85324 30.178241, -97.853172 30.178346, -97.852466 30.179449, -97.85138 30.181164, -97.850563 30.182405, -97.849869 30.183439, -97.849859 30.183454, -97.849844 30.183476, -97.849766 30.183593, -97.849754 30.183613, -97.849572 30.183524, -97.848733 30.18312, -97.848377 30.182949, -97.845624 30.181579, -97.845529 30.181518, -97.845416 30.181474, -97.845041 30.181288, -97.844253 30.180896, -97.842952 30.18025, -97.84193 30.179759, -97.841834 30.179701, -97.841002 30.179298, -97.840884 30.179257, -97.838897 30.178323, -97.838737 30.178239, -97.838812 30.17812, -97.839274 30.177389, -97.839752 30.176603, -97.840381 30.17603, -97.840632 30.175578, -97.840749 30.17519, -97.841291 30.173847, -97.84136 30.17365, -97.841372 30.173439, -97.841356 30.173209, -97.841299 30.173027, -97.841173 30.172845, -97.840986 30.172686, -97.840955 30.17266, -97.840493 30.172396, -97.840384 30.172328, -97.840349 30.172306, -97.839942 30.171999, -97.839268 30.1715, -97.83897 30.171237, -97.83891 30.171169, -97.838843 30.171081, -97.838734 30.1709, -97.838667 30.170621, -97.838656 30.170539, -97.83865 30.170423, -97.838662 30.170176, -97.838926 30.170175, -97.839445 30.170106, -97.83937 30.169392, -97.83935 30.169256, -97.839203 30.168625, -97.838979 30.168325, -97.839176 30.168182, -97.839456 30.16785, -97.839647 30.167592, -97.839753 30.167448, -97.839732 30.167438, -97.839679 30.167425, -97.839611 30.167419, -97.839563 30.167422, -97.839514 30.167402, -97.839276 30.167282, -97.839199 30.167226, -97.83906 30.167157, -97.838888 30.167093, -97.838735 30.167013, -97.838603 30.166955, -97.838298 30.166776, -97.838095 30.166651, -97.838054 30.166614, -97.837969 30.166502, -97.837908 30.166393, -97.837866 30.166299, -97.837848 30.166235, -97.837808 30.165979, -97.837728 30.165693, -97.837637 30.165487, -97.837469 30.165177, -97.837255 30.164873, -97.837182 30.164789, -97.837053 30.164625, -97.836979 30.164544, -97.836949 30.16449, -97.836949 30.164465, -97.836966 30.164431, -97.837001 30.164397, -97.837004 30.164377, -97.836988 30.164344, -97.836946 30.164305, -97.836927 30.164292, -97.836764 30.164139, -97.836692 30.164081, -97.836614 30.16401, -97.836587 30.163993, -97.836504 30.163958, -97.836141 30.163707, -97.836074 30.163651, -97.836003 30.163617, -97.835922 30.163565, -97.835865 30.163516, -97.835848 30.163492, -97.835815 30.163421, -97.835783 30.163373, -97.835755 30.163351, -97.835722 30.163342, -97.835632 30.163337, -97.835495 30.163302, -97.835393 30.163269, -97.835279 30.163232, -97.834848 30.163121, -97.83473 30.163104, -97.834373 30.163078, -97.834282 30.163059, -97.834218 30.163062, -97.834101 30.163079, -97.833935 30.163086, -97.833851 30.163079, -97.83379 30.16306, -97.833691 30.163007, -97.833586 30.162937, -97.833393 30.162845, -97.833268 30.162791, -97.833226 30.162762, -97.833181 30.162703, -97.833127 30.162657, -97.833189 30.162639, -97.833216 30.162626, -97.833237 30.162597, -97.833271 30.162524, -97.833287 30.16246, -97.833304 30.162425, -97.83334 30.162405, -97.833385 30.162399, -97.833454 30.162404, -97.833527 30.162421, -97.833755 30.1625, -97.833836 30.162521, -97.834245 30.162541, -97.834305 30.162544, -97.83452 30.16257, -97.834673 30.162573, -97.834732 30.162578, -97.834846 30.162611, -97.834891 30.162611, -97.834985 30.162593, -97.83507 30.162558, -97.835104 30.16255, -97.835208 30.162556, -97.835311 30.162557, -97.835394 30.162549, -97.83542 30.162533, -97.835489 30.162449, -97.835566 30.162413, -97.835672 30.162374, -97.835991 30.162289, -97.836087 30.162254, -97.83627 30.162152, -97.8363 30.162126, -97.836511 30.161784, -97.836542 30.161752, -97.836797 30.161589, -97.83735 30.161212, -97.837484 30.16113, -97.83754 30.161091, -97.837567 30.161062, -97.837603 30.160998, -97.837643 30.160881, -97.837693 30.16081, -97.837797 30.160703, -97.837885 30.160629, -97.83795 30.160591, -97.838028 30.160562, -97.838212 30.160514, -97.83846 30.16047, -97.838527 30.160462, -97.838588 30.160462, -97.839008 30.160535, -97.839368 30.160606, -97.839435 30.160613, -97.839479 30.160604, -97.839748 30.160476, -97.839801 30.160462, -97.839874 30.160457, -97.840102 30.160463, -97.840209 30.160474, -97.840304 30.160498, -97.840776 30.160653, -97.840814 30.160671, -97.84085 30.160699, -97.840881 30.160736, -97.84091 30.160789, -97.840897 30.160862, -97.840902 30.16088, -97.840961 30.160906, -97.841164 30.160975, -97.841349 30.161043, -97.841549 30.161105, -97.841696 30.161177, -97.842115 30.161422, -97.842153 30.161458, -97.8422 30.16153, -97.842265 30.161614, -97.842298 30.161641, -97.842347 30.161657, -97.842529 30.161681, -97.842631 30.161689, -97.842652 30.161686, -97.842838 30.161686, -97.842981 30.161742, -97.843087 30.161792, -97.843139 30.161827, -97.843194 30.161881, -97.843299 30.162017, -97.84337 30.162091, -97.843481 30.162175, -97.843575 30.162253, -97.843669 30.162311, -97.84401 30.16261, -97.844131 30.162706, -97.844552 30.163073, -97.844697 30.163223, -97.84486 30.163383, -97.845186 30.163644, -97.845243 30.1637, -97.845433 30.163917, -97.845505 30.164015, -97.845513 30.16405, -97.845541 30.164075, -97.845659 30.164157, -97.845728 30.164193, -97.845819 30.164199, -97.845861 30.164214, -97.845941 30.164263, -97.846036 30.164346, -97.846149 30.164481, -97.84628 30.164658, -97.84637 30.16481, -97.846558 30.16519, -97.84666 30.165444, -97.84669 30.165491, -97.846705 30.165505, -97.846747 30.165521, -97.846791 30.165527, -97.846868 30.16552, -97.846892 30.165526, -97.847006 30.16563, -97.847152 30.165787, -97.847352 30.166046, -97.847388 30.166099, -97.847429 30.166197, -97.847503 30.166339, -97.847596 30.166476, -97.847684 30.166576, -97.847727 30.166634, -97.847775 30.166682, -97.847936 30.166795, -97.847992 30.166841, -97.848012 30.166871, -97.848025 30.166922, -97.848037 30.167046, -97.848057 30.167091, -97.848099 30.167146, -97.848301 30.167369, -97.848347 30.167484, -97.848401 30.167553, -97.848678 30.167871, -97.84869 30.167885, -97.848783 30.16801, -97.849124 30.168304, -97.849248 30.168424, -97.849329 30.168528, -97.849455 30.168759, -97.849585 30.168927, -97.849745 30.16916, -97.849811 30.169228, -97.849892 30.169298, -97.849979 30.169353, -97.85009 30.169409, -97.850206 30.169455, -97.850303 30.169494, -97.850565 30.169601, -97.850598 30.169611, -97.85072 30.169649, -97.850826 30.169673, -97.850884 30.169693, -97.851018 30.169779, -97.851063 30.1698, -97.851149 30.169817, -97.851612 30.169831, -97.851734 30.169808, -97.851865 30.169771, -97.851955 30.169731, -97.852158 30.169622, -97.852202 30.16959, -97.85222 30.169557, -97.852231 30.169501, -97.852212 30.169422, -97.852234 30.169345, -97.852271 30.169268, -97.852358 30.169122, -97.852434 30.169025, -97.852474 30.168972, -97.852581 30.168862, -97.852702 30.168753, -97.852793 30.168653, -97.852897 30.168518, -97.852993 30.168383, -97.853122 30.168159, -97.853183 30.168063, -97.853281 30.167776, -97.853421 30.167426, -97.853438 30.167399, -97.853494 30.167277, -97.853575 30.167061, -97.853619 30.16687, -97.853678 30.166683, -97.853814 30.166306, -97.85385 30.166238, -97.853923 30.166137, -97.853979 30.166078, -97.854145 30.165941, -97.85419 30.165911, -97.854245 30.165884, -97.854303 30.165868, -97.854349 30.165861, -97.854418 30.165864, -97.85446 30.165877, -97.854703 30.166023, -97.854863 30.166104, -97.854978 30.166186, -97.855177 30.16636, -97.855248 30.166435, -97.855303 30.166512, -97.855597 30.166822, -97.855714 30.166953, -97.855906 30.167196, -97.855942 30.167248, -97.856066 30.167469, -97.856115 30.167549, -97.856253 30.16775, -97.856491 30.168, -97.856811 30.168294, -97.856862 30.168332, -97.857051 30.168446, -97.857199 30.168526, -97.857513 30.168657, -97.857586 30.168697, -97.857685 30.168735, -97.858038 30.168835, -97.858414 30.16897, -97.858603 30.169016, -97.85872 30.169034, -97.859126 30.169049, -97.859449 30.169065, -97.859697 30.169089, -97.859811 30.169097, -97.859798 30.169121))",39.9,2493.0,146610.0,94.0,0.0,2867899.566394832,0.0008692773028777611
"POLYGON ((-97.645582 30.419388, -97.645499 30.419487, -97.645391 30.419595, -97.645262 30.419704, -97.645051 30.419833, -97.64481 30.419982, -97.644662 30.420086, -97.644488 30.420288, -97.644379 30.42048, -97.64432 30.42063, -97.644282 30.42078, -97.644264 30.420917, -97.644269 30.421059, -97.643203 30.422311, -97.643182 30.422334, -97.643158 30.422382, -97.643144 30.422439, -97.643138 30.42254, -97.643158 30.422694, -97.643164 30.422791, -97.643197 30.42304, -97.643205 30.423079, -97.64322 30.423105, -97.643264 30.423142, -97.643321 30.423172, -97.643373 30.423215, -97.643384 30.423238, -97.643381 30.423256, -97.643356 30.423279, -97.643285 30.423303, -97.643262 30.423322, -97.643249 30.42336, -97.643252 30.423397, -97.643263 30.423422, -97.643299 30.423459, -97.643337 30.423479, -97.6434 30.423488, -97.64357 30.423568, -97.643612 30.423577, -97.643672 30.423573, -97.643739 30.423557, -97.643834 30.423558, -97.643883 30.42354, -97.643938 30.423522, -97.644037 30.423502, -97.644093 30.4235, -97.644147 30.423514, -97.644205 30.423546, -97.644248 30.42358, -97.644287 30.423643, -97.644298 30.423673, -97.644298 30.423739, -97.644288 30.423773, -97.644254 30.423828, -97.644192 30.423948, -97.644118 30.424048, -97.644044 30.424132, -97.644038 30.424157, -97.644047 30.424188, -97.644075 30.42422, -97.644119 30.424243, -97.644166 30.424253, -97.64425 30.424243, -97.644305 30.424247, -97.644345 30.424259, -97.644443 30.424323, -97.644535 30.424394, -97.644546 30.424414, -97.644544 30.424442, -97.64446 30.424639, -97.644436 30.424731, -97.644417 30.424782, -97.644385 30.424837, -97.644305 30.424936, -97.644246 30.424987, -97.644198 30.425015, -97.644138 30.425035, -97.644012 30.425046, -97.643938 30.425077, -97.643891 30.425111, -97.643825 30.425186, -97.643694 30.425292, -97.643665 30.425327, -97.643652 30.425364, -97.643677 30.425413, -97.643678 30.425435, -97.643669 30.425477, -97.643657 30.425493, -97.643595 30.42553, -97.64357 30.425564, -97.643559 30.425608, -97.643563 30.425634, -97.643769 30.425964, -97.643788 30.425972, -97.643834 30.425969, -97.643886 30.42595, -97.643907 30.425946, -97.643928 30.425952, -97.643947 30.425972, -97.643963 30.426018, -97.643966 30.426063, -97.643961 30.426082, -97.64393 30.426133, -97.643886 30.426172, -97.643882 30.426191, -97.6439 30.426225, -97.643936 30.426256, -97.643947 30.426272, -97.643946 30.426299, -97.643923 30.42634, -97.643903 30.426357, -97.643879 30.42636, -97.643842 30.426341, -97.643794 30.426298, -97.64376 30.426287, -97.643686 30.426284, -97.643656 30.426287, -97.643613 30.426306, -97.643119 30.426049, -97.642636 30.425834, -97.642282 30.425692, -97.641622 30.425459, -97.64167 30.425358, -97.641701 30.425249, -97.641724 30.425081, -97.641743 30.424955, -97.641768 30.424899, -97.641791 30.424865, -97.641835 30.424837, -97.641897 30.424826, -97.642515 30.424885, -97.642607 30.424885, -97.642663 30.424865, -97.642733 30.42479, -97.642765 30.424694, -97.642798 30.424578, -97.642869 30.424418, -97.642954 30.424267, -97.642986 30.424172, -97.643005 30.424085, -97.643021 30.423983, -97.643068 30.423659, -97.643066 30.42356, -97.643056 30.423462, -97.643018 30.423318, -97.642888 30.422992, -97.642784 30.422668, -97.642718 30.422522, -97.642626 30.422367, -97.642486 30.422177, -97.642446 30.42213, -97.642252 30.421898, -97.642148 30.421756, -97.642034 30.421609, -97.641905 30.421419, -97.641767 30.42117, -97.641682 30.420997, -97.641621 30.420823, -97.641531 30.420524, -97.641473 30.420133, -97.641422 30.419968, -97.641329 30.419805, -97.641231 30.419667, -97.64111 30.419528, -97.641021 30.419385, -97.640965 30.419264, -97.640955 30.419243, -97.640906 30.419198, -97.640841 30.419201, -97.640042 30.419548, -97.639964 30.419422, -97.639906 30.419364, -97.639775 30.419283, -97.639676 30.419248, -97.639582 30.41924, -97.639387 30.419259, -97.639292 30.419283, -97.639185 30.419333, -97.639025 30.419053, -97.638285 30.419371, -97.638063 30.419385, -97.637553 30.420209, -97.637076 30.420888, -97.63672 30.421397, -97.636039 30.422511, -97.634091 30.425707, -97.6336 30.426515, -97.633569 30.426565, -97.633558 30.42659, -97.633528 30.426646, -97.633458 30.42678, -97.632902 30.427864, -97.632812 30.428041, -97.63264 30.427956, -97.631218 30.427253, -97.630444 30.426903, -97.629899 30.426607, -97.627021 30.425206, -97.626423 30.424898, -97.62653 30.424736, -97.626992 30.424032, -97.627206 30.423708, -97.627272 30.423611, -97.627352 30.423489, -97.627374 30.423445, -97.627494 30.423207, -97.627871 30.422622, -97.628633 30.421311, -97.629319 30.420201, -97.630759 30.417805, -97.631221 30.417089, -97.632199 30.415485, -97.633015 30.414106, -97.633097 30.413992, -97.633284 30.413706, -97.633435 30.413441, -97.633917 30.412602, -97.63426 30.412067, -97.634621 30.411406, -97.634769 30.411073, -97.634937 30.410671, -97.63511 30.410058, -97.635219 30.409167, -97.635244 30.408955, -97.63527 30.408744, -97.635307 30.408765, -97.63533 30.408779, -97.635409 30.408811, -97.635462 30.40884, -97.63553 30.408897, -97.635609 30.409011, -97.635636 30.409069, -97.635637 30.409143, -97.635648 30.409223, -97.635799 30.409491, -97.635852 30.409577, -97.635907 30.409656, -97.635964 30.40969, -97.635995 30.409719, -97.636056 30.409816, -97.636081 30.409848, -97.636175 30.409916, -97.636219 30.409972, -97.636305 30.410101, -97.63634 30.410147, -97.636419 30.410218, -97.636487 30.410289, -97.636523 30.410338, -97.636554 30.410423, -97.636591 30.410478, -97.636694 30.410597, -97.636751 30.410655, -97.636802 30.410694, -97.636874 30.410736, -97.636959 30.410772, -97.637315 30.410864, -97.637463 30.410906, -97.637523 30.410935, -97.637713 30.411092, -97.637852 30.411186, -97.637962 30.41125, -97.638023 30.411291, -97.638131 30.411387, -97.638201 30.411479, -97.638246 30.411517, -97.638292 30.411542, -97.638321 30.411547, -97.638604 30.411512, -97.638639 30.411513, -97.638675 30.411524, -97.638727 30.411557, -97.638918 30.411761, -97.638968 30.411852, -97.639129 30.411994, -97.639175 30.412043, -97.639353 30.412317, -97.639435 30.412398, -97.639526 30.412502, -97.639561 30.412558, -97.639661 30.412788, -97.639703 30.41286, -97.639895 30.413082, -97.639996 30.413211, -97.64009 30.41331, -97.640285 30.41346, -97.640312 30.413493, -97.640324 30.413542, -97.640325 30.413726, -97.640332 30.413898, -97.640339 30.413964, -97.640356 30.414016, -97.640393 30.414066, -97.640461 30.414122, -97.640562 30.414185, -97.640607 30.414203, -97.640718 30.414228, -97.641018 30.414378, -97.641053 30.414404, -97.64113 30.414495, -97.641283 30.414592, -97.641316 30.414652, -97.641364 30.414717, -97.641476 30.414829, -97.641528 30.414901, -97.641545 30.414944, -97.641554 30.41507, -97.641568 30.41518, -97.64155 30.415255, -97.641562 30.415299, -97.641646 30.415454, -97.641659 30.415494, -97.641642 30.415561, -97.641643 30.415676, -97.64167 30.415787, -97.641677 30.415861, -97.64169 30.41591, -97.641793 30.416124, -97.64202 30.416435, -97.642102 30.416525, -97.642168 30.416571, -97.642248 30.416606, -97.642322 30.416628, -97.642355 30.416631, -97.642456 30.416625, -97.642803 30.416625, -97.642891 30.416631, -97.642968 30.416649, -97.643024 30.416678, -97.643079 30.416729, -97.643158 30.416831, -97.643199 30.416913, -97.643236 30.416974, -97.643285 30.417033, -97.643335 30.417073, -97.643437 30.417122, -97.643521 30.417148, -97.643561 30.417161, -97.643604 30.417183, -97.643647 30.417217, -97.643725 30.417334, -97.643796 30.417441, -97.643829 30.417532, -97.643855 30.417656, -97.643906 30.417787, -97.643941 30.417927, -97.64395 30.418071, -97.643969 30.418129, -97.643994 30.418161, -97.644018 30.418174, -97.644124 30.418182, -97.64429 30.418176, -97.64434 30.418151, -97.644361 30.41815, -97.644381 30.418169, -97.644398 30.418211, -97.644398 30.418258, -97.644405 30.418286, -97.644559 30.418399, -97.644831 30.418591, -97.64488 30.418635, -97.644964 30.418751, -97.645008 30.418833, -97.645055 30.418971, -97.645065 30.419047, -97.645059 30.419327, -97.645063 30.419357, -97.645088 30.419404, -97.645133 30.419448, -97.645187 30.419479, -97.645222 30.419487, -97.645251 30.419485, -97.645274 30.419472, -97.645325 30.419419, -97.645335 30.41941, -97.645439 30.419362, -97.645646 30.419288, -97.645582 30.419388))",35.0,2616.0,88594.0,168.0,25.0,1591456.1754459161,0.001643777592095499
"POLYGON ((-97.668487 30.440725, -97.668288 30.441853, -97.668135 30.442739, -97.668078 30.443073, -97.667875 30.444031, -97.667752 30.444673, -97.667525 30.446004, -97.667384 30.44673, -97.667346 30.446919, -97.667088 30.448223, -97.666961 30.448803, -97.666851 30.44931, -97.666629 30.450441, -97.666448 30.451513, -97.666313 30.452522, -97.666275 30.453407, -97.666277 30.454084, -97.666287 30.454428, -97.666425 30.45552, -97.666473 30.455831, -97.666493 30.455964, -97.666503 30.456035, -97.66653 30.456223, -97.666346 30.456243, -97.666319 30.456051, -97.665638 30.456161, -97.66547 30.456245, -97.665048 30.456301, -97.664925 30.456315, -97.664567 30.456357, -97.664528 30.456364, -97.66442 30.456382, -97.664386 30.456389, -97.664309 30.456405, -97.664256 30.456409, -97.664219 30.456411, -97.664099 30.456424, -97.663833 30.45643, -97.663677 30.456434, -97.663533 30.456438, -97.663242 30.456411, -97.662928 30.456348, -97.662249 30.456138, -97.661848 30.456021, -97.66157 30.455948, -97.661279 30.455911, -97.661047 30.455901, -97.660803 30.455901, -97.660487 30.455926, -97.660117 30.455997, -97.659947 30.456015, -97.659776 30.456046, -97.659429 30.456111, -97.659201 30.456166, -97.659003 30.456229, -97.658832 30.456295, -97.658605 30.456396, -97.65839 30.4565, -97.658147 30.456624, -97.658012 30.456681, -97.657765 30.456777, -97.657578 30.456835, -97.657193 30.456929, -97.656848 30.456971, -97.656537 30.456974, -97.656244 30.456961, -97.656004 30.456932, -97.655803 30.456896, -97.655194 30.456721, -97.654877 30.456629, -97.654678 30.456579, -97.654575 30.456548, -97.654221 30.456428, -97.653962 30.45635, -97.653799 30.456314, -97.653482 30.456281, -97.653266 30.456272, -97.653057 30.456273, -97.652931 30.456285, -97.652737 30.456314, -97.652574 30.456343, -97.652324 30.456406, -97.652055 30.456482, -97.651928 30.456558, -97.651706 30.456656, -97.651524 30.456745, -97.651337 30.456861, -97.651204 30.456949, -97.651096 30.457034, -97.651047 30.457074, -97.651006 30.457112, -97.650957 30.457158, -97.650922 30.45718, -97.650844 30.457242, -97.650821 30.457264, -97.65076 30.457325, -97.650863 30.457113, -97.650902 30.457005, -97.651499 30.456017, -97.651551 30.45593, -97.651584 30.455879, -97.65215 30.455002, -97.652593 30.454318, -97.653609 30.452747, -97.653995 30.45234, -97.654431 30.452272, -97.654387 30.451713, -97.654528 30.451414, -97.6548 30.450838, -97.65488 30.450715, -97.656044 30.448923, -97.657833 30.449725, -97.658057 30.449826, -97.658647 30.44979, -97.659237 30.449762, -97.659606 30.449706, -97.660013 30.449619, -97.660286 30.449509, -97.660621 30.449356, -97.661032 30.449131, -97.66158 30.448797, -97.661714 30.448716, -97.661983 30.448277, -97.6622 30.447923, -97.66253 30.447427, -97.66267 30.447205, -97.662958 30.446751, -97.663 30.446603, -97.663502 30.445783, -97.663988 30.444987, -97.664459 30.444219, -97.664716 30.443856, -97.664792 30.443737, -97.6652 30.443134, -97.665788 30.442217, -97.665923 30.44199, -97.666 30.441864, -97.666129 30.441534, -97.666182 30.441267, -97.666383 30.441229, -97.66661 30.441179, -97.666658 30.441168, -97.666923 30.441109, -97.667244 30.440998, -97.667746 30.440835, -97.668325 30.440643, -97.66851 30.440593, -97.668487 30.440725))",30.8,1519.0,59537.0,54.0,27.0,1297086.1130006101,0.001171086472035404
"POLYGON ((-97.658477 30.439129, -97.658402 30.439246, -97.658241 30.439561, -97.658107 30.440085, -97.658007 30.440242, -97.657997 30.440257, -97.65661 30.43959, -97.656477 30.439787, -97.655941 30.440579, -97.654528 30.442824, -97.655339 30.443234, -97.655807 30.443461, -97.657203 30.443586, -97.657318 30.443605, -97.657415 30.443629, -97.657509 30.443664, -97.657641 30.44373, -97.65767 30.443751, -97.657692 30.443761, -97.657804 30.443852, -97.657848 30.443899, -97.657935 30.444022, -97.657976 30.444103, -97.658009 30.444186, -97.658036 30.444294, -97.658047 30.444412, -97.658046 30.444478, -97.657979 30.445066, -97.657915 30.445631, -97.657884 30.445784, -97.657853 30.445891, -97.657801 30.446014, -97.657743 30.446125, -97.657654 30.446261, -97.657437 30.446548, -97.657364 30.446665, -97.657291 30.446803, -97.657145 30.447183, -97.657068 30.447321, -97.656749 30.447793, -97.656709 30.447864, -97.656152 30.448752, -97.656044 30.448923, -97.655986 30.448893, -97.652539 30.447123, -97.651991 30.446841, -97.650737 30.446279, -97.65041 30.446157, -97.650219 30.446103, -97.650025 30.446057, -97.649829 30.446016, -97.649636 30.445986, -97.649441 30.445962, -97.64905 30.445936, -97.648657 30.445939, -97.648266 30.445971, -97.646607 30.446228, -97.642113 30.446957, -97.640542 30.447203, -97.639149 30.447439, -97.639002 30.446695, -97.638994 30.446417, -97.639075 30.446058, -97.639229 30.445707, -97.639419 30.445392, -97.639588 30.445209, -97.639866 30.444974, -97.640232 30.444747, -97.640679 30.444579, -97.641243 30.444483, -97.641536 30.44441, -97.641873 30.4443, -97.642279 30.444108, -97.642649 30.443843, -97.642847 30.443645, -97.643004 30.443443, -97.643173 30.443172, -97.643442 30.442759, -97.645904 30.438943, -97.646049 30.438727, -97.647078 30.437125, -97.647449 30.436541, -97.647582 30.436336, -97.647477 30.436287, -97.646795 30.435967, -97.646084 30.435633, -97.646789 30.434432, -97.646679 30.434373, -97.644721 30.43343, -97.644679 30.432542, -97.6447 30.432516, -97.644847 30.432412, -97.644879 30.43238, -97.644899 30.432342, -97.644969 30.432132, -97.644999 30.432074, -97.645063 30.431999, -97.645169 30.431913, -97.645233 30.431852, -97.645248 30.431819, -97.645236 30.431765, -97.645156 30.43161, -97.645136 30.431584, -97.645067 30.431516, -97.645039 30.431467, -97.645029 30.431417, -97.645032 30.431387, -97.645045 30.43135, -97.64509 30.431252, -97.64513 30.431128, -97.645138 30.431068, -97.64513 30.430997, -97.645093 30.430843, -97.64505 30.430735, -97.645012 30.43067, -97.644974 30.430622, -97.64491 30.430557, -97.644867 30.4305, -97.644856 30.430468, -97.644859 30.430216, -97.644847 30.430186, -97.644776 30.430107, -97.64471 30.430052, -97.644679 30.430009, -97.644662 30.429964, -97.644661 30.429924, -97.644682 30.429855, -97.644728 30.429765, -97.644703 30.429765, -97.644677 30.42975, -97.644639 30.429698, -97.644604 30.42963, -97.644581 30.429563, -97.644574 30.429496, -97.644579 30.429407, -97.644608 30.429346, -97.64461 30.429323, -97.644572 30.429229, -97.644569 30.429175, -97.644583 30.429102, -97.644596 30.42907, -97.644638 30.428997, -97.644753 30.428814, -97.64476 30.428794, -97.646913 30.428766, -97.647455 30.428777, -97.647808 30.428805, -97.648065 30.428833, -97.648321 30.428891, -97.648552 30.428945, -97.648859 30.42904, -97.649452 30.429292, -97.64984 30.42948, -97.649854 30.429487, -97.649995 30.429555, -97.650425 30.429773, -97.650739 30.429958, -97.65108 30.430204, -97.651393 30.430472, -97.651651 30.430741, -97.651691 30.430791, -97.65188 30.431027, -97.651969 30.431138, -97.652132 30.431426, -97.652344 30.431823, -97.652524 30.432154, -97.652778 30.43265, -97.652831 30.432757, -97.6529 30.432897, -97.652938 30.432974, -97.652962 30.433021, -97.652976 30.433049, -97.653038 30.433173, -97.653173 30.433446, -97.653476 30.434033, -97.6537 30.434413, -97.65398 30.434827, -97.654117 30.434991, -97.654215 30.435107, -97.654427 30.435342, -97.654741 30.435655, -97.655199 30.436024, -97.655677 30.436346, -97.655748 30.436394, -97.656408 30.436763, -97.659089 30.438368, -97.658477 30.439129))",40.1,2646.0,89589.0,32.0,41.0,2082011.3999799632,0.0012708864130261076
"POLYGON ((-97.579017 30.482365, -97.578973 30.48257, -97.578892 30.482757, -97.578753 30.482943, -97.578489 30.483238, -97.578363 30.483442, -97.578295 30.483739, -97.578282 30.483866, -97.578268 30.483985, -97.57685 30.483808, -97.574875 30.483596, -97.571916 30.483212, -97.571777 30.483194, -97.569924 30.482953, -97.569249 30.482866, -97.568153 30.482724, -97.566433 30.482519, -97.565504 30.482392, -97.563523 30.482095, -97.56001 30.481677, -97.553793 30.480796, -97.553621 30.480772, -97.550034 30.480318, -97.54949 30.480249, -97.549495 30.480182, -97.549509 30.480082, -97.549515 30.480032, -97.549539 30.47984, -97.549554 30.479685, -97.549563 30.479591, -97.550068 30.476483, -97.546079 30.47542, -97.545883 30.47565, -97.545386 30.476265, -97.543141 30.479161, -97.544308 30.479387, -97.544233 30.479476, -97.544183 30.479535, -97.54412 30.479596, -97.543443 30.479425, -97.543168 30.47935, -97.542896 30.479276, -97.542635 30.479205, -97.541883 30.479, -97.540501 30.478639, -97.540578 30.4785, -97.541593 30.476871, -97.542094 30.476066, -97.545886 30.470027, -97.546368 30.470271, -97.546892 30.470533, -97.547435 30.470774, -97.547531 30.47082, -97.548059 30.471076, -97.548566 30.471323, -97.549203 30.47162, -97.549674 30.471834, -97.549724 30.471857, -97.55029 30.47205, -97.551049 30.472231, -97.552193 30.472424, -97.552485 30.472474, -97.55345 30.472639, -97.554877 30.472898, -97.555591 30.473032, -97.556103 30.473126, -97.556511 30.473239, -97.556839 30.473347, -97.557247 30.473517, -97.557592 30.473715, -97.557977 30.47397, -97.558481 30.474326, -97.559291 30.474915, -97.559807 30.475294, -97.560679 30.475823, -97.561848 30.476199, -97.563609 30.476686, -97.564362 30.476857, -97.5647 30.476913, -97.565121 30.476945, -97.565543 30.476945, -97.565943 30.476929, -97.566489 30.476866, -97.567688 30.476787, -97.568162 30.47676, -97.568568 30.476765, -97.568916 30.476787, -97.569295 30.476834, -97.569824 30.476914, -97.570335 30.477025, -97.570785 30.477154, -97.571207 30.477307, -97.571891 30.477599, -97.572272 30.477754, -97.572696 30.477938, -97.57302 30.478043, -97.573239 30.478096, -97.573472 30.478127, -97.573741 30.47813, -97.574507 30.4781, -97.575472 30.477968, -97.575745 30.477985, -97.575932 30.478011, -97.576113 30.478041, -97.576281 30.478084, -97.576445 30.47814, -97.576695 30.478257, -97.576714 30.478265, -97.576889 30.478378, -97.577029 30.478479, -97.577144 30.478574, -97.577203 30.47863, -97.57733 30.478763, -97.577565 30.478996, -97.577782 30.479268, -97.577825 30.479338, -97.577867 30.479424, -97.577897 30.479524, -97.577914 30.479634, -97.577921 30.479772, -97.577877 30.480299, -97.577875 30.480428, -97.577967 30.480714, -97.578012 30.480822, -97.57808 30.48094, -97.578114 30.48099, -97.57825 30.481123, -97.578482 30.481301, -97.57864 30.481448, -97.578688 30.481501, -97.578768 30.481591, -97.578829 30.481684, -97.578946 30.481862, -97.579022 30.482184, -97.579017 30.482365))",36.5,6554.0,175380.0,187.0,20.0,2375802.3279829584,0.002758647014865208
"POLYGON ((-97.64579 30.463983, -97.645281 30.464809, -97.644656 30.465825, -97.644208 30.466552, -97.644154 30.466637, -97.642808 30.468776, -97.642077 30.469946, -97.641757 30.470457, -97.641565 30.470762, -97.641433 30.471058, -97.641328 30.47149, -97.64126 30.471856, -97.64124 30.472109, -97.641233 30.472334, -97.641067 30.472316, -97.640841 30.472274, -97.640616 30.472197, -97.637829 30.47086, -97.63759 30.47075, -97.635101 30.469467, -97.634703 30.469288, -97.633511 30.468705, -97.633086 30.468504, -97.633134 30.468432, -97.633221 30.468304, -97.633352 30.468109, -97.635441 30.464845, -97.63668 30.462891, -97.636879 30.462562, -97.637053 30.462253, -97.637142 30.462117, -97.637571 30.461421, -97.637718 30.461199, -97.637797 30.461094, -97.637966 30.460825, -97.638051 30.460693, -97.638097 30.46062, -97.638159 30.460525, -97.638196 30.460542, -97.638514 30.4607, -97.639159 30.461315, -97.639894 30.461832, -97.640385 30.461987, -97.64073 30.462009, -97.641727 30.46201, -97.642302 30.461993, -97.643573 30.462003, -97.644255 30.46212, -97.644912 30.462444, -97.645384 30.462685, -97.646309 30.46314, -97.64579 30.463983))",40.0,2578.0,114799.0,93.0,0.0,885254.0127031654,0.002912158502538671
"POLYGON ((-97.745797 30.158857, -97.745391 30.159438, -97.745133 30.159813, -97.74478 30.160401, -97.744157 30.161439, -97.743355 30.162778, -97.742935 30.163492, -97.741634 30.165551, -97.73871 30.16407, -97.736831 30.16311, -97.736573 30.16297, -97.736411 30.162868, -97.736265 30.162741, -97.736166 30.162637, -97.736047 30.162418, -97.73601 30.162293, -97.735988 30.162141, -97.736001 30.162007, -97.736021 30.161859, -97.736107 30.161573, -97.736189 30.161356, -97.736262 30.161135, -97.736302 30.160965, -97.736327 30.160834, -97.736333 30.160597, -97.736321 30.160484, -97.736298 30.160354, -97.736227 30.160114, -97.736173 30.159865, -97.736127 30.159177, -97.736043 30.15862, -97.735986 30.15808, -97.735844 30.156727, -97.735724 30.155585, -97.735787 30.155461, -97.736018 30.155019, -97.73652 30.155315, -97.737423 30.15571, -97.738282 30.15608, -97.739169 30.156527, -97.739879 30.156854, -97.740589 30.157207, -97.741339 30.157517, -97.741474 30.157557, -97.741687 30.157595, -97.742007 30.15762, -97.742913 30.157657, -97.743663 30.157687, -97.743877 30.157741, -97.744072 30.157764, -97.744265 30.157812, -97.744411 30.157843, -97.74509 30.158041, -97.74533 30.158152, -97.746055 30.158489, -97.745797 30.158857))",37.2,2294.0,101835.0,149.0,10.0,659047.8579571189,0.0034807790850133673
"POLYGON ((-97.666129 30.441534, -97.666 30.441864, -97.665923 30.44199, -97.665788 30.442217, -97.6652 30.443134, -97.664792 30.443737, -97.664716 30.443856, -97.664459 30.444219, -97.663988 30.444987, -97.663502 30.445783, -97.663 30.446603, -97.662958 30.446751, -97.66267 30.447205, -97.66253 30.447427, -97.6622 30.447923, -97.661983 30.448277, -97.661714 30.448716, -97.66158 30.448797, -97.661032 30.449131, -97.660621 30.449356, -97.660286 30.449509, -97.660013 30.449619, -97.659606 30.449706, -97.659237 30.449762, -97.658647 30.44979, -97.658057 30.449826, -97.657833 30.449725, -97.656044 30.448923, -97.656152 30.448752, -97.656709 30.447864, -97.656749 30.447793, -97.657068 30.447321, -97.657145 30.447183, -97.657291 30.446803, -97.657364 30.446665, -97.657437 30.446548, -97.657654 30.446261, -97.657743 30.446125, -97.657801 30.446014, -97.657853 30.445891, -97.657884 30.445784, -97.657915 30.445631, -97.657979 30.445066, -97.658046 30.444478, -97.658047 30.444412, -97.658036 30.444294, -97.658009 30.444186, -97.657976 30.444103, -97.657935 30.444022, -97.657848 30.443899, -97.657804 30.443852, -97.657692 30.443761, -97.65767 30.443751, -97.657641 30.44373, -97.657509 30.443664, -97.657415 30.443629, -97.657318 30.443605, -97.657203 30.443586, -97.655807 30.443461, -97.655339 30.443234, -97.654528 30.442824, -97.655941 30.440579, -97.656477 30.439787, -97.65661 30.43959, -97.657997 30.440257, -97.658007 30.440242, -97.658107 30.440085, -97.658241 30.439561, -97.658402 30.439246, -97.658477 30.439129, -97.659089 30.438368, -97.659642 30.438699, -97.659813 30.438809, -97.662729 30.440556, -97.663065 30.440724, -97.66349 30.440925, -97.663826 30.441048, -97.664374 30.441205, -97.664888 30.441272, -97.665472 30.441297, -97.665843 30.441297, -97.666182 30.441267, -97.666129 30.441534))",32.4,1008.0,106276.0,54.0,8.0,753317.457615694,0.0013380812960188063
"POLYGON ((-97.769627 30.159347, -97.769531 30.159371, -97.76944 30.159382, -97.76938 30.159381, -97.76907 30.159354, -97.76887 30.159345, -97.768769 30.159357, -97.76839 30.159446, -97.768209 30.159458, -97.768104 30.159477, -97.767877 30.15954, -97.767682 30.159614, -97.767498 30.1597, -97.767357 30.15978, -97.767338 30.159796, -97.767295 30.159846, -97.766926 30.16006, -97.766805 30.160138, -97.766746 30.160188, -97.766718 30.160221, -97.766681 30.160277, -97.766531 30.160451, -97.766496 30.160477, -97.766385 30.160513, -97.766325 30.160542, -97.766283 30.160574, -97.766231 30.160633, -97.766145 30.160752, -97.765917 30.161008, -97.765708 30.1612, -97.765425 30.161401, -97.765282 30.161525, -97.764991 30.161814, -97.764845 30.161971, -97.764692 30.162178, -97.764619 30.162258, -97.764543 30.1623, -97.764489 30.162382, -97.76443 30.162512, -97.764325 30.162894, -97.764291 30.163052, -97.764248 30.163129, -97.764148 30.163289, -97.764121 30.163388, -97.76408 30.163439, -97.763984 30.163527, -97.763897 30.163633, -97.763856 30.163697, -97.763812 30.16381, -97.763737 30.163907, -97.763706 30.163963, -97.763775 30.163993, -97.76375 30.164064, -97.763739 30.164109, -97.763731 30.16415, -97.763729 30.164189, -97.763734 30.164228, -97.763742 30.164254, -97.763774 30.1643, -97.763799 30.164361, -97.763804 30.164427, -97.763791 30.164487, -97.763773 30.164522, -97.76376 30.164542, -97.763651 30.1652, -97.763865 30.165705, -97.764026 30.165966, -97.764377 30.166424, -97.764407 30.166507, -97.764411 30.166524, -97.764408 30.166545, -97.764377 30.166826, -97.764339 30.166962, -97.764302 30.167094, -97.764276 30.167187, -97.764218 30.167314, -97.764202 30.167351, -97.764144 30.167481, -97.764115 30.167571, -97.764101 30.167615, -97.764071 30.16771, -97.764016 30.167886, -97.764002 30.16793, -97.763874 30.1682, -97.764084 30.168239, -97.764064 30.168287, -97.76405 30.168322, -97.763979 30.168386, -97.76388 30.168467, -97.763841 30.168514, -97.763808 30.168576, -97.763795 30.168647, -97.763799 30.168674, -97.763859 30.16882, -97.763871 30.168871, -97.763862 30.168905, -97.763802 30.169016, -97.763608 30.16917, -97.763443 30.16924, -97.763183 30.169253, -97.763135 30.169269, -97.763052 30.169305, -97.762605 30.169393, -97.762532 30.169415, -97.762522 30.169502, -97.762507 30.169524, -97.762464 30.169553, -97.762398 30.169577, -97.762289 30.169596, -97.761969 30.169645, -97.761878 30.169663, -97.761825 30.169682, -97.761686 30.169758, -97.761589 30.169804, -97.76152 30.169822, -97.761411 30.169831, -97.761343 30.16983, -97.761081 30.169812, -97.76098 30.169801, -97.760898 30.169816, -97.760604 30.169884, -97.760439 30.169936, -97.760378 30.169967, -97.760365 30.169982, -97.760343 30.170025, -97.760289 30.170086, -97.760256 30.170113, -97.760211 30.170135, -97.76012 30.17016, -97.759969 30.17019, -97.759798 30.170211, -97.759661 30.170216, -97.759576 30.170211, -97.759459 30.170189, -97.75938 30.170161, -97.759294 30.170117, -97.759202 30.170064, -97.759083 30.169979, -97.758967 30.169885, -97.758733 30.169668, -97.758671 30.169621, -97.758621 30.169596, -97.758556 30.169579, -97.758534 30.169576, -97.758361 30.169552, -97.758302 30.169539, -97.757953 30.169462, -97.757892 30.16944, -97.757663 30.169321, -97.757523 30.169234, -97.757443 30.169178, -97.757405 30.169137, -97.757395 30.169121, -97.757295 30.169015, -97.75708 30.168736, -97.756968 30.16862, -97.756882 30.168545, -97.756645 30.168359, -97.756582 30.1683, -97.756427 30.168117, -97.756359 30.168051, -97.756088 30.167835, -97.75591 30.167693, -97.755846 30.167631, -97.755814 30.167589, -97.755782 30.167525, -97.755702 30.167415, -97.755647 30.16736, -97.755574 30.167305, -97.75549 30.167253, -97.755337 30.167184, -97.755232 30.167121, -97.755171 30.167069, -97.754989 30.166836, -97.754935 30.166788, -97.754811 30.166738, -97.754389 30.166512, -97.754303 30.166457, -97.754209 30.166378, -97.753843 30.166, -97.753646 30.165817, -97.753556 30.165752, -97.753411 30.165675, -97.752928 30.165453, -97.752697 30.16534, -97.752532 30.165288, -97.752324 30.165184, -97.752159 30.165113, -97.751836 30.165001, -97.75167 30.164928, -97.751447 30.164789, -97.751264 30.164813, -97.751108 30.16482, -97.751015 30.164814, -97.750937 30.164797, -97.75088 30.164771, -97.750769 30.164697, -97.750696 30.164662, -97.750625 30.16464, -97.750582 30.164634, -97.750474 30.164645, -97.750385 30.164667, -97.750323 30.164688, -97.750196 30.164745, -97.750058 30.164824, -97.749962 30.164887, -97.749907 30.164936, -97.749786 30.16508, -97.749652 30.165221, -97.749584 30.16527, -97.749423 30.16535, -97.749157 30.165445, -97.748922 30.165546, -97.748741 30.165635, -97.748605 30.165715, -97.748503 30.165788, -97.748376 30.165922, -97.748322 30.165966, -97.747558 30.16646, -97.747113 30.16677, -97.746999 30.166835, -97.746924 30.166865, -97.746094 30.167126, -97.74602 30.167156, -97.745945 30.167199, -97.745868 30.167256, -97.745742 30.167367, -97.745543 30.167589, -97.745451 30.167673, -97.744852 30.16813, -97.744734 30.168206, -97.744503 30.16833, -97.74433 30.168397, -97.744273 30.168431, -97.744243 30.16846, -97.74422 30.168502, -97.744194 30.168567, -97.7441 30.168685, -97.744043 30.168731, -97.743948 30.168796, -97.743842 30.168882, -97.743781 30.16894, -97.7436 30.169166, -97.74327 30.169482, -97.743012 30.169737, -97.742875 30.169878, -97.742827 30.169953, -97.742716 30.17022, -97.742633 30.170436, -97.742575 30.170552, -97.742505 30.170656, -97.742454 30.170717, -97.742374 30.17079, -97.742243 30.170894, -97.742118 30.171015, -97.742054 30.171089, -97.741987 30.171186, -97.741879 30.17138, -97.741856 30.171435, -97.741821 30.171558, -97.741825 30.171577, -97.741844 30.1716, -97.7419 30.171651, -97.741909 30.171672, -97.741916 30.171791, -97.741905 30.171901, -97.741877 30.171999, -97.741846 30.172065, -97.741704 30.172267, -97.741525 30.172499, -97.741501 30.172558, -97.74149 30.172605, -97.741078 30.172985, -97.740851 30.17273, -97.740163 30.171989, -97.739634 30.171391, -97.739459 30.171158, -97.73929 30.170904, -97.739094 30.170544, -97.73874 30.169718, -97.738373 30.169011, -97.738748 30.168876, -97.739383 30.168648, -97.739861 30.168333, -97.740703 30.166992, -97.741634 30.165551, -97.742935 30.163492, -97.743355 30.162778, -97.744157 30.161439, -97.74478 30.160401, -97.745133 30.159813, -97.745391 30.159438, -97.745797 30.158857, -97.746055 30.158489, -97.747224 30.159071, -97.748163 30.15949, -97.749405 30.160132, -97.750179 30.160532, -97.750579 30.160495, -97.750913 30.160249, -97.750961 30.160165, -97.751505 30.159218, -97.751715 30.15886, -97.752177 30.158072, -97.752392 30.157831, -97.752724 30.157905, -97.75643 30.158604, -97.756821 30.158676, -97.759307 30.159846, -97.75972 30.159843, -97.759954 30.159729, -97.761748 30.156941, -97.762109 30.156646, -97.762128 30.156649, -97.762548 30.156709, -97.764547 30.157528, -97.766633 30.158279, -97.767168 30.158194, -97.769245 30.157518, -97.76932 30.15785, -97.769474 30.158532, -97.769622 30.159189, -97.769627 30.159347))",33.0,771.0,80000.0,47.0,0.0,2304366.2884843517,0.0003345822249930192
"POLYGON ((-97.681379 30.409023, -97.681368 30.40907, -97.681235 30.40933, -97.681207 30.409373, -97.68115 30.409437, -97.681131 30.409464, -97.681066 30.409624, -97.681046 30.40971, -97.681039 30.409764, -97.681025 30.409983, -97.681027 30.410097, -97.68101 30.410123, -97.68095 30.410168, -97.680836 30.410203, -97.680758 30.410236, -97.680673 30.410302, -97.680619 30.410358, -97.680605 30.410379, -97.680596 30.410417, -97.680605 30.410472, -97.680637 30.410528, -97.680712 30.410615, -97.680722 30.410642, -97.680725 30.410687, -97.68071 30.410747, -97.68065 30.410877, -97.680583 30.410966, -97.680508 30.411102, -97.680378 30.411373, -97.680354 30.411462, -97.680359 30.411569, -97.68037 30.411618, -97.68039 30.411838, -97.680405 30.411921, -97.68044 30.412035, -97.680447 30.412211, -97.680443 30.412342, -97.680451 30.412489, -97.680448 30.412644, -97.680439 30.412726, -97.680405 30.412863, -97.680389 30.412898, -97.680354 30.412957, -97.680146 30.413131, -97.680121 30.413167, -97.68009 30.413242, -97.680083 30.413307, -97.680086 30.41347, -97.680108 30.413618, -97.680162 30.413821, -97.68024 30.413983, -97.680297 30.414121, -97.680365 30.414248, -97.680374 30.414277, -97.680373 30.414309, -97.680348 30.4144, -97.680309 30.414497, -97.680234 30.414618, -97.680212 30.414665, -97.68016 30.414816, -97.680136 30.414962, -97.680123 30.415001, -97.680052 30.415137, -97.679987 30.415212, -97.679812 30.415374, -97.679706 30.415509, -97.679568 30.415667, -97.679513 30.415717, -97.679436 30.415771, -97.679404 30.415804, -97.67937 30.415877, -97.67935 30.415967, -97.679342 30.416021, -97.67937 30.41616, -97.679375 30.416242, -97.679386 30.416282, -97.679422 30.416365, -97.679477 30.416447, -97.679524 30.416534, -97.679537 30.41658, -97.679531 30.41663, -97.679511 30.416684, -97.679474 30.41675, -97.679434 30.416798, -97.679336 30.416887, -97.679291 30.416945, -97.679264 30.417006, -97.679257 30.417081, -97.679267 30.417134, -97.679266 30.417185, -97.679208 30.417394, -97.679148 30.417578, -97.67911 30.417679, -97.679062 30.417757, -97.679014 30.417856, -97.678985 30.417894, -97.678928 30.417951, -97.678804 30.41804, -97.678747 30.418096, -97.678694 30.418163, -97.678657 30.4182, -97.678525 30.418296, -97.678326 30.41846, -97.678229 30.418565, -97.678158 30.418658, -97.678127 30.418716, -97.678115 30.41876, -97.678122 30.418957, -97.678119 30.419018, -97.678101 30.419096, -97.678092 30.419168, -97.678068 30.419247, -97.67806 30.419329, -97.678069 30.419407, -97.678078 30.419425, -97.678111 30.419459, -97.678189 30.419489, -97.678356 30.419529, -97.678462 30.419595, -97.678609 30.419717, -97.678682 30.419765, -97.678721 30.419777, -97.678992 30.4198, -97.679017 30.419806, -97.679052 30.419824, -97.67908 30.41985, -97.679167 30.419963, -97.679213 30.42004, -97.679223 30.420072, -97.679224 30.420111, -97.679211 30.420189, -97.679145 30.420361, -97.679102 30.420426, -97.679051 30.420473, -97.678896 30.420595, -97.67878 30.420657, -97.678748 30.420688, -97.678726 30.420736, -97.678705 30.420804, -97.678642 30.421081, -97.678628 30.421108, -97.67859 30.421158, -97.678537 30.421208, -97.678497 30.421252, -97.678396 30.421365, -97.678238 30.421512, -97.678163 30.421576, -97.678079 30.421632, -97.67798 30.421709, -97.677894 30.421764, -97.677683 30.421823, -97.677652 30.421838, -97.677596 30.42188, -97.677534 30.421933, -97.677446 30.421991, -97.677357 30.422042, -97.677203 30.422103, -97.677078 30.422142, -97.676957 30.422159, -97.676921 30.422168, -97.67688 30.422192, -97.676787 30.422259, -97.676754 30.422295, -97.676709 30.422331, -97.676635 30.422355, -97.676589 30.422383, -97.676565 30.422407, -97.676556 30.422426, -97.676554 30.422513, -97.67656 30.4226, -97.676557 30.422635, -97.676545 30.42266, -97.676485 30.422722, -97.676393 30.422772, -97.676286 30.422824, -97.676128 30.422894, -97.676057 30.422962, -97.676034 30.422996, -97.67602 30.423029, -97.676015 30.423071, -97.676028 30.423147, -97.67605 30.423183, -97.676098 30.42323, -97.676172 30.42329, -97.676232 30.423348, -97.676259 30.423399, -97.676266 30.423478, -97.676248 30.423611, -97.676255 30.423675, -97.676243 30.423764, -97.676244 30.423821, -97.67626 30.423864, -97.676287 30.42391, -97.676334 30.423961, -97.676397 30.424006, -97.676545 30.424067, -97.67659 30.424096, -97.676659 30.424186, -97.676728 30.424239, -97.676802 30.424278, -97.6769 30.4243, -97.676993 30.424349, -97.677013 30.424354, -97.677047 30.42435, -97.677084 30.42433, -97.677137 30.424294, -97.677189 30.424273, -97.677219 30.42427, -97.677267 30.424279, -97.677314 30.424313, -97.677331 30.424338, -97.677346 30.424378, -97.677349 30.424418, -97.677338 30.424479, -97.67725 30.424714, -97.677235 30.424795, -97.677236 30.424855, -97.677259 30.424938, -97.677279 30.424992, -97.677322 30.425225, -97.677323 30.42538, -97.677317 30.425462, -97.677308 30.42551, -97.677283 30.425572, -97.677269 30.425592, -97.677316 30.42564, -97.677381 30.425686, -97.677482 30.425738, -97.677607 30.425803, -97.677207 30.426132, -97.676711 30.426708, -97.676595 30.426857, -97.676034 30.426596, -97.67538 30.426301, -97.673126 30.425179, -97.67226 30.424745, -97.671895 30.424574, -97.671594 30.424418, -97.671618 30.424301, -97.671704 30.423876, -97.671817 30.423246, -97.67201 30.422248, -97.672174 30.421386, -97.672395 30.420219, -97.67241 30.420165, -97.672417 30.420101, -97.672637 30.418931, -97.672797 30.418002, -97.673125 30.41638, -97.67333 30.415291, -97.673477 30.414514, -97.673939 30.412027, -97.674135 30.411109, -97.674388 30.409712, -97.674619 30.408499, -97.674716 30.407991, -97.675235 30.40803, -97.675527 30.408129, -97.675788 30.408188, -97.676246 30.408174, -97.67702 30.408046, -97.677536 30.407933, -97.67774 30.407909, -97.677883 30.407889, -97.678166 30.407896, -97.678389 30.407921, -97.678715 30.407977, -97.679273 30.40812, -97.679432 30.408185, -97.680187 30.408466, -97.680305 30.408511, -97.68048 30.408595, -97.681372 30.408931, -97.68138 30.408999, -97.681379 30.409023))",34.7,1218.0,88923.0,34.0,42.0,1139355.7807442925,0.0010690251636800688
"POLYGON ((-97.630576 30.438541, -97.630137 30.43923, -97.629659 30.439939, -97.62867 30.441519, -97.627722 30.442941, -97.627647 30.443055, -97.627315 30.442905, -97.627124 30.442819, -97.625192 30.441935, -97.62475 30.441743, -97.624038 30.441421, -97.623286 30.441063, -97.622545 30.440715, -97.621836 30.440375, -97.620914 30.439934, -97.620032 30.439493, -97.618999 30.439014, -97.61848 30.438766, -97.618292 30.438676, -97.618168 30.438616, -97.617344 30.438218, -97.616524 30.437841, -97.615166 30.437185, -97.614467 30.436849, -97.614247 30.436748, -97.613931 30.436602, -97.614035 30.436508, -97.61434 30.436034, -97.614577 30.435664, -97.61482 30.435403, -97.61501 30.435231, -97.615217 30.435073, -97.615308 30.435017, -97.615428 30.434952, -97.619408 30.432721, -97.619774 30.432523, -97.620382 30.432195, -97.62124 30.431666, -97.622006 30.431103, -97.622081 30.431048, -97.622436 30.430733, -97.622455 30.430716, -97.622679 30.430518, -97.622716 30.430478, -97.62323 30.42993, -97.623343 30.429986, -97.623486 30.430861, -97.623281 30.430983, -97.622838 30.431791, -97.62315 30.431984, -97.623241 30.432083, -97.623311 30.432255, -97.623391 30.432726, -97.623566 30.433134, -97.623797 30.43356, -97.624003 30.434008, -97.624545 30.433875, -97.624731 30.433887, -97.62488 30.433923, -97.625102 30.434, -97.625285 30.434117, -97.625515 30.434252, -97.625761 30.434399, -97.625728 30.434482, -97.625714 30.434501, -97.625683 30.43456, -97.625676 30.434591, -97.625677 30.43466, -97.625696 30.434718, -97.62573 30.434774, -97.625786 30.434829, -97.625945 30.434943, -97.626119 30.435044, -97.626466 30.435211, -97.626679 30.435323, -97.627018 30.435525, -97.627193 30.435638, -97.627557 30.435807, -97.62777 30.435912, -97.627917 30.435999, -97.628287 30.436193, -97.628357 30.436233, -97.628559 30.436335, -97.628899 30.436516, -97.629011 30.436594, -97.629309 30.436854, -97.629426 30.436983, -97.629531 30.437085, -97.629789 30.437297, -97.629813 30.437326, -97.629833 30.437372, -97.629883 30.437531, -97.629936 30.437613, -97.629981 30.437708, -97.630044 30.437877, -97.630068 30.437963, -97.630068 30.438023, -97.630075 30.438069, -97.630113 30.438128, -97.63014 30.438213, -97.630174 30.438277, -97.630215 30.438322, -97.630436 30.438479, -97.630464 30.438489, -97.630505 30.438508, -97.630576 30.438541))",39.4,1303.0,182761.0,0.0,148.0,1037396.2197438014,0.0012560292540123126
"POLYGON ((-97.686709 30.434902, -97.686335 30.435464, -97.686239 30.435541, -97.686047 30.435714, -97.685581 30.436262, -97.685189 30.436438, -97.684527 30.436815, -97.684339 30.436922, -97.68413 30.437042, -97.684099 30.437, -97.683806 30.436712, -97.682929 30.436031, -97.682872 30.435986, -97.682835 30.435967, -97.682485 30.43576, -97.682237 30.435613, -97.681431 30.435222, -97.681006 30.435076, -97.680573 30.434949, -97.680463 30.434908, -97.680305 30.434884, -97.680049 30.434836, -97.679691 30.434823, -97.679236 30.434797, -97.679067 30.434802, -97.678877 30.434797, -97.678774 30.434808, -97.6785 30.434812, -97.677824 30.434919, -97.677711 30.434944, -97.67731 30.435034, -97.677191 30.435054, -97.67715 30.434924, -97.677141 30.434896, -97.677133 30.434871, -97.677251 30.434835, -97.678014 30.434651, -97.678196 30.43463, -97.678183 30.434504, -97.678178 30.434326, -97.678191 30.434203, -97.67822 30.434093, -97.678251 30.434, -97.678311 30.433855, -97.678355 30.433724, -97.678394 30.433635, -97.678419 30.433562, -97.678429 30.433476, -97.678409 30.433351, -97.678369 30.4332, -97.678339 30.433005, -97.678309 30.432742, -97.678257 30.432465, -97.678242 30.432355, -97.678235 30.432302, -97.678155 30.431793, -97.678146 30.431718, -97.678129 30.431656, -97.678104 30.431592, -97.67807 30.431536, -97.678043 30.431502, -97.677977 30.431439, -97.677932 30.431409, -97.677722 30.431303, -97.677298 30.431108, -97.677211 30.431054, -97.676772 30.430845, -97.676373 30.430643, -97.676203 30.430565, -97.67614 30.430528, -97.676083 30.430486, -97.675619 30.430273, -97.675498 30.4302, -97.675355 30.43013, -97.675285 30.430101, -97.675142 30.430031, -97.675108 30.430015, -97.675016 30.429973, -97.675184 30.429457, -97.675665 30.428353, -97.676548 30.426933, -97.676595 30.426857, -97.679024 30.428065, -97.679667 30.428385, -97.681464 30.429279, -97.684282 30.430607, -97.684327 30.430628, -97.684754 30.430895, -97.685195 30.432291, -97.685307 30.432579, -97.685922 30.434185, -97.685998 30.434384, -97.686062 30.434528, -97.686369 30.434724, -97.686443 30.434772, -97.686568 30.434833, -97.686709 30.434902))",26.2,1234.0,46007.0,43.0,6.0,593270.5704652008,0.0020799953030408783
"POLYGON ((-97.70092 30.430988, -97.700403 30.432379, -97.700205 30.432957, -97.700109 30.433238, -97.699807 30.43408, -97.699749 30.434373, -97.699632 30.435026, -97.699523 30.435659, -97.699203 30.435639, -97.698949 30.435616, -97.698758 30.435599, -97.698699 30.435602, -97.698577 30.435568, -97.698439 30.435511, -97.698411 30.435484, -97.698262 30.435461, -97.698053 30.435356, -97.697914 30.435286, -97.697449 30.435156, -97.697001 30.435121, -97.696813 30.435095, -97.696467 30.435076, -97.69628 30.435047, -97.696098 30.435007, -97.695963 30.434958, -97.695825 30.434902, -97.695697 30.434836, -97.695562 30.43475, -97.695427 30.434651, -97.69512 30.43442, -97.694839 30.434199, -97.694618 30.434077, -97.694397 30.433958, -97.694167 30.433847, -97.69393 30.433787, -97.693847 30.433758, -97.693791 30.433718, -97.693755 30.433675, -97.693705 30.43359, -97.693421 30.433473, -97.693204 30.433444, -97.692996 30.43339, -97.692267 30.433023, -97.691928 30.432822, -97.691613 30.432616, -97.691252 30.432427, -97.691223 30.432413, -97.690487 30.432052, -97.690106 30.432613, -97.690002 30.432765, -97.689948 30.432845, -97.689886 30.4329, -97.689818 30.432943, -97.689735 30.432978, -97.68965 30.433, -97.689536 30.433009, -97.689448 30.433, -97.689362 30.432979, -97.688861 30.432759, -97.687836 30.432302, -97.687693 30.432238, -97.687608 30.4322, -97.686725 30.431796, -97.686064 30.431494, -97.684754 30.430895, -97.684327 30.430628, -97.684282 30.430607, -97.681464 30.429279, -97.679667 30.428385, -97.679024 30.428065, -97.679299 30.428166, -97.679502 30.428228, -97.679716 30.42829, -97.679997 30.428353, -97.680295 30.428402, -97.680561 30.428428, -97.680965 30.428446, -97.68122 30.428447, -97.681542 30.428447, -97.681802 30.428427, -97.682108 30.428393, -97.682408 30.428344, -97.682777 30.428255, -97.683269 30.428132, -97.683818 30.427965, -97.684431 30.427808, -97.684677 30.427753, -97.685004 30.427713, -97.685184 30.427708, -97.685422 30.427708, -97.685656 30.427718, -97.685902 30.427747, -97.686202 30.427789, -97.686645 30.427872, -97.68731 30.42797, -97.687708 30.428027, -97.688164 30.428097, -97.688836 30.428197, -97.689063 30.428246, -97.689474 30.428298, -97.689691 30.428336, -97.69009 30.428409, -97.690626 30.428519, -97.691409 30.428685, -97.692383 30.428894, -97.692704 30.428964, -97.693923 30.429225, -97.695301 30.429528, -97.695425 30.429556, -97.69675 30.429829, -97.698001 30.430106, -97.698295 30.430172, -97.698755 30.430274, -97.698958 30.430319, -97.699528 30.430482, -97.70031 30.430669, -97.700488 30.430711, -97.700626 30.430702, -97.700999 30.430773, -97.70092 30.430988))",38.7,2345.0,128653.0,28.0,53.0,813260.841748479,0.0028834537206517182
"POLYGON ((-97.674619 30.408499, -97.674388 30.409712, -97.674135 30.411109, -97.673939 30.412027, -97.673477 30.414514, -97.67333 30.415291, -97.673125 30.41638, -97.672797 30.418002, -97.672637 30.418931, -97.672417 30.420101, -97.67241 30.420165, -97.672395 30.420219, -97.672174 30.421386, -97.67201 30.422248, -97.671817 30.423246, -97.671704 30.423876, -97.671618 30.424301, -97.671594 30.424418, -97.671425 30.424351, -97.671182 30.424312, -97.671086 30.424288, -97.670696 30.424184, -97.670426 30.4241, -97.67015 30.424011, -97.669855 30.423888, -97.668734 30.423335, -97.667631 30.42279, -97.665768 30.421822, -97.665009 30.421454, -97.663495 30.420723, -97.663061 30.420513, -97.662677 30.42033, -97.66253 30.420254, -97.662277 30.42013, -97.662013 30.420007, -97.661788 30.419891, -97.661379 30.41971, -97.660915 30.419504, -97.660777 30.419441, -97.660705 30.419409, -97.660271 30.419181, -97.659711 30.418921, -97.659271 30.418701, -97.65902 30.41857, -97.658772 30.418405, -97.658676 30.41832, -97.65855 30.418225, -97.658419 30.418127, -97.657759 30.41762, -97.656861 30.416944, -97.656569 30.416704, -97.656392 30.416535, -97.656252 30.416374, -97.655845 30.415887, -97.655659 30.415657, -97.655607 30.415589, -97.655561 30.415529, -97.655445 30.415392, -97.654924 30.414745, -97.654765 30.414554, -97.654602 30.414397, -97.65456 30.414355, -97.654431 30.41423, -97.654186 30.41408, -97.654072 30.414011, -97.653874 30.41391, -97.653459 30.413702, -97.652953 30.413447, -97.651993 30.412964, -97.651826 30.412881, -97.651489 30.412719, -97.651472 30.412707, -97.651151 30.412511, -97.65095 30.412356, -97.650742 30.412181, -97.65059 30.412016, -97.650506 30.411907, -97.650451 30.411803, -97.6501 30.411152, -97.649594 30.410458, -97.649265 30.410086, -97.649087 30.409924, -97.648766 30.40971, -97.648578 30.409603, -97.648655 30.409485, -97.648733 30.409389, -97.648702 30.409321, -97.648828 30.40903, -97.649198 30.408421, -97.649482 30.408, -97.649518 30.40795, -97.650078 30.407051, -97.650439 30.406568, -97.650776 30.406242, -97.651122 30.405957, -97.651583 30.405667, -97.652124 30.4054, -97.652627 30.405241, -97.652785 30.405191, -97.652905 30.405156, -97.654038 30.404869, -97.654418 30.404763, -97.654683 30.404684, -97.65497 30.404581, -97.655258 30.404444, -97.655496 30.404326, -97.655758 30.404161, -97.655948 30.404004, -97.656143 30.403785, -97.65636 30.40352, -97.656695 30.403091, -97.65722 30.402358, -97.657337 30.402159, -97.657521 30.402258, -97.658414 30.402714, -97.661347 30.404126, -97.66267 30.404763, -97.663105 30.404928, -97.663241 30.404966, -97.663858 30.405141, -97.664027 30.405162, -97.664064 30.405166, -97.665777 30.405243, -97.66604 30.405247, -97.668467 30.40545, -97.668809 30.405554, -97.669049 30.405627, -97.669529 30.405794, -97.670029 30.406029, -97.6702 30.406117, -97.670663 30.406356, -97.671675 30.406845, -97.672299 30.407102, -97.672756 30.407326, -97.673212 30.407523, -97.673811 30.407798, -97.673951 30.407863, -97.674468 30.407951, -97.674512 30.407958, -97.674716 30.407991, -97.674619 30.408499))",32.4,1696.0,84267.0,53.0,0.0,3535590.152877646,0.0004796936088928779
"POLYGON ((-97.861156 30.208182, -97.86007 30.209441, -97.859768 30.209794, -97.859355 30.210212, -97.858906 30.210762, -97.858594 30.211052, -97.857909 30.211647, -97.857529 30.212044, -97.857498 30.212087, -97.857328 30.212249, -97.856367 30.213001, -97.855308 30.213808, -97.85503 30.214034, -97.854312 30.214504, -97.853697 30.21489, -97.853201 30.215209, -97.852617 30.215555, -97.851968 30.215941, -97.851755 30.216055, -97.851558 30.21615, -97.851225 30.21629, -97.850979 30.216387, -97.850754 30.216465, -97.850477 30.216545, -97.850067 30.21664, -97.849934 30.216669, -97.84973 30.216706, -97.849145 30.216769, -97.848809 30.216785, -97.848577 30.216783, -97.848116 30.216771, -97.848313 30.21649, -97.848413 30.216413, -97.848555 30.216153, -97.848598 30.216073, -97.848672 30.216053, -97.848777 30.215994, -97.848883 30.215917, -97.849038 30.215788, -97.850373 30.214568, -97.850952 30.213985, -97.851777 30.213168, -97.852109 30.21269, -97.852564 30.211989, -97.853938 30.209838, -97.854798 30.208474, -97.855656 30.207137, -97.85465 30.20665, -97.854529 30.206629, -97.854408 30.206632, -97.854261 30.206651, -97.854155 30.206677, -97.854025 30.206385, -97.853939 30.206309, -97.853835 30.20625, -97.853394 30.206038, -97.853218 30.205971, -97.853035 30.205868, -97.852866 30.205729, -97.852778 30.205613, -97.852701 30.20548, -97.851429 30.206002, -97.850899 30.205304, -97.850457 30.204721, -97.849042 30.203937, -97.848213 30.203544, -97.847385 30.203138, -97.845608 30.202308, -97.845281 30.202159, -97.845501 30.201778, -97.845839 30.201471, -97.846407 30.200935, -97.8475 30.199265, -97.847899 30.198868, -97.848797 30.197739, -97.849049 30.197262, -97.851712 30.198513, -97.851883 30.198588, -97.852286 30.198767, -97.854097 30.199635, -97.854156 30.199671, -97.854472 30.199815, -97.855175 30.200152, -97.85607 30.200583, -97.856269 30.200694, -97.856496 30.200841, -97.856532 30.200864, -97.856579 30.200887, -97.85674 30.201014, -97.856883 30.201138, -97.857033 30.201286, -97.857135 30.201398, -97.857185 30.20146, -97.857441 30.201743, -97.857461 30.201771, -97.857494 30.201803, -97.857636 30.201966, -97.857778 30.202164, -97.857908 30.202376, -97.857977 30.202507, -97.858062 30.20269, -97.858534 30.203922, -97.858545 30.203951, -97.858557 30.203985, -97.858952 30.205061, -97.85904 30.205303, -97.859057 30.205339, -97.859071 30.205383, -97.859497 30.206463, -97.860047 30.207255, -97.860376 30.207638, -97.860444 30.207699, -97.860851 30.208002, -97.860991 30.208089, -97.861156 30.208182))",46.2,1637.0,105968.0,43.0,38.0,1289458.2011041157,0.0012695254476634426
"POLYGON ((-97.74948 30.151215, -97.74947 30.151232, -97.749043 30.151958, -97.747908 30.153777, -97.747081 30.153399, -97.746989 30.153357, -97.74676 30.153254, -97.74641 30.153095, -97.74629 30.15304, -97.745489 30.15269, -97.744616 30.154045, -97.744144 30.154843, -97.744074 30.154942, -97.743576 30.155812, -97.743592 30.15632, -97.743638 30.156466, -97.743692 30.1567, -97.743711 30.156943, -97.743706 30.157214, -97.743663 30.157687, -97.742913 30.157657, -97.742007 30.15762, -97.741687 30.157595, -97.741474 30.157557, -97.741339 30.157517, -97.740589 30.157207, -97.739879 30.156854, -97.739169 30.156527, -97.738282 30.15608, -97.737423 30.15571, -97.73652 30.155315, -97.736018 30.155019, -97.736181 30.154791, -97.736476 30.154379, -97.736848 30.153748, -97.736962 30.153646, -97.73705 30.153582, -97.737155 30.153521, -97.737199 30.1535, -97.737302 30.153458, -97.737385 30.153432, -97.737557 30.153394, -97.737721 30.153381, -97.737835 30.153383, -97.738035 30.153412, -97.73812 30.153433, -97.738319 30.153503, -97.738485 30.153586, -97.738885 30.152923, -97.739114 30.152559, -97.739292 30.152278, -97.73935 30.152104, -97.739382 30.152009, -97.739445 30.151907, -97.739527 30.151768, -97.739563 30.151708, -97.739589 30.151662, -97.739599 30.151648, -97.739718 30.151476, -97.739758 30.151418, -97.7398 30.151359, -97.739932 30.151169, -97.739978 30.151103, -97.740026 30.151035, -97.740075 30.150965, -97.740169 30.150827, -97.740216 30.150759, -97.740246 30.150714, -97.74026 30.150691, -97.740303 30.150626, -97.740384 30.150501, -97.740423 30.15044, -97.740462 30.150383, -97.740499 30.150329, -97.740564 30.150231, -97.740594 30.150183, -97.740693 30.150021, -97.740712 30.149979, -97.740734 30.149935, -97.740757 30.149891, -97.740804 30.149791, -97.740828 30.149741, -97.740849 30.14969, -97.74087 30.149638, -97.74089 30.149591, -97.740923 30.149507, -97.740936 30.149461, -97.740946 30.149414, -97.74098 30.149261, -97.741033 30.148989, -97.741081 30.148755, -97.74111 30.148632, -97.741539 30.146976, -97.742046 30.147042, -97.742382 30.147122, -97.742608 30.147195, -97.742839 30.147303, -97.743845 30.147765, -97.74538 30.148452, -97.74555 30.148506, -97.745737 30.148557, -97.74665 30.148771, -97.746497 30.149219, -97.746749 30.149251, -97.747087 30.149293, -97.747169 30.149315, -97.747226 30.149331, -97.747292 30.149351, -97.74744 30.149393, -97.747524 30.149419, -97.749912 30.150513, -97.74948 30.151215))",46.2,2007.0,79514.0,38.0,15.0,751426.885999001,0.002670918538310949
"POLYGON ((-97.649529 30.459124, -97.64951 30.459154, -97.649407 30.459324, -97.649253 30.459555, -97.64921 30.459634, -97.649155 30.459723, -97.649111 30.459789, -97.64908 30.459835, -97.649068 30.459853, -97.649017 30.459949, -97.648806 30.460226, -97.648748 30.460296, -97.648392 30.460647, -97.648299 30.460728, -97.648155 30.460835, -97.648037 30.460752, -97.647962 30.460689, -97.647899 30.460623, -97.647857 30.46059, -97.64782 30.460573, -97.647767 30.460565, -97.647709 30.460569, -97.647683 30.460578, -97.647647 30.460609, -97.647603 30.460689, -97.64758 30.460704, -97.647534 30.460701, -97.64743 30.460676, -97.647387 30.460637, -97.647336 30.460623, -97.64728 30.460617, -97.647137 30.46061, -97.6469 30.460615, -97.646849 30.460599, -97.646765 30.460553, -97.646465 30.460268, -97.646418 30.460243, -97.646342 30.460226, -97.646225 30.460217, -97.646099 30.460223, -97.646043 30.460216, -97.645998 30.460195, -97.645787 30.459984, -97.645761 30.45997, -97.64562 30.459931, -97.645523 30.459923, -97.645471 30.459911, -97.645389 30.45988, -97.645332 30.459845, -97.645265 30.45979, -97.645163 30.459733, -97.644937 30.459643, -97.644687 30.459528, -97.644613 30.459486, -97.6444 30.459401, -97.644313 30.459338, -97.644205 30.459275, -97.644136 30.459245, -97.644005 30.4592, -97.643645 30.459042, -97.643517 30.458992, -97.643088 30.458807, -97.643008 30.458763, -97.642946 30.458726, -97.642861 30.458672, -97.642824 30.45864, -97.642786 30.458601, -97.642771 30.458582, -97.642744 30.458542, -97.642688 30.458441, -97.642631 30.458334, -97.642606 30.458279, -97.642586 30.458222, -97.642574 30.458176, -97.64257 30.458154, -97.642568 30.458132, -97.642566 30.458092, -97.642566 30.45805, -97.642569 30.458007, -97.642577 30.457976, -97.642591 30.457957, -97.642613 30.457942, -97.642704 30.457891, -97.642777 30.457853, -97.642812 30.457832, -97.642828 30.457818, -97.642841 30.457802, -97.642853 30.457784, -97.64286 30.457767, -97.642865 30.457748, -97.642869 30.457727, -97.64287 30.4577, -97.642869 30.457675, -97.642866 30.457651, -97.64286 30.457629, -97.642852 30.457608, -97.64284 30.457589, -97.642824 30.45757, -97.642804 30.457554, -97.642781 30.45754, -97.642749 30.457523, -97.642691 30.457498, -97.642663 30.457488, -97.642545 30.457451, -97.642486 30.45743, -97.642433 30.457409, -97.642396 30.45739, -97.642373 30.457373, -97.642353 30.457351, -97.642315 30.457299, -97.642277 30.457258, -97.642241 30.457225, -97.64222 30.457211, -97.642195 30.457197, -97.642167 30.457184, -97.642089 30.457154, -97.642021 30.457133, -97.641945 30.457118, -97.641904 30.457112, -97.641865 30.457108, -97.641828 30.457107, -97.641754 30.457108, -97.64169 30.457112, -97.641604 30.457125, -97.641576 30.457128, -97.641524 30.457131, -97.641467 30.457131, -97.641436 30.457129, -97.641373 30.45712, -97.641342 30.457114, -97.641309 30.457106, -97.641279 30.457097, -97.64125 30.457087, -97.641223 30.457076, -97.641194 30.457063, -97.641163 30.457058, -97.641126 30.45703, -97.641085 30.457005, -97.641042 30.456982, -97.641014 30.456939, -97.640976 30.456883, -97.64096 30.456869, -97.640937 30.456851, -97.640886 30.456832, -97.640834 30.456812, -97.640734 30.45677, -97.640693 30.456754, -97.640657 30.456743, -97.640623 30.456735, -97.640591 30.45673, -97.640529 30.456726, -97.640429 30.456724, -97.640306 30.456723, -97.640191 30.456729, -97.640104 30.456746, -97.640053 30.456761, -97.639932 30.456804, -97.639791 30.456866, -97.639664 30.456906, -97.639552 30.456967, -97.639507 30.45698, -97.639461 30.456984, -97.639406 30.456976, -97.639348 30.456958, -97.639276 30.456925, -97.639164 30.456856, -97.639108 30.456816, -97.639053 30.456774, -97.638907 30.45666, -97.638831 30.456613, -97.638701 30.456544, -97.638495 30.456431, -97.638371 30.45637, -97.638101 30.456218, -97.638035 30.456174, -97.637858 30.456029, -97.637777 30.455978, -97.637553 30.455876, -97.637495 30.455862, -97.637387 30.455818, -97.637361 30.455813, -97.637225 30.455796, -97.637089 30.455785, -97.636932 30.45576, -97.636609 30.455723, -97.636492 30.455686, -97.636356 30.455628, -97.636219 30.455587, -97.636071 30.455528, -97.635958 30.455484, -97.636002 30.455415, -97.636429 30.454673, -97.636553 30.45431, -97.636626 30.454003, -97.636704 30.453418, -97.63706 30.452458, -97.637502 30.451718, -97.638029 30.450838, -97.638551 30.450041, -97.638994 30.449361, -97.639133 30.449003, -97.639236 30.44868, -97.639265 30.44838, -97.639265 30.448168, -97.639149 30.447439, -97.640542 30.447203, -97.642113 30.446957, -97.646607 30.446228, -97.648266 30.445971, -97.648371 30.446612, -97.648421 30.447259, -97.648344 30.44759, -97.64826 30.447784, -97.647525 30.448901, -97.647294 30.449293, -97.646071 30.451159, -97.645948 30.451357, -97.645658 30.451806, -97.645603 30.451889, -97.645387 30.452316, -97.64536 30.452491, -97.645391 30.452982, -97.645653 30.453731, -97.646586 30.453506, -97.64689 30.453532, -97.647348 30.453727, -97.647735 30.453936, -97.648172 30.454175, -97.647831 30.454638, -97.647644 30.454859, -97.647403 30.455011, -97.647163 30.455104, -97.646855 30.455195, -97.644712 30.455702, -97.644777 30.456106, -97.64483 30.456374, -97.644981 30.456662, -97.645293 30.45688, -97.646076 30.4573, -97.646479 30.457507, -97.649551 30.459089, -97.649529 30.459124))",54.1,1282.0,39522.0,35.0,0.0,1125166.520104543,0.0011393869059318305
"POLYGON ((-97.710703 30.27591, -97.710016 30.277608, -97.708578 30.281165, -97.7085 30.281336, -97.708497 30.281826, -97.708166 30.28188, -97.708058 30.281897, -97.707717 30.281961, -97.707001 30.282065, -97.705553 30.282296, -97.703945 30.282572, -97.703036 30.281153, -97.702117 30.279734, -97.701715 30.279019, -97.701241 30.278297, -97.700825 30.277592, -97.700329 30.276862, -97.700948 30.276771, -97.702337 30.276567, -97.702779 30.276489, -97.702888 30.276472, -97.703645 30.276355, -97.703992 30.27631, -97.70431 30.276245, -97.707722 30.275704, -97.70824 30.27563, -97.710055 30.275341, -97.710096 30.275335, -97.711 30.275175, -97.710703 30.27591))",39.1,1421.0,156083.0,79.0,20.0,500903.9414245906,0.0028368712690872823
"POLYGON ((-97.769005 30.277135, -97.768888 30.277296, -97.768827 30.277381, -97.768774 30.277453, -97.768607 30.277677, -97.768127 30.278308, -97.768066 30.278387, -97.76805 30.27842, -97.767371 30.279404, -97.767335 30.279461, -97.767294 30.279529, -97.766941 30.280125, -97.765725 30.282603, -97.765292 30.283455, -97.76515 30.283722, -97.765076 30.283839, -97.764446 30.283452, -97.762465 30.282505, -97.761384 30.281988, -97.760624 30.281577, -97.758816 30.280701, -97.75912 30.280226, -97.759423 30.279792, -97.75968 30.279454, -97.759898 30.279103, -97.760015 30.27888, -97.760298 30.278476, -97.760857 30.277604, -97.761044 30.277355, -97.761376 30.276801, -97.762639 30.274827, -97.763567 30.275277, -97.763854 30.275456, -97.764053 30.275652, -97.76422 30.275769, -97.765186 30.276278, -97.76625 30.276788, -97.766462 30.276817, -97.766637 30.276824, -97.766886 30.27679, -97.767078 30.276743, -97.76715 30.276725, -97.767209 30.276711, -97.767357 30.276679, -97.767429 30.276663, -97.767471 30.276662, -97.767746 30.276653, -97.76814 30.276736, -97.768296 30.276769, -97.768428 30.276801, -97.76857 30.276834, -97.768711 30.276868, -97.768862 30.276904, -97.769139 30.276963, -97.769005 30.277135))",37.5,958.0,61273.0,31.0,152.0,503604.32991525537,0.001902287059686736
"POLYGON ((-97.741273 30.233771, -97.740861 30.234475, -97.740233 30.235549, -97.738654 30.238242, -97.738416 30.238649, -97.738391 30.238692, -97.738212 30.238976, -97.737484 30.240135, -97.737023 30.24088, -97.736871 30.240816, -97.736472 30.240635, -97.736379 30.240556, -97.736338 30.240492, -97.73631 30.240417, -97.736212 30.240079, -97.73604 30.239762, -97.735238 30.239251, -97.733544 30.238438, -97.732948 30.238195, -97.734078 30.236571, -97.734548 30.235967, -97.735062 30.235213, -97.735812 30.234045, -97.736888 30.232315, -97.738011 30.232778, -97.73939 30.233298, -97.74001 30.233475, -97.740427 30.233594, -97.741067 30.233728, -97.741273 30.233771))",36.0,855.0,55268.0,24.0,24.0,367559.1928096255,0.002326155940936677
"POLYGON ((-97.68007 30.306478, -97.679542 30.307322, -97.67855 30.307787, -97.678365 30.307831, -97.678245 30.30785, -97.677091 30.307959, -97.676184 30.308054, -97.676128 30.308074, -97.673969 30.307991, -97.673467 30.307967, -97.673034 30.307985, -97.672023 30.308214, -97.670766 30.308532, -97.669324 30.308912, -97.669063 30.308986, -97.669972 30.306401, -97.670155 30.305824, -97.670338 30.3053, -97.672611 30.301598, -97.673206 30.300629, -97.674647 30.301367, -97.675147 30.301623, -97.675779 30.301928, -97.675803 30.30194, -97.675959 30.302013, -97.676786 30.3024, -97.677521 30.302762, -97.679057 30.303489, -97.679633 30.303769, -97.681313 30.304584, -97.68007 30.306478))",35.4,1386.0,55227.0,0.0,23.0,604761.9485365857,0.002291810857733144
"POLYGON ((-97.730291 30.319607, -97.729393 30.321087, -97.72882 30.322011, -97.728252 30.322948, -97.72665 30.322146, -97.725828 30.321752, -97.723512 30.320635, -97.723399 30.320608, -97.72331 30.320579, -97.72113 30.319552, -97.721339 30.319207, -97.720517 30.318764, -97.721186 30.317708, -97.721899 30.316639, -97.722577 30.315543, -97.72287 30.315682, -97.723452 30.315949, -97.725141 30.316292, -97.725486 30.316343, -97.726311 30.316753, -97.728462 30.31763, -97.730818 30.318694, -97.730291 30.319607))",39.0,1007.0,85214.0,26.0,86.0,434571.0972753443,0.002317227276074379
"POLYGON ((-97.715443 30.284889, -97.714186 30.285092, -97.713056 30.285253, -97.712484 30.285329, -97.712092 30.285398, -97.711144 30.285541, -97.710202 30.285667, -97.708931 30.285873, -97.708559 30.285939, -97.708016 30.286035, -97.707786 30.286069, -97.70648 30.28624, -97.706374 30.286254, -97.706326 30.286263, -97.706313 30.286265, -97.706293 30.286215, -97.705794 30.285364, -97.705723 30.285243, -97.705481 30.284946, -97.705285 30.284582, -97.704859 30.283919, -97.704415 30.283244, -97.703945 30.282572, -97.705553 30.282296, -97.707001 30.282065, -97.707717 30.281961, -97.708058 30.281897, -97.708166 30.28188, -97.708497 30.281826, -97.708531 30.281821, -97.709458 30.281705, -97.711537 30.281404, -97.712439 30.281238, -97.713371 30.281098, -97.714288 30.280957, -97.714568 30.281736, -97.714902 30.28251, -97.715053 30.282903, -97.715252 30.283887, -97.715443 30.284889))",41.0,728.0,68608.0,26.0,0.0,427986.32159730216,0.0017009889411488822
"POLYGON ((-97.728937 30.336607, -97.728473 30.337383, -97.727934 30.338229, -97.727395 30.339099, -97.726969 30.33977, -97.726471 30.340521, -97.723787 30.339219, -97.723454 30.33905, -97.723269 30.338951, -97.723093 30.338837, -97.72292 30.338708, -97.722739 30.338555, -97.722561 30.338377, -97.722366 30.338152, -97.722289 30.338055, -97.722198 30.337994, -97.721495 30.33765, -97.719555 30.336702, -97.720165 30.335683, -97.721241 30.333999, -97.722397 30.334537, -97.722903 30.333755, -97.723373 30.332965, -97.725361 30.333905, -97.726046 30.334229, -97.729373 30.335843, -97.728937 30.336607))",34.3,1189.0,128214.0,143.0,108.0,422788.9339592217,0.0028122779583315202
"POLYGON ((-97.688769 30.27617, -97.687021 30.278983, -97.685801 30.280878, -97.685331 30.281765, -97.684786 30.282521, -97.684266 30.283327, -97.683717 30.284176, -97.683286 30.284861, -97.682628 30.285862, -97.678834 30.286215, -97.677848 30.286319, -97.677827 30.286321, -97.677311 30.286393, -97.676403 30.286467, -97.675129 30.286567, -97.673957 30.286683, -97.672506 30.286809, -97.671515 30.286718, -97.67047 30.286465, -97.669407 30.286311, -97.670765 30.284249, -97.671733 30.283912, -97.67421 30.283185, -97.675673 30.282808, -97.676648 30.282498, -97.677606 30.281784, -97.678438 30.281138, -97.679036 30.28068, -97.679355 30.280436, -97.679943 30.280135, -97.680794 30.279823, -97.681901 30.279749, -97.682435 30.279606, -97.682867 30.279368, -97.685082 30.278099, -97.685455 30.277815, -97.686247 30.277406, -97.6872 30.276913, -97.687727 30.276632, -97.688769 30.27617))",46.2,1518.0,75909.0,56.0,35.0,792474.253376295,0.0019155196443703258
"POLYGON ((-97.742231 30.203867, -97.741589 30.204935, -97.741281 30.205451, -97.740551 30.206667, -97.740444 30.206848, -97.737288 30.20533, -97.736275 30.204843, -97.735219 30.204358, -97.734427 30.203994, -97.733378 30.203478, -97.733158 30.202992, -97.733088 30.202837, -97.733074 30.202806, -97.733199 30.202358, -97.734275 30.200534, -97.735407 30.198706, -97.735637 30.198324, -97.736207 30.197383, -97.736421 30.197057, -97.736773 30.19652, -97.736987 30.196193, -97.737268 30.195765, -97.737545 30.19535, -97.737783 30.194995, -97.737913 30.194784, -97.738857 30.193254, -97.738965 30.193305, -97.739666 30.19363, -97.740423 30.193932, -97.740985 30.194027, -97.741103 30.194033, -97.741109 30.194347, -97.741095 30.194479, -97.741172 30.194846, -97.741187 30.195207, -97.741134 30.195566, -97.740634 30.196419, -97.740201 30.197068, -97.73978 30.197755, -97.741177 30.198441, -97.739785 30.200745, -97.740556 30.201008, -97.741828 30.201592, -97.742063 30.201592, -97.742096 30.201592, -97.742098 30.201676, -97.742231 30.203867))",36.9,2074.0,24821.0,80.0,22.0,727462.8965998049,0.002851004511287066
"POLYGON ((-97.780862 30.248909, -97.780383 30.249661, -97.779986 30.250239, -97.779604 30.250847, -97.779511 30.251203, -97.779056 30.252052, -97.77847 30.252879, -97.777043 30.254729, -97.776018 30.254186, -97.775725 30.254029, -97.775489 30.253934, -97.775176 30.253861, -97.773272 30.252963, -97.773456 30.252631, -97.774808 30.25062, -97.77528 30.249887, -97.775446 30.249604, -97.775844 30.249042, -97.776207 30.248478, -97.776614 30.247848, -97.777183 30.246924, -97.778115 30.246489, -97.778682 30.246156, -97.779427 30.246754, -97.780502 30.247565, -97.781282 30.248268, -97.780862 30.248909))",46.4,465.0,115847.0,54.0,0.0,362893.78492605954,0.0012813666679211517
"POLYGON ((-97.768259 30.2967, -97.767459 30.297941, -97.76699 30.298688, -97.766397 30.299548, -97.765905 30.300366, -97.765336 30.30127, -97.764503 30.302554, -97.764378 30.302758, -97.764306 30.303034, -97.764346 30.303395, -97.758869 30.300934, -97.758865 30.300835, -97.758836 30.300444, -97.758604 30.300398, -97.758452 30.300407, -97.758259 30.300424, -97.758231 30.300425, -97.758066 30.300428, -97.758037 30.300045, -97.758003 30.299712, -97.757994 30.299313, -97.758004 30.29909, -97.75803 30.298838, -97.758081 30.298234, -97.758608 30.296264, -97.758905 30.295126, -97.759144 30.294215, -97.759692 30.292469, -97.759816 30.292138, -97.759841 30.292083, -97.76 30.292165, -97.760021 30.292174, -97.7602 30.292254, -97.760492 30.292383, -97.760701 30.292472, -97.760958 30.292582, -97.761172 30.292661, -97.761272 30.292688, -97.762 30.292883, -97.762809 30.293087, -97.763775 30.29334, -97.76428 30.293463, -97.765243 30.293773, -97.76574 30.294273, -97.766077 30.294615, -97.766826 30.295395, -97.76728 30.295833, -97.767528 30.296044, -97.768259 30.2967))",39.6,1409.0,250001.0,7.0,21.0,769228.6083096606,0.0018317051456214083
"POLYGON ((-97.704271 30.313652, -97.703562 30.314198, -97.702849 30.31477, -97.702144 30.315269, -97.701535 30.315813, -97.700154 30.315086, -97.699214 30.314739, -97.69803 30.314261, -97.696574 30.313433, -97.694801 30.312561, -97.694798 30.311716, -97.694092 30.311468, -97.694543 30.310737, -97.695046 30.309945, -97.695498 30.309187, -97.695971 30.308487, -97.696447 30.307759, -97.696882 30.30705, -97.697345 30.306342, -97.698065 30.306679, -97.699035 30.307119, -97.699846 30.307502, -97.700603 30.307861, -97.69994 30.308409, -97.699353 30.309062, -97.701967 30.31029, -97.701559 30.310948, -97.703398 30.311929, -97.704251 30.312499, -97.704955 30.313097, -97.704271 30.313652))",40.2,1348.0,148884.0,20.0,9.0,537406.528030959,0.0025083431809788965
"POLYGON ((-97.733085 30.301291, -97.73272 30.30188, -97.731965 30.30305, -97.731243 30.304205, -97.730539 30.305288, -97.729836 30.306423, -97.729095 30.307577, -97.72839 30.308633, -97.727983 30.308454, -97.727955 30.30844, -97.727442 30.30819, -97.726496 30.307708, -97.725594 30.30728, -97.725055 30.307072, -97.724899 30.307029, -97.724753 30.307011, -97.724607 30.306998, -97.724676 30.306883, -97.724915 30.306461, -97.726114 30.304676, -97.726586 30.303891, -97.726792 30.303523, -97.727095 30.303058, -97.727615 30.302246, -97.726624 30.301784, -97.726342 30.301643, -97.725798 30.301379, -97.724202 30.300624, -97.724179 30.300615, -97.722386 30.299682, -97.722637 30.298581, -97.722946 30.297267, -97.723134 30.296585, -97.723143 30.296542, -97.723286 30.295792, -97.723412 30.295638, -97.724418 30.296159, -97.726779 30.297252, -97.727229 30.297462, -97.727282 30.297486, -97.728117 30.297868, -97.728537 30.298082, -97.728929 30.298233, -97.729778 30.298707, -97.730745 30.299175, -97.730929 30.299283, -97.731571 30.29958, -97.73214 30.299864, -97.732609 30.300104, -97.733548 30.30053, -97.733085 30.301291))",33.7,1592.0,113790.0,128.0,254.0,707520.9157258278,0.0022501101587460597
"POLYGON ((-97.731291 30.257626, -97.730893 30.25841, -97.730596 30.259193, -97.728666 30.258518, -97.726637 30.257831, -97.72461 30.257132, -97.725024 30.256208, -97.725457 30.255304, -97.725859 30.25441, -97.726294 30.25352, -97.72825 30.254206, -97.730283 30.254935, -97.729899 30.255771, -97.729733 30.256186, -97.731604 30.256829, -97.731291 30.257626))",43.5,588.0,127788.0,0.0,0.0,234640.94841075188,0.0025059564580802566
"POLYGON ((-97.826977 30.313098, -97.826924 30.313537, -97.826865 30.31384, -97.826824 30.314027, -97.826768 30.314197, -97.826727 30.314358, -97.826639 30.314577, -97.826608 30.314678, -97.826599 30.314705, -97.826523 30.314866, -97.826207 30.31543, -97.826164 30.315505, -97.826097 30.315591, -97.825594 30.316206, -97.825539 30.316266, -97.825333 30.316487, -97.825079 30.316711, -97.824665 30.317021, -97.82439 30.317214, -97.824207 30.317304, -97.821654 30.31866, -97.821601 30.318688, -97.820625 30.319204, -97.817342 30.32092, -97.81628 30.321474, -97.816107 30.321566, -97.815828 30.321716, -97.815513 30.321894, -97.815307 30.322044, -97.81514 30.322165, -97.814944 30.322326, -97.81469 30.322549, -97.814551 30.322681, -97.814494 30.322741, -97.814397 30.322852, -97.81432 30.322932, -97.81415 30.323141, -97.814064 30.323247, -97.812849 30.325146, -97.811333 30.327517, -97.811239 30.32765, -97.811158 30.32779, -97.810324 30.329094, -97.80942 30.330507, -97.808212 30.332399, -97.806974 30.334333, -97.806427 30.335189, -97.806356 30.335305, -97.806242 30.335252, -97.806131 30.335208, -97.806102 30.335193, -97.805896 30.335084, -97.804976 30.334636, -97.804751 30.334527, -97.804562 30.334468, -97.804387 30.334442, -97.804255 30.334451, -97.802975 30.334357, -97.802839 30.334343, -97.802699 30.334318, -97.802519 30.334266, -97.802334 30.334196, -97.802107 30.334034, -97.801876 30.333848, -97.801582 30.333593, -97.801416 30.333437, -97.801156 30.333191, -97.800895 30.332946, -97.800514 30.332804, -97.800306 30.332761, -97.800104 30.332757, -97.800059 30.332759, -97.799888 30.332769, -97.799581 30.332849, -97.799299 30.333008, -97.798988 30.333252, -97.798637 30.333757, -97.797696 30.334781, -97.797195 30.335227, -97.796943 30.335336, -97.796904 30.335353, -97.796687 30.335371, -97.796463 30.335389, -97.796027 30.335232, -97.794445 30.334436, -97.793085 30.333746, -97.792983 30.333694, -97.792474 30.333314, -97.792106 30.333039, -97.791164 30.332484, -97.790165 30.331766, -97.79046 30.33096, -97.790523 30.330706, -97.790624 30.329778, -97.790884 30.328658, -97.790994 30.328132, -97.790905 30.327352, -97.790947 30.327023, -97.791077 30.326668, -97.791517 30.325885, -97.79184 30.325528, -97.792271 30.325234, -97.793108 30.324866, -97.793509 30.324659, -97.793823 30.324426, -97.793893 30.324314, -97.794023 30.324108, -97.794147 30.323863, -97.7942 30.32376, -97.794247 30.323645, -97.79437 30.323309, -97.794393 30.323211, -97.79443 30.323124, -97.794509 30.322765, -97.794554 30.322474, -97.794607 30.322164, -97.794633 30.322002, -97.794366 30.321334, -97.794136 30.320939, -97.793171 30.319438, -97.792932 30.318836, -97.792869 30.318392, -97.792899 30.317848, -97.792961 30.31757, -97.793207 30.31687, -97.793607 30.315522, -97.793786 30.314873, -97.793976 30.314473, -97.794728 30.313305, -97.795304 30.312442, -97.795804 30.311671, -97.796099 30.311243, -97.796194 30.311106, -97.796569 30.310531, -97.796913 30.309965, -97.79715 30.309447, -97.797303 30.308802, -97.797531 30.308454, -97.796938 30.307614, -97.796656 30.307277, -97.796497 30.307153, -97.79596 30.306687, -97.795697 30.306401, -97.795549 30.306259, -97.795464 30.30615, -97.795399 30.306038, -97.795328 30.305893, -97.795239 30.305672, -97.795171 30.305444, -97.795115 30.305149, -97.795098 30.305004, -97.795115 30.304845, -97.795139 30.30473, -97.795152 30.304705, -97.795218 30.304585, -97.795349 30.304553, -97.795478 30.304497, -97.79562 30.304422, -97.79568 30.30438, -97.795779 30.304281, -97.795865 30.304175, -97.795937 30.304059, -97.795977 30.303909, -97.795998 30.303785, -97.795998 30.303679, -97.795971 30.303549, -97.795909 30.303428, -97.79583 30.303316, -97.795736 30.303212, -97.79559 30.303053, -97.795652 30.303027, -97.795834 30.302947, -97.795895 30.302937, -97.79599 30.302928, -97.796113 30.302947, -97.796303 30.303003, -97.796477 30.30307, -97.796544 30.303105, -97.796716 30.303217, -97.796962 30.303446, -97.796992 30.303484, -97.79701 30.303545, -97.797012 30.30359, -97.797005 30.303658, -97.79695 30.303804, -97.796877 30.303941, -97.796827 30.304006, -97.796769 30.304057, -97.796394 30.304327, -97.795981 30.304652, -97.795753 30.304788, -97.795695 30.304859, -97.795655 30.304934, -97.795642 30.305026, -97.795653 30.305181, -97.795717 30.305419, -97.795912 30.305643, -97.796152 30.305788, -97.79654 30.305959, -97.796612 30.305977, -97.796715 30.30598, -97.797311 30.305908, -97.797408 30.305903, -97.797602 30.305909, -97.797699 30.305922, -97.797758 30.305937, -97.797808 30.305965, -97.797857 30.306011, -97.797966 30.306149, -97.798027 30.306252, -97.798071 30.306362, -97.798091 30.3065, -97.798108 30.306762, -97.798103 30.306832, -97.798109 30.306891, -97.798119 30.306922, -97.798146 30.306965, -97.798185 30.307006, -97.798265 30.307065, -97.798342 30.307104, -97.798403 30.307128, -97.798502 30.307155, -97.798584 30.307161, -97.798677 30.307155, -97.798873 30.30712, -97.798948 30.307111, -97.799183 30.3071, -97.799351 30.307102, -97.799426 30.307113, -97.799506 30.30714, -97.799667 30.307223, -97.799892 30.307356, -97.800126 30.307511, -97.800599 30.307812, -97.80068 30.307855, -97.800751 30.307881, -97.800957 30.307925, -97.801081 30.30794, -97.80115 30.307937, -97.801227 30.307921, -97.801822 30.307727, -97.802152 30.307601, -97.802333 30.307557, -97.802614 30.307473, -97.802735 30.307449, -97.803104 30.3074, -97.803219 30.307376, -97.803358 30.307335, -97.803519 30.307273, -97.803715 30.30724, -97.803813 30.307201, -97.803897 30.307152, -97.804007 30.307062, -97.804078 30.306995, -97.80415 30.306908, -97.804217 30.306787, -97.804253 30.306742, -97.804296 30.306706, -97.804362 30.306673, -97.804423 30.306661, -97.804484 30.306663, -97.804543 30.306678, -97.804578 30.306693, -97.80462 30.306719, -97.804719 30.306823, -97.804773 30.306864, -97.804866 30.306957, -97.804972 30.30704, -97.80504 30.307075, -97.80524 30.307142, -97.805393 30.307182, -97.805494 30.307195, -97.805631 30.307202, -97.805699 30.307206, -97.805821 30.3072, -97.805864 30.30719, -97.80593 30.307163, -97.805996 30.307121, -97.806118 30.307014, -97.806279 30.306914, -97.806368 30.306854, -97.806454 30.306789, -97.806525 30.306699, -97.806577 30.306673, -97.806616 30.306667, -97.806678 30.306683, -97.806758 30.306696, -97.806858 30.306696, -97.806955 30.306681, -97.80699 30.306667, -97.807022 30.306641, -97.807052 30.306604, -97.807121 30.30647, -97.807153 30.306397, -97.807181 30.30631, -97.807201 30.306242, -97.807233 30.306064, -97.807246 30.305907, -97.807261 30.305835, -97.807282 30.305802, -97.807554 30.305598, -97.807622 30.305567, -97.807798 30.305515, -97.807985 30.305479, -97.808195 30.305479, -97.808258 30.305489, -97.808317 30.305513, -97.808392 30.305536, -97.80858 30.305629, -97.808737 30.305696, -97.80886 30.305758, -97.808912 30.305788, -97.808937 30.305812, -97.809086 30.305892, -97.809282 30.305973, -97.809357 30.305997, -97.809441 30.306011, -97.809555 30.306014, -97.809799 30.306006, -97.810262 30.306001, -97.810895 30.306012, -97.811398 30.306013, -97.811463 30.306019, -97.811518 30.306016, -97.811655 30.305997, -97.811874 30.306003, -97.811965 30.305989, -97.812111 30.30594, -97.812348 30.305871, -97.812511 30.305847, -97.812637 30.305824, -97.812778 30.305788, -97.812835 30.305766, -97.812878 30.305739, -97.812931 30.305682, -97.813004 30.30557, -97.813011 30.305494, -97.813023 30.305474, -97.813061 30.305448, -97.813113 30.305434, -97.813428 30.305426, -97.81349 30.305417, -97.813578 30.305414, -97.813893 30.305425, -97.81404 30.30544, -97.814192 30.305472, -97.814313 30.305512, -97.814415 30.305562, -97.814676 30.305653, -97.814758 30.305688, -97.814778 30.305709, -97.81485 30.305876, -97.814888 30.305933, -97.81495 30.306002, -97.815009 30.306051, -97.815145 30.306129, -97.815199 30.306151, -97.81532 30.306191, -97.815436 30.306213, -97.81557 30.30622, -97.815734 30.306198, -97.815909 30.306168, -97.81602 30.306154, -97.816432 30.306134, -97.816552 30.306135, -97.816697 30.306162, -97.816946 30.306175, -97.817101 30.306177, -97.817656 30.306166, -97.817802 30.306158, -97.818301 30.306094, -97.818463 30.306084, -97.81853 30.306075, -97.818576 30.306057, -97.818619 30.306027, -97.818653 30.305989, -97.818687 30.305927, -97.818718 30.305832, -97.818765 30.305607, -97.818773 30.305515, -97.818863 30.305473, -97.818917 30.305455, -97.818963 30.305451, -97.819014 30.305458, -97.819188 30.305508, -97.819416 30.305587, -97.819786 30.305666, -97.820031 30.305734, -97.820133 30.305755, -97.820169 30.305749, -97.820265 30.305694, -97.8203 30.305683, -97.820338 30.305682, -97.8205 30.305701, -97.820557 30.305701, -97.820705 30.305682, -97.820798 30.305658, -97.820928 30.305601, -97.821078 30.305515, -97.821219 30.305406, -97.821282 30.305368, -97.821327 30.305355, -97.821469 30.305344, -97.821675 30.305249, -97.821784 30.305203, -97.82198 30.305132, -97.822089 30.305099, -97.822142 30.305093, -97.822187 30.305097, -97.82231 30.305152, -97.822619 30.305314, -97.822672 30.305353, -97.822774 30.305448, -97.822801 30.305473, -97.822892 30.305531, -97.822935 30.305551, -97.822998 30.305572, -97.823066 30.30558, -97.823143 30.305576, -97.823307 30.305546, -97.823403 30.30551, -97.82347 30.305471, -97.823503 30.305441, -97.823557 30.305365, -97.823649 30.305219, -97.823756 30.305085, -97.823773 30.305052, -97.823795 30.304979, -97.823833 30.30491, -97.823892 30.304842, -97.823941 30.304803, -97.823996 30.304776, -97.824036 30.304765, -97.824071 30.304759, -97.824108 30.304755, -97.824138 30.304753, -97.82422 30.304755, -97.824231 30.304756, -97.824312 30.304771, -97.824326 30.304774, -97.824462 30.304813, -97.824622 30.30488, -97.824948 30.30473, -97.825452 30.304499, -97.825836 30.304323, -97.825738 30.304501, -97.825651 30.304675, -97.825557 30.30488, -97.82542 30.305308, -97.825378 30.305438, -97.825356 30.305537, -97.825302 30.305763, -97.825282 30.305947, -97.825275 30.306211, -97.825294 30.306481, -97.825376 30.306906, -97.825516 30.307462, -97.826129 30.309435, -97.826489 30.310591, -97.826878 30.311922, -97.826892 30.31201, -97.826954 30.312391, -97.826965 30.312575, -97.82697 30.312628, -97.826981 30.312746, -97.826977 30.313098))",42.4,3262.0,250001.0,38.0,37.0,7469686.98748231,0.00043669835234949665
"POLYGON ((-97.736888 30.232315, -97.735812 30.234045, -97.735062 30.235213, -97.734548 30.235967, -97.734078 30.236571, -97.732948 30.238195, -97.73191 30.237712, -97.731207 30.237574, -97.730731 30.237368, -97.729833 30.236718, -97.728493 30.235959, -97.729007 30.235299, -97.730607 30.234538, -97.730662 30.234513, -97.730739 30.234474, -97.730819 30.234433, -97.731278 30.234201, -97.731792 30.233746, -97.732274 30.232761, -97.732323 30.232663, -97.733068 30.231949, -97.733337 30.231693, -97.733569 30.231425, -97.733695 30.230916, -97.7351 30.231107, -97.736004 30.231656, -97.736888 30.232315))",32.6,949.0,59239.0,80.0,41.0,303751.73075120006,0.003124262033513535
"POLYGON ((-97.724202 30.258012, -97.723775 30.258928, -97.723365 30.259827, -97.723224 30.26014, -97.72299 30.260658, -97.722322 30.260426, -97.719088 30.259313, -97.71862 30.259167, -97.717972 30.258942, -97.717538 30.258786, -97.71557 30.258125, -97.715088 30.257994, -97.713735 30.25754, -97.71161 30.256798, -97.711108 30.256628, -97.711505 30.255707, -97.71194 30.254811, -97.712332 30.253911, -97.712781 30.252988, -97.714144 30.253445, -97.715411 30.253917, -97.716751 30.254392, -97.717699 30.254706, -97.71935 30.255276, -97.720683 30.255787, -97.721679 30.256085, -97.722021 30.256202, -97.722648 30.256432, -97.723326 30.256663, -97.723621 30.256771, -97.72461 30.257132, -97.724202 30.258012))",35.9,1821.0,82009.0,60.0,54.0,524913.8228143151,0.0034691408777096865
"POLYGON ((-97.733272 30.352162, -97.73323 30.352225, -97.73321 30.352262, -97.733199 30.352281, -97.730903 30.356147, -97.729972 30.355721, -97.726985 30.354282, -97.726011 30.353836, -97.725024 30.35337, -97.72323 30.352511, -97.723338 30.351466, -97.723254 30.350705, -97.723077 30.349761, -97.723005 30.349372, -97.722988 30.349191, -97.722993 30.349023, -97.723023 30.348835, -97.723089 30.348659, -97.72325 30.3484, -97.723789 30.347572, -97.724299 30.34676, -97.724804 30.345934, -97.728041 30.347523, -97.730544 30.348722, -97.731044 30.348971, -97.731452 30.349161, -97.732345 30.349578, -97.733237 30.350014, -97.734336 30.350572, -97.733272 30.352162))",36.7,1095.0,88875.0,60.0,0.0,701203.17496182,0.0015616016000777834
"POLYGON ((-97.709358 30.30949, -97.708836 30.309991, -97.708034 30.310715, -97.707005 30.31142, -97.704955 30.313097, -97.704251 30.312499, -97.703398 30.311929, -97.701559 30.310948, -97.701967 30.31029, -97.699353 30.309062, -97.69994 30.308409, -97.700603 30.307861, -97.699846 30.307502, -97.699035 30.307119, -97.698065 30.306679, -97.697345 30.306342, -97.697684 30.305766, -97.698143 30.30505, -97.698505 30.304484, -97.698876 30.303907, -97.700804 30.304819, -97.701187 30.305, -97.702687 30.30571, -97.702802 30.305765, -97.706412 30.307472, -97.706501 30.307514, -97.709 30.308696, -97.709755 30.309108, -97.709358 30.30949))",33.8,1019.0,53966.0,42.0,74.0,525335.5349661426,0.0019397126829915924
"POLYGON ((-97.686241 30.309131, -97.68607 30.309586, -97.685917 30.310364, -97.685775 30.31063, -97.685596 30.310796, -97.685501 30.310911, -97.685426 30.311031, -97.685381 30.31114, -97.685364 30.31119, -97.685356 30.311262, -97.685342 30.311385, -97.685328 30.311458, -97.685294 30.311586, -97.685269 30.311637, -97.685356 30.311729, -97.685409 30.311802, -97.685437 30.311858, -97.685465 30.311958, -97.685292 30.311978, -97.685188 30.312003, -97.685099 30.312039, -97.684977 30.312111, -97.684834 30.312196, -97.684633 30.312335, -97.684163 30.312658, -97.683921 30.312812, -97.683404 30.313156, -97.683279 30.313222, -97.682397 30.313515, -97.68191 30.313668, -97.681737 30.313741, -97.681614 30.313824, -97.68153 30.313902, -97.681419 30.314031, -97.680925 30.314755, -97.679483 30.31401, -97.678188 30.313369, -97.677869 30.313216, -97.677674 30.313071, -97.677562 30.312974, -97.67728 30.312711, -97.676985 30.312374, -97.67657 30.311942, -97.676524 30.311914, -97.676008 30.31163, -97.675189 30.311215, -97.674142 30.310727, -97.673846 30.31059, -97.673588 30.310469, -97.672628 30.310023, -97.671533 30.309566, -97.671024 30.309093, -97.670766 30.308532, -97.672023 30.308214, -97.673034 30.307985, -97.673467 30.307967, -97.673969 30.307991, -97.676128 30.308074, -97.676184 30.308054, -97.677091 30.307959, -97.678245 30.30785, -97.678365 30.307831, -97.67855 30.307787, -97.679542 30.307322, -97.68007 30.306478, -97.681313 30.304584, -97.682349 30.305034, -97.682875 30.305282, -97.68313 30.305419, -97.684467 30.306068, -97.684679 30.306178, -97.685518 30.306571, -97.685511 30.307864, -97.685865 30.308408, -97.686399 30.308796, -97.686241 30.309131))",30.9,2091.0,126429.0,0.0,0.0,825197.3333917939,0.0025339393565480877
"POLYGON ((-97.725929 30.341377, -97.7254 30.342201, -97.725261 30.342431, -97.725172 30.342641, -97.725096 30.342844, -97.725049 30.343005, -97.725044 30.343269, -97.725054 30.343457, -97.725076 30.343613, -97.725118 30.343791, -97.725237 30.344114, -97.725313 30.344327, -97.725375 30.344632, -97.725375 30.344822, -97.72534 30.345022, -97.725288 30.345155, -97.724804 30.345934, -97.724299 30.34676, -97.723789 30.347572, -97.72325 30.3484, -97.723089 30.348659, -97.723023 30.348835, -97.722993 30.349023, -97.722988 30.349191, -97.723005 30.349372, -97.723077 30.349761, -97.723254 30.350705, -97.723338 30.351466, -97.72323 30.352511, -97.722662 30.352228, -97.722675 30.352167, -97.722707 30.351954, -97.722732 30.351671, -97.722737 30.351385, -97.722722 30.351101, -97.722686 30.350817, -97.722646 30.350605, -97.722575 30.350328, -97.722179 30.348438, -97.721934 30.347265, -97.721918 30.34719, -97.721248 30.343992, -97.72103 30.343007, -97.720548 30.340819, -97.720357 30.339966, -97.720297 30.339729, -97.720217 30.339493, -97.720144 30.339321, -97.72003 30.339099, -97.719933 30.338937, -97.719122 30.337342, -97.719555 30.336702, -97.721495 30.33765, -97.722198 30.337994, -97.722289 30.338055, -97.722366 30.338152, -97.722561 30.338377, -97.722739 30.338555, -97.72292 30.338708, -97.723093 30.338837, -97.723269 30.338951, -97.723454 30.33905, -97.723787 30.339219, -97.726471 30.340521, -97.725929 30.341377))",42.8,780.0,89688.0,28.0,30.0,461864.6519501899,0.001688806442983906
"POLYGON ((-97.776494 30.282796, -97.776037 30.282595, -97.775229 30.28221, -97.774359 30.281805, -97.771814 30.280621, -97.771364 30.280395, -97.770578 30.28157, -97.770192 30.281911, -97.770263 30.282023, -97.770346 30.28239, -97.770455 30.282508, -97.771782 30.283148, -97.771305 30.2839, -97.770875 30.284596, -97.770549 30.285051, -97.770488 30.285267, -97.770516 30.285832, -97.770487 30.286645, -97.770369 30.287707, -97.770557 30.288079, -97.770546 30.288102, -97.77044 30.288322, -97.769832 30.28925, -97.768693 30.288587, -97.768559 30.288496, -97.767386 30.287807, -97.766191 30.287106, -97.765544 30.286747, -97.764608 30.286293, -97.764255 30.286109, -97.76417 30.286068, -97.764066 30.286025, -97.763905 30.285958, -97.763886 30.285948, -97.763742 30.285877, -97.764366 30.284963, -97.765076 30.283839, -97.76515 30.283722, -97.765292 30.283455, -97.765725 30.282603, -97.766941 30.280125, -97.767294 30.279529, -97.767335 30.279461, -97.767371 30.279404, -97.76805 30.27842, -97.768066 30.278387, -97.768127 30.278308, -97.768607 30.277677, -97.768774 30.277453, -97.768827 30.277381, -97.768888 30.277296, -97.769005 30.277135, -97.769139 30.276963, -97.769288 30.276994, -97.769441 30.277028, -97.769573 30.277053, -97.769693 30.277075, -97.769815 30.277104, -97.769946 30.277132, -97.770028 30.277154, -97.770154 30.277177, -97.770483 30.277217, -97.771312 30.277467, -97.771487 30.27752, -97.771866 30.277687, -97.772335 30.277953, -97.772453 30.278041, -97.772528 30.278097, -97.773129 30.278547, -97.774015 30.279249, -97.774662 30.280167, -97.775169 30.280885, -97.776198 30.282345, -97.776494 30.282796))",33.0,1200.0,170000.0,61.0,46.0,676666.7461661255,0.0017733988064272234
"POLYGON ((-97.798892 30.291464, -97.797989 30.291744, -97.797816 30.29177, -97.797763 30.291779, -97.797568 30.29181, -97.797263 30.291875, -97.797032 30.291962, -97.796865 30.292024, -97.796783 30.292055, -97.796747 30.292069, -97.796661 30.292095, -97.796373 30.292182, -97.796115 30.29226, -97.796004 30.292293, -97.795708 30.292628, -97.795668 30.292672, -97.7955 30.292855, -97.795302 30.293123, -97.795235 30.293229, -97.795016 30.293541, -97.794475 30.293847, -97.794319 30.293933, -97.794191 30.294003, -97.79412 30.294043, -97.79379 30.294235, -97.793584 30.294361, -97.793551 30.294537, -97.793534 30.29463, -97.79352 30.29471, -97.793491 30.294875, -97.793458 30.295098, -97.793434 30.295111, -97.793126 30.295219, -97.79294 30.29515, -97.792349 30.294925, -97.792276 30.294898, -97.792132 30.294686, -97.792057 30.29463, -97.792026 30.294607, -97.791938 30.294547, -97.791328 30.29422, -97.791286 30.294197, -97.791245 30.294175, -97.791216 30.29416, -97.791112 30.294104, -97.790979 30.294033, -97.790931 30.294008, -97.790885 30.293982, -97.790844 30.293988, -97.790782 30.294003, -97.790611 30.294047, -97.79057 30.29406, -97.790488 30.294115, -97.790299 30.294252, -97.790293 30.29427, -97.790281 30.29431, -97.790269 30.29435, -97.790218 30.294527, -97.790213 30.294557, -97.790377 30.294925, -97.790407 30.294995, -97.790422 30.295027, -97.790527 30.295139, -97.790545 30.295158, -97.790562 30.295177, -97.79064 30.295249, -97.790752 30.295356, -97.790776 30.295378, -97.790785 30.295399, -97.790797 30.295429, -97.790813 30.29547, -97.790821 30.295501, -97.790872 30.295639, -97.790857 30.295686, -97.79085 30.295708, -97.790833 30.295786, -97.790806 30.295869, -97.790798 30.295891, -97.790784 30.295925, -97.790769 30.295964, -97.790758 30.295995, -97.790751 30.296018, -97.79079 30.296044, -97.790805 30.296057, -97.790824 30.296076, -97.790852 30.296095, -97.790912 30.296146, -97.790938 30.296162, -97.791018 30.296136, -97.791051 30.296125, -97.79107 30.296117, -97.791229 30.296048, -97.791339 30.296, -97.791363 30.295986, -97.791386 30.295972, -97.791386 30.295954, -97.791388 30.295909, -97.791584 30.295877, -97.791595 30.29588, -97.791648 30.29589, -97.791707 30.295899, -97.791727 30.295905, -97.791798 30.295982, -97.791942 30.29614, -97.791934 30.296161, -97.79192 30.296196, -97.791836 30.296403, -97.791723 30.296536, -97.791667 30.296571, -97.791307 30.296786, -97.791206 30.29686, -97.791105 30.296937, -97.791028 30.296988, -97.790928 30.297055, -97.790861 30.297104, -97.790751 30.297186, -97.790694 30.297226, -97.790627 30.297274, -97.790596 30.297309, -97.790494 30.297426, -97.790325 30.297538, -97.790282 30.297587, -97.790191 30.297695, -97.790206 30.297745, -97.790172 30.297724, -97.789957 30.297555, -97.789912 30.297528, -97.789828 30.297494, -97.789724 30.297463, -97.789635 30.297455, -97.789453 30.297453, -97.789362 30.297466, -97.789296 30.297485, -97.789231 30.297522, -97.789175 30.297501, -97.789125 30.297487, -97.789088 30.297486, -97.789015 30.297496, -97.788967 30.297495, -97.788806 30.297474, -97.78855 30.297434, -97.788518 30.297425, -97.78848 30.297408, -97.788084 30.297186, -97.787887 30.297101, -97.787814 30.297075, -97.787679 30.297043, -97.78761 30.297036, -97.787389 30.297032, -97.786835 30.296859, -97.786274 30.296682, -97.785935 30.296576, -97.785884 30.295528, -97.785587 30.294253, -97.785599 30.293878, -97.785575 30.293596, -97.785474 30.293549, -97.785416 30.293483, -97.785383 30.293403, -97.785261 30.29316, -97.785527 30.292614, -97.785607 30.292224, -97.785618 30.29215, -97.785651 30.292058, -97.785765 30.291658, -97.785877 30.291661, -97.78577 30.291639, -97.785788 30.291578, -97.785877 30.291272, -97.785875 30.291193, -97.78592 30.290922, -97.78591 30.290897, -97.785905 30.290854, -97.785887 30.290798, -97.785819 30.290642, -97.785798 30.290606, -97.785647 30.290199, -97.785613 30.290072, -97.785547 30.289905, -97.785532 30.289849, -97.785526 30.289806, -97.785504 30.289465, -97.785508 30.289304, -97.785532 30.289074, -97.785539 30.288811, -97.785583 30.288491, -97.785591 30.288254, -97.785604 30.288194, -97.785415 30.286754, -97.785371 30.28642, -97.785336 30.286148, -97.784888 30.285378, -97.784268 30.28431, -97.783893 30.283946, -97.78295 30.283029, -97.780348 30.2805, -97.77948 30.27977, -97.777665 30.278333, -97.776871 30.277704, -97.776663 30.277539, -97.774997 30.276353, -97.774809 30.276219, -97.77419 30.275813, -97.773289 30.275224, -97.772779 30.27489, -97.772562 30.274647, -97.772148 30.274182, -97.771912 30.273944, -97.771829 30.273861, -97.771772 30.273804, -97.771698 30.27373, -97.771605 30.273636, -97.771738 30.273464, -97.771872 30.273293, -97.771977 30.273158, -97.772866 30.271987, -97.772946 30.271892, -97.773718 30.270994, -97.774233 30.270536, -97.774334 30.270443, -97.775938 30.269331, -97.777271 30.268463, -97.777298 30.268445, -97.777683 30.268177, -97.777949 30.267993, -97.779842 30.266906, -97.781494 30.266067, -97.782287 30.265735, -97.782483 30.265653, -97.782554 30.265624, -97.782624 30.265594, -97.782747 30.265542, -97.785728 30.264582, -97.785805 30.264557, -97.786296 30.264377, -97.786637 30.264241, -97.787063 30.264049, -97.787223 30.263962, -97.787447 30.264148, -97.78714 30.264719, -97.787263 30.264988, -97.787337 30.265119, -97.787422 30.265239, -97.787596 30.265369, -97.788504 30.265799, -97.788679 30.265912, -97.789588 30.26633, -97.789812 30.266361, -97.790077 30.266342, -97.790407 30.266222, -97.790516 30.266491, -97.790742 30.266751, -97.791629 30.267135, -97.791876 30.267395, -97.791942 30.267622, -97.791973 30.268126, -97.791776 30.268958, -97.791464 30.26931, -97.7914 30.269422, -97.791252 30.269686, -97.791106 30.269946, -97.791135 30.270697, -97.790566 30.270782, -97.788101 30.271407, -97.787515 30.27128, -97.787211 30.271141, -97.786746 30.270831, -97.786527 30.270602, -97.786281 30.270249, -97.78618 30.269822, -97.786185 30.268725, -97.786102 30.268102, -97.785918 30.267712, -97.785592 30.267307, -97.785222 30.267615, -97.784921 30.267637, -97.784879 30.267583, -97.784817 30.267513, -97.784775 30.26748, -97.784706 30.267447, -97.784636 30.267433, -97.784584 30.267428, -97.784335 30.267433, -97.784138 30.267445, -97.783988 30.267462, -97.78385 30.267491, -97.783733 30.267536, -97.783633 30.267595, -97.783389 30.267764, -97.783058 30.268007, -97.782947 30.268096, -97.782675 30.268343, -97.782361 30.268594, -97.782301 30.268652, -97.782177 30.268789, -97.78214 30.268825, -97.782099 30.268856, -97.782031 30.268892, -97.781949 30.268921, -97.781849 30.268943, -97.781789 30.268952, -97.781731 30.268946, -97.781615 30.268947, -97.781531 30.26896, -97.781346 30.269019, -97.781241 30.269037, -97.781101 30.269049, -97.780991 30.269042, -97.780901 30.269007, -97.780886 30.269001, -97.780412 30.269615, -97.780366 30.269683, -97.780118 30.270009, -97.779944 30.270229, -97.779632 30.270606, -97.779147 30.27124, -97.778923 30.271521, -97.778896 30.271504, -97.778825 30.271593, -97.77878 30.271643, -97.778821 30.271666, -97.778693 30.271816, -97.778571 30.271952, -97.778312 30.272273, -97.778091 30.272545, -97.77782 30.272876, -97.77774 30.272975, -97.777141 30.273722, -97.777278 30.273847, -97.777296 30.273863, -97.778992 30.275459, -97.779823 30.276246, -97.780194 30.276593, -97.780546 30.276921, -97.780877 30.277232, -97.782498 30.27875, -97.782971 30.2792, -97.783738 30.279924, -97.784691 30.280814, -97.785285 30.281375, -97.786093 30.28214, -97.786928 30.282931, -97.786531 30.28323, -97.786971 30.283618, -97.787198 30.284134, -97.787703 30.284268, -97.788342 30.284609, -97.788515 30.2846, -97.788544 30.284573, -97.788659 30.284536, -97.788686 30.284561, -97.789115 30.284959, -97.789461 30.285291, -97.789534 30.28536, -97.789587 30.2854, -97.79006 30.284642, -97.790481 30.283977, -97.791445 30.284425, -97.792114 30.284735, -97.792378 30.284859, -97.792405 30.284863, -97.792545 30.284653, -97.792721 30.284376, -97.792885 30.284115, -97.793058 30.283838, -97.793399 30.28402, -97.794173 30.284391, -97.794838 30.284709, -97.794054 30.285941, -97.79363 30.28661, -97.793566 30.286711, -97.793487 30.286836, -97.793701 30.286934, -97.795282 30.287671, -97.795341 30.287698, -97.795546 30.287799, -97.796358 30.288195, -97.797168 30.288592, -97.797636 30.288821, -97.797649 30.288821, -97.797669 30.288798, -97.797751 30.288835, -97.799915 30.289883, -97.798892 30.291464))",59.8,850.0,112679.0,0.0,16.0,2599491.6527935914,0.0003269870088201791
"POLYGON ((-97.812249 30.274342, -97.811339 30.274496, -97.810665 30.275003, -97.81058 30.275149, -97.809741 30.276525, -97.809715 30.276568, -97.80957 30.276785, -97.809479 30.276921, -97.808383 30.278731, -97.808203 30.279014, -97.807437 30.280082, -97.807813 30.28062, -97.804221 30.285667, -97.804006 30.285574, -97.803851 30.285537, -97.803676 30.285529, -97.803546 30.285547, -97.803419 30.285579, -97.803306 30.285625, -97.802877 30.285858, -97.802346 30.286219, -97.802162 30.286324, -97.802039 30.286373, -97.801117 30.28672, -97.800306 30.287461, -97.8001 30.287349, -97.799094 30.286862, -97.797937 30.288562, -97.797766 30.288813, -97.797751 30.288835, -97.797669 30.288798, -97.797649 30.288821, -97.797636 30.288821, -97.797168 30.288592, -97.796358 30.288195, -97.795546 30.287799, -97.795341 30.287698, -97.795282 30.287671, -97.793701 30.286934, -97.793487 30.286836, -97.793566 30.286711, -97.79363 30.28661, -97.794054 30.285941, -97.794838 30.284709, -97.794173 30.284391, -97.793399 30.28402, -97.793058 30.283838, -97.792885 30.284115, -97.792721 30.284376, -97.792545 30.284653, -97.792405 30.284863, -97.792378 30.284859, -97.792114 30.284735, -97.791445 30.284425, -97.790481 30.283977, -97.79006 30.284642, -97.789587 30.2854, -97.789534 30.28536, -97.789461 30.285291, -97.789115 30.284959, -97.788686 30.284561, -97.788659 30.284536, -97.788544 30.284573, -97.788515 30.2846, -97.788342 30.284609, -97.787703 30.284268, -97.787198 30.284134, -97.786971 30.283618, -97.786531 30.28323, -97.786928 30.282931, -97.787465 30.283067, -97.787678 30.282942, -97.788018 30.282558, -97.788089 30.282106, -97.788374 30.281594, -97.78867 30.281083, -97.788905 30.280689, -97.789665 30.279492, -97.789679 30.27947, -97.790753 30.277678, -97.791094 30.27711, -97.791501 30.276461, -97.791626 30.276248, -97.791877 30.275916, -97.792249 30.275387, -97.792837 30.274626, -97.792721 30.273677, -97.794688 30.273766, -97.795636 30.273603, -97.797386 30.273503, -97.798032 30.273386, -97.798129 30.273358, -97.798216 30.273321, -97.798367 30.27322, -97.798485 30.273102, -97.798782 30.272655, -97.799172 30.272068, -97.799279 30.271907, -97.799466 30.271602, -97.800007 30.270725, -97.800502 30.26992, -97.801039 30.269166, -97.801697 30.268247, -97.802381 30.268527, -97.803271 30.268999, -97.803759 30.269258, -97.803843 30.269302, -97.803963 30.269274, -97.804064 30.269251, -97.80416 30.269202, -97.80428 30.26914, -97.804517 30.269018, -97.805218 30.269561, -97.805371 30.269606, -97.805883 30.269725, -97.806088 30.269786, -97.806398 30.269893, -97.80731 30.27031, -97.807587 30.270398, -97.807677 30.270415, -97.807821 30.270421, -97.808014 30.270412, -97.808118 30.270393, -97.808661 30.270257, -97.808767 30.270238, -97.808965 30.270225, -97.809133 30.27147, -97.809181 30.271782, -97.809186 30.271816, -97.809162 30.272272, -97.809998 30.272525, -97.81109 30.272574, -97.811209 30.273094, -97.81141 30.273485, -97.811504 30.273535, -97.812357 30.273985, -97.812249 30.274342))",45.1,2148.0,191971.0,105.0,76.0,2888430.52717508,0.0007436564528006045
"POLYGON ((-97.86619 30.308838, -97.866161 30.308938, -97.866099 30.309095, -97.865994 30.309364, -97.865947 30.309507, -97.86594 30.309641, -97.865915 30.309873, -97.865884 30.310047, -97.865857 30.310165, -97.865808 30.310319, -97.865715 30.310554, -97.865603 30.310813, -97.865485 30.311026, -97.865179 30.311518, -97.864707 30.312297, -97.864638 30.312377, -97.864579 30.312431, -97.864504 30.312468, -97.864376 30.312502, -97.864261 30.312534, -97.864171 30.312549, -97.864078 30.312551, -97.863808 30.312561, -97.863735 30.312573, -97.86363 30.312627, -97.863547 30.312695, -97.863485 30.312784, -97.863424 30.312926, -97.863368 30.313082, -97.863238 30.313437, -97.863208 30.313524, -97.863204 30.313584, -97.863206 30.31365, -97.863221 30.313716, -97.86325 30.313782, -97.863294 30.313836, -97.863334 30.31388, -97.863424 30.313946, -97.863524 30.31401, -97.863737 30.314125, -97.863843 30.314176, -97.863889 30.314223, -97.863928 30.314311, -97.863977 30.314436, -97.86409 30.314808, -97.864163 30.315082, -97.864315 30.315591, -97.86446 30.316102, -97.864577 30.316426, -97.864729 30.316716, -97.864864 30.316915, -97.864912 30.316981, -97.864974 30.317053, -97.865058 30.317139, -97.865153 30.317232, -97.86526 30.317352, -97.865472 30.317576, -97.865549 30.317699, -97.865117 30.317845, -97.864162 30.318071, -97.863758 30.318184, -97.863303 30.31826, -97.862946 30.318283, -97.862565 30.31826, -97.862331 30.318233, -97.862133 30.318209, -97.861895 30.318156, -97.861742 30.318105, -97.861522 30.318051, -97.861338 30.317963, -97.861084 30.317853, -97.8609 30.317746, -97.860759 30.317664, -97.860553 30.317508, -97.860428 30.317415, -97.860247 30.317257, -97.860047 30.317073, -97.859857 30.316906, -97.859724 30.316765, -97.858922 30.316081, -97.858693 30.315929, -97.858433 30.315784, -97.858131 30.31564, -97.857777 30.315498, -97.8575 30.31536, -97.857277 30.315262, -97.857195 30.315225, -97.856934 30.31512, -97.856661 30.314996, -97.856415 30.314886, -97.856293 30.31484, -97.856117 30.314757, -97.855889 30.314634, -97.854883 30.314216, -97.852876 30.313325, -97.852796 30.313289, -97.85255 30.313205, -97.852047 30.312988, -97.851335 30.312666, -97.851041 30.312507, -97.850798 30.312358, -97.850622 30.312242, -97.850481 30.312119, -97.849523 30.311248, -97.849141 30.31092, -97.848955 30.310782, -97.848842 30.3107, -97.848119 30.310378, -97.847734 30.310272, -97.847479 30.310209, -97.847208 30.310177, -97.846901 30.310142, -97.846548 30.310113, -97.846273 30.310103, -97.846021 30.310075, -97.845785 30.310044, -97.845573 30.309985, -97.845212 30.30989, -97.845027 30.309797, -97.844807 30.309702, -97.844669 30.309643, -97.844532 30.309553, -97.844378 30.309459, -97.843944 30.309114, -97.843724 30.308898, -97.843555 30.308674, -97.843406 30.308474, -97.8433 30.308293, -97.843198 30.308102, -97.843163 30.308029, -97.843069 30.307667, -97.843034 30.307455, -97.84301 30.307239, -97.842975 30.307029, -97.842924 30.306646, -97.842882 30.306488, -97.842824 30.306291, -97.842743 30.306071, -97.842604 30.305832, -97.8425 30.305639, -97.842427 30.305515, -97.842334 30.305376, -97.841894 30.30494, -97.841508 30.304554, -97.841337 30.30439, -97.840622 30.303822, -97.840189 30.303361, -97.839982 30.303049, -97.839845 30.302796, -97.839766 30.302575, -97.83962 30.301984, -97.83952 30.301485, -97.839433 30.301177, -97.839369 30.301026, -97.839271 30.300829, -97.83912 30.300577, -97.839047 30.300504, -97.838895 30.300348, -97.838707 30.300173, -97.838114 30.299657, -97.83772 30.299279, -97.837279 30.298691, -97.837263 30.29867, -97.837205 30.298583, -97.837033 30.298237, -97.836835 30.297957, -97.836596 30.297617, -97.836339 30.297373, -97.835978 30.297118, -97.835635 30.296954, -97.835143 30.296798, -97.834732 30.296679, -97.834732 30.296504, -97.83467 30.296329, -97.834624 30.296212, -97.834592 30.296102, -97.834587 30.296021, -97.834592 30.295987, -97.834615 30.295918, -97.834631 30.295868, -97.834663 30.295794, -97.834691 30.295745, -97.834741 30.295697, -97.834861 30.295623, -97.83495 30.295561, -97.83501 30.295504, -97.83507 30.295444, -97.835111 30.295389, -97.835146 30.295322, -97.835182 30.29523, -97.835208 30.295104, -97.835231 30.294839, -97.835242 30.294591, -97.835263 30.294435, -97.835279 30.294308, -97.835286 30.294276, -97.835302 30.294233, -97.835337 30.29418, -97.835516 30.294007, -97.835818 30.293777, -97.836531 30.294272, -97.837419 30.294704, -97.838059 30.295311, -97.838317 30.295302, -97.838746 30.295335, -97.83881 30.295256, -97.838903 30.295186, -97.838947 30.295155, -97.839159 30.295057, -97.839352 30.294939, -97.839552 30.294773, -97.839739 30.294643, -97.839883 30.294497, -97.839981 30.294352, -97.839999 30.294216, -97.840052 30.294163, -97.840088 30.294127, -97.840169 30.294086, -97.840422 30.294058, -97.840625 30.294056, -97.840972 30.294047, -97.841122 30.294004, -97.84114 30.293993, -97.841212 30.293925, -97.841344 30.293814, -97.841578 30.293711, -97.841787 30.293604, -97.841955 30.293549, -97.842019 30.29354, -97.842299 30.293506, -97.842456 30.293464, -97.842502 30.29347, -97.842541 30.293491, -97.842601 30.293552, -97.84268 30.293674, -97.84277 30.293731, -97.842873 30.293753, -97.843417 30.293794, -97.843476 30.293763, -97.843513 30.293695, -97.843628 30.293556, -97.843745 30.293459, -97.843846 30.293368, -97.843884 30.293284, -97.843893 30.293206, -97.843878 30.293187, -97.843879 30.293169, -97.843939 30.293051, -97.843934 30.293033, -97.843903 30.293008, -97.843691 30.292942, -97.843639 30.292914, -97.843607 30.292874, -97.843568 30.292783, -97.843885 30.292782, -97.844241 30.292714, -97.844338 30.292717, -97.844456 30.292752, -97.844605 30.292837, -97.844637 30.292847, -97.844802 30.292839, -97.844821 30.292802, -97.844862 30.292651, -97.844983 30.292494, -97.845257 30.292247, -97.845356 30.292145, -97.845574 30.291941, -97.84586 30.291737, -97.846232 30.291587, -97.846441 30.291495, -97.846526 30.291495, -97.846673 30.291464, -97.846694 30.291387, -97.846683 30.291292, -97.846749 30.291196, -97.846962 30.291091, -97.847178 30.291065, -97.847423 30.291098, -97.847715 30.291167, -97.847955 30.291193, -97.848364 30.29123, -97.848599 30.29126, -97.848671 30.291269, -97.849599 30.291424, -97.849684 30.291444, -97.850009 30.291489, -97.850162 30.291606, -97.850477 30.291782, -97.85068 30.291903, -97.850806 30.292034, -97.85085 30.29208, -97.851011 30.29232, -97.851038 30.292489, -97.851021 30.292604, -97.851013 30.292721, -97.85105 30.29297, -97.8511 30.293246, -97.85111 30.293263, -97.851214 30.293309, -97.851298 30.293331, -97.85137 30.293429, -97.851535 30.293775, -97.851599 30.293955, -97.851597 30.294074, -97.851582 30.294131, -97.851558 30.294226, -97.851596 30.294542, -97.851685 30.295053, -97.851721 30.295328, -97.851837 30.295655, -97.851832 30.29591, -97.851828 30.296039, -97.8519 30.296287, -97.85192 30.296349, -97.851946 30.296428, -97.851954 30.29645, -97.852047 30.296727, -97.852131 30.297063, -97.852252 30.297389, -97.852344 30.297602, -97.852484 30.297795, -97.852599 30.297917, -97.85259 30.298136, -97.852528 30.298234, -97.852509 30.298357, -97.852546 30.298953, -97.852656 30.299679, -97.852663 30.300089, -97.852713 30.300368, -97.852786 30.300536, -97.85294 30.300655, -97.853027 30.301019, -97.853081 30.301572, -97.853146 30.302128, -97.853139 30.302225, -97.853033 30.302513, -97.852933 30.302669, -97.852898 30.302722, -97.852919 30.302894, -97.853228 30.303683, -97.853535 30.304118, -97.853886 30.304413, -97.853918 30.304433, -97.854277 30.304653, -97.855047 30.304894, -97.855495 30.304981, -97.85565 30.304952, -97.855949 30.305006, -97.856142 30.304987, -97.856465 30.304877, -97.856607 30.304808, -97.856911 30.304745, -97.857092 30.304597, -97.857155 30.30449, -97.857203 30.304245, -97.85735 30.303841, -97.857553 30.303457, -97.857571 30.303341, -97.857667 30.303097, -97.857705 30.30281, -97.857671 30.30255, -97.857616 30.302196, -97.857648 30.301368, -97.857755 30.300682, -97.857848 30.300233, -97.857972 30.299932, -97.858084 30.299724, -97.858209 30.29933, -97.858386 30.298808, -97.858578 30.298323, -97.858767 30.298055, -97.859426 30.297478, -97.859786 30.297258, -97.860036 30.29709, -97.860072 30.297066, -97.860523 30.296927, -97.860877 30.29683, -97.861329 30.296745, -97.861616 30.296798, -97.861837 30.296816, -97.862011 30.29685, -97.862158 30.296892, -97.862241 30.296922, -97.86233 30.29696, -97.862414 30.297005, -97.862509 30.297068, -97.862592 30.297137, -97.862737 30.297283, -97.862841 30.297377, -97.862907 30.297447, -97.86296 30.297519, -97.863259 30.297979, -97.863359 30.298099, -97.863432 30.298194, -97.863511 30.298312, -97.863579 30.298457, -97.863656 30.298601, -97.86371 30.298689, -97.863828 30.298833, -97.864037 30.299179, -97.864235 30.299473, -97.863735 30.299615, -97.863104 30.299814, -97.862845 30.300013, -97.862597 30.300294, -97.862366 30.30172, -97.862518 30.302267, -97.862809 30.3026, -97.863224 30.302751, -97.863605 30.303142, -97.863708 30.303475, -97.863704 30.303588, -97.863703 30.30361, -97.863681 30.303723, -97.863615 30.303911, -97.863591 30.30406, -97.863581 30.304212, -97.863591 30.304283, -97.863684 30.304525, -97.863877 30.304927, -97.864038 30.305208, -97.864286 30.305619, -97.864606 30.306092, -97.86469 30.306192, -97.864775 30.306273, -97.864961 30.306432, -97.865162 30.306628, -97.865243 30.306694, -97.865306 30.306772, -97.86536 30.306863, -97.865696 30.307558, -97.865779 30.307712, -97.865913 30.307976, -97.866063 30.308275, -97.866148 30.308454, -97.866178 30.308539, -97.866185 30.308615, -97.866188 30.308711, -97.86619 30.308838))",50.7,629.0,210341.0,24.0,21.0,4381768.121748243,0.00014354935782157289
"POLYGON ((-97.754498 30.33742, -97.754389 30.337528, -97.754359 30.337629, -97.754186 30.3382, -97.751546 30.343959, -97.750999 30.345117, -97.750268 30.346783, -97.748628 30.350221, -97.748351 30.35082, -97.74799 30.351604, -97.747361 30.352969, -97.747192 30.352938, -97.74699 30.352863, -97.746085 30.35242, -97.742279 30.350554, -97.741824 30.351307, -97.741266 30.35103, -97.741297 30.350951, -97.741378 30.350728, -97.741404 30.350576, -97.741438 30.350497, -97.741541 30.350389, -97.741676 30.350279, -97.741913 30.350058, -97.742291 30.349759, -97.742437 30.349641, -97.742487 30.349605, -97.742564 30.349578, -97.742591 30.349573, -97.742719 30.349505, -97.743083 30.349272, -97.743343 30.349126, -97.743494 30.349037, -97.743788 30.348893, -97.743979 30.348795, -97.744055 30.348752, -97.74418 30.348648, -97.744239 30.348616, -97.74441 30.348537, -97.744503 30.348499, -97.74461 30.348472, -97.744718 30.348428, -97.744905 30.348333, -97.744942 30.348304, -97.744962 30.348263, -97.744978 30.348076, -97.745001 30.347964, -97.744999 30.347833, -97.745006 30.347788, -97.745044 30.347754, -97.745317 30.347599, -97.74535 30.347572, -97.74537 30.347538, -97.745377 30.347487, -97.745373 30.347456, -97.745279 30.347177, -97.745242 30.347096, -97.745023 30.346658, -97.744997 30.346593, -97.744996 30.346285, -97.745008 30.346241, -97.74504 30.346182, -97.745097 30.346116, -97.745119 30.346097, -97.745167 30.346052, -97.745179 30.34604, -97.745231 30.346004, -97.74528 30.34598, -97.745496 30.345906, -97.745611 30.345854, -97.745762 30.345752, -97.74584 30.345683, -97.74588 30.345628, -97.745919 30.345552, -97.745952 30.345466, -97.745984 30.345329, -97.746073 30.344848, -97.746129 30.344589, -97.74614 30.344474, -97.746225 30.343956, -97.746264 30.343837, -97.746268 30.34379, -97.746263 30.343708, -97.74627 30.343599, -97.746291 30.34351, -97.74634 30.343354, -97.746366 30.343233, -97.746394 30.343132, -97.746453 30.342808, -97.746498 30.342639, -97.746531 30.34256, -97.746578 30.342486, -97.746666 30.342382, -97.746879 30.342177, -97.746969 30.342107, -97.747321 30.341888, -97.74743 30.341797, -97.747473 30.341746, -97.747501 30.341691, -97.747623 30.341322, -97.747673 30.341192, -97.747712 30.341064, -97.747723 30.341001, -97.747696 30.340599, -97.747652 30.340214, -97.747621 30.339709, -97.747619 30.339585, -97.747624 30.339518, -97.747639 30.339433, -97.747679 30.33932, -97.747832 30.339001, -97.747882 30.338864, -97.747884 30.338805, -97.747988 30.338607, -97.748112 30.338288, -97.748162 30.33819, -97.74821 30.338063, -97.748287 30.337895, -97.748308 30.337816, -97.748313 30.337659, -97.748332 30.337548, -97.748381 30.337377, -97.748406 30.33731, -97.74847 30.337165, -97.748528 30.337015, -97.74857 30.336952, -97.748643 30.336882, -97.748786 30.336778, -97.748854 30.33671, -97.748919 30.33662, -97.748959 30.336549, -97.749236 30.336, -97.749368 30.335778, -97.749554 30.335448, -97.749609 30.335323, -97.749653 30.335179, -97.749721 30.334893, -97.749743 30.334746, -97.749749 30.33462, -97.749749 30.334495, -97.750365 30.334471, -97.750876 30.334479, -97.751191 30.33451, -97.751383 30.334552, -97.751533 30.334584, -97.752 30.334723, -97.752367 30.334857, -97.752591 30.334956, -97.753659 30.335532, -97.753738 30.33558, -97.755013 30.336232, -97.754498 30.33742))",47.3,2416.0,171250.0,21.0,0.0,1003195.0346904665,0.0024083053807632242
"POLYGON ((-97.73903 30.218483, -97.737441 30.221077, -97.736994 30.221775, -97.736486 30.222642, -97.736284 30.222987, -97.735538 30.223976, -97.734804 30.224093, -97.734712 30.223475, -97.734553 30.222598, -97.734481 30.222192, -97.734366 30.221309, -97.734072 30.220547, -97.733744 30.219944, -97.733672 30.219252, -97.733776 30.217565, -97.7343 30.216553, -97.734657 30.216003, -97.734904 30.215622, -97.73508 30.215351, -97.735321 30.215386, -97.738722 30.215884, -97.738858 30.215902, -97.738797 30.216194, -97.738629 30.216995, -97.73855 30.217709, -97.738835 30.218108, -97.73903 30.218483))",32.0,707.0,100682.0,43.0,44.0,323835.6075785152,0.0021832064895105307
"POLYGON ((-97.733569 30.231425, -97.733337 30.231693, -97.733068 30.231949, -97.732323 30.232663, -97.732274 30.232761, -97.731792 30.233746, -97.731278 30.234201, -97.730819 30.234433, -97.730739 30.234474, -97.730662 30.234513, -97.730607 30.234538, -97.729007 30.235299, -97.728493 30.235959, -97.728006 30.23573, -97.727326 30.23541, -97.727914 30.23453, -97.727935 30.234499, -97.728811 30.233128, -97.728886 30.233012, -97.728923 30.232955, -97.729539 30.231994, -97.729644 30.231832, -97.729936 30.231379, -97.730247 30.230908, -97.730625 30.23034, -97.731018 30.229751, -97.731545 30.229971, -97.733256 30.230822, -97.733695 30.230916, -97.733569 30.231425))",23.6,2037.0,37436.0,69.0,0.0,173879.11249551518,0.011715035640365025
"POLYGON ((-97.832772 30.113524, -97.832747 30.113667, -97.832404 30.114753, -97.832243 30.115627, -97.832036 30.117203, -97.831967 30.11818, -97.831921 30.119387, -97.831965 30.120833, -97.831985 30.121509, -97.832259 30.126995, -97.832213 30.126991, -97.832176 30.12699, -97.83207 30.12699, -97.831917 30.126999, -97.831832 30.126993, -97.831783 30.126978, -97.831729 30.126943, -97.831641 30.126862, -97.831541 30.126794, -97.831475 30.126759, -97.831383 30.126724, -97.831294 30.126701, -97.830909 30.126642, -97.830783 30.126633, -97.830414 30.126626, -97.829867 30.126575, -97.829628 30.126524, -97.829425 30.126463, -97.829254 30.126388, -97.829168 30.126367, -97.829102 30.126357, -97.828944 30.126348, -97.828671 30.126345, -97.828419 30.126351, -97.827895 30.126395, -97.827749 30.126419, -97.827556 30.126471, -97.8273 30.126549, -97.827118 30.126609, -97.826759 30.126683, -97.826284 30.126731, -97.826097 30.12677, -97.825569 30.126843, -97.825415 30.126871, -97.825296 30.126905, -97.825214 30.126939, -97.825163 30.126975, -97.82512 30.127022, -97.825081 30.127116, -97.825051 30.127144, -97.825006 30.127167, -97.824913 30.127195, -97.824819 30.127212, -97.824775 30.127216, -97.824589 30.127218, -97.824337 30.127233, -97.82418 30.127261, -97.824065 30.12727, -97.823866 30.127279, -97.823634 30.127296, -97.823497 30.127295, -97.823208 30.127282, -97.822773 30.127293, -97.822589 30.127278, -97.82245 30.127281, -97.822361 30.127301, -97.822216 30.127341, -97.822091 30.127369, -97.822053 30.127378, -97.82197 30.127401, -97.821807 30.127466, -97.821662 30.127539, -97.821594 30.127562, -97.821455 30.127594, -97.821217 30.127674, -97.821092 30.127735, -97.821016 30.127762, -97.820902 30.127791, -97.820712 30.127867, -97.820672 30.127873, -97.820635 30.127855, -97.820564 30.127807, -97.820451 30.127911, -97.820308 30.128028, -97.82017 30.128181, -97.820032 30.128302, -97.819847 30.128479, -97.819754 30.128563, -97.819569 30.128708, -97.819361 30.128845, -97.819273 30.128914, -97.819205 30.128982, -97.819143 30.129064, -97.819077 30.129175, -97.818958 30.129419, -97.818814 30.129646, -97.818695 30.129876, -97.818631 30.129991, -97.818517 30.130184, -97.818423 30.130321, -97.818342 30.130455, -97.818268 30.13056, -97.818169 30.130719, -97.818092 30.130816, -97.8179 30.130937, -97.817809 30.130967, -97.817728 30.131016, -97.817603 30.131112, -97.817495 30.131216, -97.817274 30.131456, -97.817228 30.131495, -97.817113 30.131562, -97.816959 30.131672, -97.816872 30.131754, -97.81675 30.131898, -97.816639 30.132047, -97.816592 30.13213, -97.816548 30.132236, -97.816516 30.13233, -97.816503 30.132398, -97.816465 30.132863, -97.816453 30.132905, -97.816431 30.132935, -97.816385 30.132972, -97.816171 30.133094, -97.816105 30.133155, -97.816081 30.133165, -97.816023 30.133158, -97.815962 30.133185, -97.815893 30.133231, -97.815784 30.133316, -97.815702 30.133366, -97.815681 30.133373, -97.815617 30.133383, -97.815522 30.133441, -97.815386 30.133487, -97.815098 30.133571, -97.815028 30.133583, -97.814936 30.133588, -97.814665 30.133579, -97.814564 30.133567, -97.814371 30.13352, -97.814266 30.133487, -97.814161 30.133445, -97.814068 30.133417, -97.813993 30.133404, -97.813819 30.133396, -97.813564 30.133393, -97.813333 30.133379, -97.813182 30.133357, -97.813028 30.133326, -97.812786 30.133286, -97.812572 30.133265, -97.812036 30.133229, -97.811393 30.133212, -97.81123 30.133224, -97.81104 30.133254, -97.810883 30.133262, -97.810546 30.133253, -97.810442 30.13325, -97.810406 30.133248, -97.81038 30.133247, -97.810211 30.133235, -97.809956 30.133201, -97.808893 30.132857, -97.808296 30.132693, -97.807715 30.132593, -97.807538 30.132633, -97.807076 30.132848, -97.806867 30.132922, -97.806736 30.132969, -97.80667 30.133015, -97.805843 30.1336, -97.805238 30.1341, -97.804378 30.134499, -97.803448 30.134823, -97.802505 30.135047, -97.801707 30.135236, -97.801217 30.135327, -97.800125 30.13553, -97.799312 30.135661, -97.798877 30.135731, -97.79844 30.135629, -97.798346 30.135583, -97.798294 30.135556, -97.798242 30.135536, -97.798072 30.135498, -97.797997 30.135477, -97.797937 30.135463, -97.797907 30.135455, -97.797838 30.135438, -97.797731 30.13541, -97.798111 30.134443, -97.798424 30.133648, -97.798909 30.132411, -97.799724 30.130341, -97.799937 30.129802, -97.800543 30.128259, -97.801018 30.127058, -97.801224 30.126532, -97.801408 30.126068, -97.801494 30.125847, -97.802772 30.12261, -97.803716 30.12022, -97.804027 30.119439, -97.804192 30.119026, -97.804351 30.118627, -97.805591 30.115573, -97.805999 30.114593, -97.806149 30.114214, -97.806264 30.113927, -97.806866 30.112482, -97.806871 30.11247, -97.807318 30.111464, -97.807345 30.111403, -97.807443 30.111193, -97.808115 30.109746, -97.808508 30.1089, -97.809086 30.107653, -97.809692 30.106355, -97.810391 30.104879, -97.811083 30.103403, -97.812102 30.101216, -97.812135 30.101144, -97.812719 30.099858, -97.812966 30.099316, -97.813107 30.099006, -97.813198 30.098806, -97.813255 30.09868, -97.813284 30.098686, -97.813378 30.098722, -97.813416 30.098736, -97.81347 30.098782, -97.81344 30.098789, -97.813515 30.098842, -97.813546 30.098863, -97.813561 30.098874, -97.813644 30.098931, -97.813726 30.098988, -97.813942 30.09915, -97.815516 30.100337, -97.815866 30.100613, -97.818074 30.102165, -97.81969 30.103317, -97.82073 30.104037, -97.820772 30.104101, -97.820951 30.104145, -97.831124 30.111456, -97.832992 30.112799, -97.832772 30.113524))",43.6,3338.0,80458.0,235.0,0.0,7646690.817270578,0.000436528699769173
"POLYGON ((-97.755461 30.332333, -97.755384 30.335395, -97.755373 30.335603, -97.75533 30.335951, -97.755293 30.33627, -97.755277 30.336413, -97.755013 30.336232, -97.753738 30.33558, -97.753659 30.335532, -97.752591 30.334956, -97.752367 30.334857, -97.752 30.334723, -97.751533 30.334584, -97.751383 30.334552, -97.751191 30.33451, -97.750876 30.334479, -97.750365 30.334471, -97.749749 30.334495, -97.749743 30.334398, -97.749732 30.334283, -97.749677 30.334049, -97.749641 30.333957, -97.749547 30.333798, -97.749224 30.333304, -97.749154 30.333171, -97.749073 30.333056, -97.748971 30.332932, -97.74887 30.332832, -97.748741 30.332723, -97.748594 30.332614, -97.748464 30.332532, -97.747915 30.332259, -97.747865 30.332225, -97.747656 30.332043, -97.747405 30.331859, -97.747134 30.331544, -97.746983 30.331415, -97.746786 30.331256, -97.746733 30.331201, -97.746534 30.330964, -97.746488 30.330898, -97.746422 30.330767, -97.746369 30.330641, -97.746347 30.330566, -97.746343 30.330493, -97.746358 30.330421, -97.746389 30.330352, -97.74643 30.330295, -97.746494 30.33023, -97.746623 30.33014, -97.746706 30.330056, -97.74681 30.329924, -97.746898 30.329789, -97.746942 30.329678, -97.746984 30.329552, -97.747 30.329463, -97.747009 30.329097, -97.747053 30.328644, -97.747066 30.328464, -97.747069 30.32829, -97.747043 30.328115, -97.74701 30.328013, -97.74701 30.327869, -97.746986 30.327481, -97.746942 30.327298, -97.74689 30.327143, -97.746832 30.327029, -97.746758 30.326917, -97.746519 30.32661, -97.746229 30.326317, -97.746186 30.326269, -97.74612 30.326181, -97.746097 30.326141, -97.746074 30.3261, -97.746042 30.32602, -97.745977 30.325819, -97.745964 30.325721, -97.74593 30.32562, -97.745892 30.32553, -97.745858 30.325375, -97.745802 30.325072, -97.74577 30.324941, -97.74575 30.324681, -97.745753 30.324516, -97.745767 30.324354, -97.745789 30.324171, -97.745785 30.323961, -97.745802 30.323767, -97.745818 30.323677, -97.745853 30.323537, -97.745899 30.323392, -97.745918 30.323274, -97.745918 30.323197, -97.745905 30.323109, -97.745862 30.322951, -97.745799 30.322771, -97.745732 30.322628, -97.74559 30.32241, -97.745413 30.322095, -97.745353 30.321963, -97.745344 30.321935, -97.745288 30.321765, -97.745158 30.321191, -97.745156 30.321123, -97.745161 30.321049, -97.745168 30.320996, -97.745186 30.320946, -97.745365 30.320636, -97.745415 30.320521, -97.745455 30.320454, -97.745498 30.320406, -97.745522 30.320386, -97.74568 30.320253, -97.745793 30.320149, -97.745821 30.320101, -97.745857 30.320077, -97.745909 30.320057, -97.746192 30.320057, -97.746282 30.320071, -97.746547 30.320156, -97.74708 30.320353, -97.74721 30.320409, -97.747294 30.320462, -97.747331 30.320514, -97.7474 30.320549, -97.74771 30.320663, -97.747828 30.320711, -97.747853 30.320712, -97.747918 30.320694, -97.748003 30.320702, -97.748054 30.320717, -97.748359 30.320852, -97.74846 30.320886, -97.748576 30.320912, -97.748748 30.320933, -97.748919 30.320945, -97.749047 30.320941, -97.749099 30.320936, -97.74926 30.320863, -97.749292 30.320717, -97.74931 30.320584, -97.749324 30.32048, -97.749344 30.32021, -97.749356 30.319945, -97.749325 30.319735, -97.749241 30.319394, -97.749203 30.319186, -97.749123 30.318963, -97.749118 30.318876, -97.749139 30.318885, -97.750934 30.319719, -97.751722 30.320095, -97.752393 30.320426, -97.752445 30.320446, -97.752494 30.320451, -97.752675 30.320436, -97.752905 30.320424, -97.753043 30.320431, -97.753155 30.320454, -97.753479 30.320568, -97.751924 30.323077, -97.750849 30.324805, -97.750678 30.325165, -97.750224 30.325901, -97.749763 30.326632, -97.749144 30.327637, -97.75109 30.328578, -97.752011 30.329033, -97.752893 30.32947, -97.75383 30.329923, -97.754697 30.330342, -97.755384 30.330672, -97.755531 30.330749, -97.755461 30.332333))",56.0,1045.0,110703.0,0.0,17.0,946812.1305513675,0.0011037036454016002
"POLYGON ((-97.764544 30.329707, -97.764482 30.329883, -97.764343 30.330332, -97.764255 30.33058, -97.764115 30.330839, -97.763981 30.33103, -97.763816 30.331227, -97.763568 30.331449, -97.763294 30.331661, -97.763128 30.331764, -97.762989 30.331836, -97.762746 30.331949, -97.762425 30.332062, -97.761826 30.332243, -97.761366 30.332373, -97.761056 30.332466, -97.760839 30.332564, -97.760684 30.332672, -97.760508 30.332858, -97.760366 30.333044, -97.759786 30.333866, -97.75907 30.334935, -97.758913 30.335196, -97.758832 30.335353, -97.758723 30.335614, -97.758562 30.335652, -97.758452 30.335709, -97.758334 30.33579, -97.75821 30.335918, -97.757077 30.337434, -97.756013 30.336812, -97.755614 30.336593, -97.755277 30.336413, -97.755293 30.33627, -97.75533 30.335951, -97.755373 30.335603, -97.755384 30.335395, -97.755461 30.332333, -97.755531 30.330749, -97.755384 30.330672, -97.754697 30.330342, -97.75383 30.329923, -97.752893 30.32947, -97.752011 30.329033, -97.75109 30.328578, -97.749144 30.327637, -97.749763 30.326632, -97.750224 30.325901, -97.750678 30.325165, -97.750849 30.324805, -97.751924 30.323077, -97.753479 30.320568, -97.754264 30.320974, -97.754823 30.321235, -97.755013 30.321303, -97.755169 30.321336, -97.755296 30.321355, -97.755421 30.321358, -97.755507 30.321364, -97.7556 30.321364, -97.755708 30.321363, -97.755706 30.321461, -97.755662 30.323419, -97.755629 30.324833, -97.755625 30.325005, -97.755803 30.325007, -97.755991 30.325013, -97.75613 30.32505, -97.75628 30.325126, -97.757 30.325493, -97.757174 30.32557, -97.757236 30.325616, -97.757345 30.325732, -97.757622 30.325969, -97.757852 30.326156, -97.758505 30.326617, -97.758587 30.326691, -97.75878 30.326862, -97.759438 30.327153, -97.76018 30.327391, -97.7626 30.328566, -97.763513 30.329023, -97.764645 30.329568, -97.764544 30.329707))",43.5,1667.0,222893.0,56.0,0.0,1072764.9795900148,0.001553928429540166
"POLYGON ((-97.755155 30.317703, -97.755101 30.31788, -97.754939 30.318166, -97.754052 30.319625, -97.753479 30.320568, -97.753155 30.320454, -97.753043 30.320431, -97.752905 30.320424, -97.752675 30.320436, -97.752494 30.320451, -97.752445 30.320446, -97.752393 30.320426, -97.751722 30.320095, -97.750934 30.319719, -97.749139 30.318885, -97.749118 30.318876, -97.749109 30.318759, -97.749094 30.318217, -97.749139 30.317957, -97.749193 30.317878, -97.74921 30.317783, -97.749209 30.317759, -97.749202 30.317741, -97.749089 30.317584, -97.748896 30.3173, -97.748876 30.317116, -97.748914 30.316855, -97.749041 30.316418, -97.749226 30.316024, -97.749249 30.315937, -97.749246 30.315669, -97.749184 30.315367, -97.749105 30.315196, -97.749084 30.315127, -97.749079 30.315038, -97.749103 30.314885, -97.749143 30.314717, -97.749146 30.314654, -97.749079 30.314077, -97.749042 30.313819, -97.748987 30.313517, -97.748941 30.313316, -97.748896 30.313189, -97.748827 30.313056, -97.748797 30.313028, -97.748725 30.312998, -97.74865 30.312972, -97.74863 30.312944, -97.748622 30.312882, -97.748607 30.312602, -97.748617 30.312453, -97.748628 30.312384, -97.748655 30.31231, -97.748722 30.312202, -97.748745 30.312137, -97.748756 30.312087, -97.748776 30.311863, -97.748809 30.311674, -97.748827 30.311612, -97.748888 30.311445, -97.748972 30.310901, -97.748979 30.310763, -97.748959 30.310504, -97.748921 30.310009, -97.748919 30.30997, -97.748905 30.309712, -97.7489 30.309525, -97.748883 30.309415, -97.748794 30.309125, -97.7488 30.309083, -97.748831 30.309023, -97.748842 30.308964, -97.748834 30.308907, -97.748774 30.308747, -97.748616 30.30839, -97.748464 30.308061, -97.748209 30.307421, -97.748099 30.307312, -97.74822 30.307344, -97.748395 30.307392, -97.748533 30.307439, -97.748618 30.307482, -97.748697 30.307535, -97.748769 30.307596, -97.748843 30.307683, -97.748928 30.3078, -97.749029 30.307925, -97.749202 30.308204, -97.749305 30.308334, -97.749422 30.308453, -97.749586 30.308583, -97.749802 30.308711, -97.750664 30.309185, -97.751764 30.310817, -97.751848 30.310947, -97.752565 30.312081, -97.753102 30.313206, -97.753692 30.314389, -97.754079 30.315269, -97.75456 30.316274, -97.75507 30.317316, -97.755103 30.317426, -97.755139 30.317548, -97.755155 30.317703))",31.3,669.0,98009.0,36.0,80.0,521117.5733431408,0.0012837793891849487
"POLYGON ((-97.749749 30.334495, -97.749175 30.334609, -97.74755 30.335209, -97.747069 30.335376, -97.745996 30.335788, -97.745579 30.33581, -97.744902 30.335667, -97.743913 30.335422, -97.742951 30.335215, -97.741908 30.335104, -97.742439 30.333038, -97.741611 30.332818, -97.741403 30.330033, -97.741269 30.328061, -97.742228 30.328044, -97.742716 30.328036, -97.744143 30.328014, -97.743941 30.325126, -97.743936 30.325056, -97.744063 30.325124, -97.744962 30.325602, -97.746097 30.326141, -97.74612 30.326181, -97.746186 30.326269, -97.746229 30.326317, -97.746519 30.32661, -97.746758 30.326917, -97.746832 30.327029, -97.74689 30.327143, -97.746942 30.327298, -97.746986 30.327481, -97.74701 30.327869, -97.74701 30.328013, -97.747043 30.328115, -97.747069 30.32829, -97.747066 30.328464, -97.747053 30.328644, -97.747009 30.329097, -97.747 30.329463, -97.746984 30.329552, -97.746942 30.329678, -97.746898 30.329789, -97.74681 30.329924, -97.746706 30.330056, -97.746623 30.33014, -97.746494 30.33023, -97.74643 30.330295, -97.746389 30.330352, -97.746358 30.330421, -97.746343 30.330493, -97.746347 30.330566, -97.746369 30.330641, -97.746422 30.330767, -97.746488 30.330898, -97.746534 30.330964, -97.746733 30.331201, -97.746786 30.331256, -97.746983 30.331415, -97.747134 30.331544, -97.747405 30.331859, -97.747656 30.332043, -97.747865 30.332225, -97.747915 30.332259, -97.748464 30.332532, -97.748594 30.332614, -97.748741 30.332723, -97.74887 30.332832, -97.748971 30.332932, -97.749073 30.333056, -97.749154 30.333171, -97.749224 30.333304, -97.749547 30.333798, -97.749641 30.333957, -97.749677 30.334049, -97.749732 30.334283, -97.749743 30.334398, -97.749749 30.334495))",37.5,1424.0,168778.0,9.0,0.0,548239.916079049,0.0025974029949958587
"POLYGON ((-97.740075 30.333091, -97.740039 30.333558, -97.739965 30.334105, -97.739822 30.334852, -97.738917 30.334419, -97.738495 30.334209, -97.736757 30.333382, -97.735625 30.33282, -97.734763 30.332401, -97.734649 30.332331, -97.734567 30.332306, -97.732406 30.331264, -97.731593 30.330871, -97.732231 30.329854, -97.732775 30.328999, -97.734464 30.326359, -97.735672 30.32692, -97.736175 30.327197, -97.736851 30.327498, -97.738028 30.328089, -97.739268 30.328669, -97.739788 30.328916, -97.73989 30.330071, -97.740096 30.33248, -97.740075 30.333091))",36.9,934.0,126964.0,0.0,0.0,437077.13428433234,0.002136922585825329
"POLYGON ((-97.739788 30.328916, -97.739268 30.328669, -97.738028 30.328089, -97.736851 30.327498, -97.736175 30.327197, -97.735672 30.32692, -97.734464 30.326359, -97.735869 30.324162, -97.734925 30.323717, -97.734008 30.32328, -97.734892 30.321851, -97.735313 30.32118, -97.735734 30.320526, -97.73647 30.319391, -97.736848 30.318766, -97.737547 30.317658, -97.739561 30.318595, -97.739544 30.318616, -97.739536 30.31864, -97.739184 30.319278, -97.739225 30.319856, -97.739363 30.321995, -97.739402 30.322561, -97.739459 30.323679, -97.739613 30.325852, -97.739625 30.325959, -97.739746 30.327901, -97.739741 30.328079, -97.739788 30.328916))",35.4,1172.0,58038.0,47.0,118.0,421637.3406322607,0.002779639958459426
"POLYGON ((-97.749344 30.32021, -97.749324 30.32048, -97.74931 30.320584, -97.749292 30.320717, -97.74926 30.320863, -97.749099 30.320936, -97.749047 30.320941, -97.748919 30.320945, -97.748748 30.320933, -97.748576 30.320912, -97.74846 30.320886, -97.748359 30.320852, -97.748054 30.320717, -97.748003 30.320702, -97.747918 30.320694, -97.747853 30.320712, -97.747828 30.320711, -97.74771 30.320663, -97.7474 30.320549, -97.747331 30.320514, -97.747294 30.320462, -97.74721 30.320409, -97.74708 30.320353, -97.746547 30.320156, -97.746282 30.320071, -97.746192 30.320057, -97.745909 30.320057, -97.745857 30.320077, -97.745821 30.320101, -97.745793 30.320149, -97.74568 30.320253, -97.745522 30.320386, -97.745498 30.320406, -97.745455 30.320454, -97.745415 30.320521, -97.745365 30.320636, -97.745186 30.320946, -97.745168 30.320996, -97.745161 30.321049, -97.745156 30.321123, -97.745158 30.321191, -97.745288 30.321765, -97.745344 30.321935, -97.745353 30.321963, -97.745413 30.322095, -97.74559 30.32241, -97.745732 30.322628, -97.745799 30.322771, -97.745862 30.322951, -97.745905 30.323109, -97.745918 30.323197, -97.745918 30.323274, -97.745899 30.323392, -97.745853 30.323537, -97.745818 30.323677, -97.745802 30.323767, -97.745785 30.323961, -97.745789 30.324171, -97.745767 30.324354, -97.745753 30.324516, -97.74575 30.324681, -97.74577 30.324941, -97.745802 30.325072, -97.745858 30.325375, -97.745892 30.32553, -97.74593 30.32562, -97.745964 30.325721, -97.745977 30.325819, -97.746042 30.32602, -97.746074 30.3261, -97.746097 30.326141, -97.744962 30.325602, -97.744063 30.325124, -97.743936 30.325056, -97.742746 30.324234, -97.74146 30.323428, -97.741366 30.323362, -97.740529 30.322776, -97.739363 30.321995, -97.739225 30.319856, -97.739184 30.319278, -97.739536 30.31864, -97.739544 30.318616, -97.739561 30.318595, -97.739912 30.318019, -97.740769 30.316694, -97.741567 30.315401, -97.742482 30.315811, -97.743358 30.31623, -97.744267 30.316653, -97.745147 30.317103, -97.745561 30.317298, -97.745889 30.317406, -97.746142 30.317465, -97.746957 30.317894, -97.747625 30.318234, -97.748297 30.318542, -97.749057 30.318854, -97.749118 30.318876, -97.749123 30.318963, -97.749203 30.319186, -97.749241 30.319394, -97.749325 30.319735, -97.749356 30.319945, -97.749344 30.32021))",44.6,996.0,109554.0,39.0,30.0,592455.8666730144,0.001681137880519475
"POLYGON ((-97.735723 30.306509, -97.7351 30.307517, -97.734966 30.307719, -97.73435 30.308649, -97.733665 30.309724, -97.732976 30.310843, -97.732037 30.310395, -97.731141 30.309943, -97.730196 30.30953, -97.729344 30.309141, -97.72839 30.308633, -97.729095 30.307577, -97.729836 30.306423, -97.730539 30.305288, -97.731243 30.304205, -97.732173 30.304644, -97.733069 30.305051, -97.734007 30.305498, -97.734905 30.30594, -97.735796 30.30639, -97.735723 30.306509))",31.2,1368.0,64855.0,22.0,168.0,283543.24333084375,0.004824660901560582
"POLYGON ((-97.727095 30.303058, -97.726792 30.303523, -97.726586 30.303891, -97.726114 30.304676, -97.724915 30.306461, -97.724676 30.306883, -97.724607 30.306998, -97.724493 30.306998, -97.724352 30.306976, -97.724103 30.306899, -97.723914 30.306838, -97.723665 30.306724, -97.722142 30.305994, -97.720937 30.305483, -97.719615 30.304854, -97.720095 30.304091, -97.720118 30.304036, -97.720169 30.303946, -97.72049 30.303452, -97.720556 30.303335, -97.720984 30.302657, -97.721551 30.301488, -97.722353 30.299747, -97.722386 30.299682, -97.724179 30.300615, -97.724202 30.300624, -97.725798 30.301379, -97.726342 30.301643, -97.726624 30.301784, -97.727615 30.302246, -97.727095 30.303058))",28.6,1156.0,45313.0,120.0,330.0,339613.3383213002,0.003403871019065616
"POLYGON ((-97.727401 30.283078, -97.726883 30.28384, -97.725798 30.285441, -97.725583 30.285778, -97.725149 30.286457, -97.72508 30.286556, -97.725 30.286681, -97.724784 30.287018, -97.724229 30.287895, -97.724165 30.287998, -97.724034 30.288212, -97.723727 30.288695, -97.723375 30.289242, -97.723043 30.289756, -97.720991 30.292907, -97.720587 30.29355, -97.72013 30.294284, -97.719719 30.294945, -97.719637 30.294894, -97.719566 30.294856, -97.719457 30.294796, -97.719382 30.294758, -97.718556 30.294345, -97.71783 30.294006, -97.717116 30.293664, -97.716424 30.293259, -97.716063 30.293026, -97.715617 30.292739, -97.71545 30.292658, -97.714493 30.292216, -97.713564 30.291765, -97.714039 30.291082, -97.714408 30.290473, -97.714481 30.290348, -97.714596 30.290177, -97.714893 30.28976, -97.715028 30.28957, -97.716037 30.288001, -97.716831 30.286757, -97.718426 30.284411, -97.719106 30.284279, -97.719763 30.284201, -97.720161 30.284116, -97.720484 30.284084, -97.721106 30.283951, -97.722163 30.283813, -97.722858 30.283679, -97.723029 30.283644, -97.723334 30.283589, -97.724032 30.283466, -97.724765 30.283346, -97.725566 30.283217, -97.726028 30.283144, -97.726765 30.283013, -97.726921 30.282986, -97.727071 30.283011, -97.727149 30.283021, -97.727181 30.28303, -97.727257 30.283048, -97.727373 30.283077, -97.727401 30.283078))",39.4,1355.0,125774.0,12.0,69.0,839447.0856664678,0.0016141577273143023
"POLYGON ((-97.721753 30.263351, -97.721728 30.263405, -97.721353 30.264195, -97.720956 30.265006, -97.719715 30.264711, -97.719513 30.265186, -97.719294 30.265635, -97.717973 30.265185, -97.716711 30.265792, -97.715562 30.266324, -97.714737 30.266736, -97.714678 30.266908, -97.714235 30.266475, -97.714053 30.26632, -97.713813 30.266082, -97.713638 30.265877, -97.713479 30.265665, -97.713372 30.265498, -97.713314 30.265381, -97.713242 30.265218, -97.713162 30.264996, -97.713126 30.264864, -97.713115 30.264824, -97.71308 30.264653, -97.713049 30.264421, -97.71304 30.264245, -97.713045 30.264036, -97.713046 30.264011, -97.713071 30.263781, -97.713103 30.263608, -97.713148 30.263436, -97.713231 30.263193, -97.713368 30.263237, -97.713667 30.263243, -97.714814 30.262727, -97.715354 30.262433, -97.715933 30.262228, -97.716698 30.261839, -97.71746 30.261475, -97.718036 30.261572, -97.722112 30.262577, -97.721753 30.263351))",34.1,1712.0,134821.0,219.0,352.0,308127.8824862548,0.005556134635353456
"POLYGON ((-97.734372 30.266732, -97.734037 30.267646, -97.733998 30.267753, -97.733693 30.268582, -97.733318 30.269607, -97.732996 30.270465, -97.732896 30.270438, -97.732795 30.270412, -97.732636 30.27037, -97.732476 30.270329, -97.731486 30.270028, -97.731402 30.269996, -97.730828 30.269776, -97.730185 30.269537, -97.729356 30.269226, -97.728907 30.269079, -97.727856 30.268689, -97.727401 30.268499, -97.726916 30.26839, -97.726343 30.268141, -97.725373 30.267803, -97.72488 30.267636, -97.7245 30.267447, -97.723402 30.267058, -97.722541 30.266755, -97.721413 30.266383, -97.720519 30.266065, -97.719294 30.265635, -97.719513 30.265186, -97.719715 30.264711, -97.720956 30.265006, -97.721353 30.264195, -97.721728 30.263405, -97.721753 30.263351, -97.722112 30.262577, -97.724135 30.263237, -97.725114 30.263581, -97.726138 30.263954, -97.727111 30.264334, -97.727993 30.264657, -97.728882 30.264945, -97.729083 30.265018, -97.730069 30.265321, -97.730335 30.265426, -97.731122 30.265662, -97.731718 30.265913, -97.732149 30.266051, -97.733174 30.266363, -97.733869 30.266577, -97.734199 30.266679, -97.734372 30.266732))",27.7,1531.0,110069.0,409.0,159.0,558625.2884617555,0.0027406564500790857
"POLYGON ((-97.716698 30.261839, -97.715933 30.262228, -97.715354 30.262433, -97.714814 30.262727, -97.713667 30.263243, -97.713368 30.263237, -97.713231 30.263193, -97.712759 30.263043, -97.711972 30.263885, -97.711544 30.264201, -97.710977 30.264464, -97.71027 30.264774, -97.708489 30.264138, -97.708178 30.264041, -97.707309 30.263723, -97.70676 30.263522, -97.705882 30.263218, -97.703816 30.262494, -97.702233 30.261903, -97.700402 30.261293, -97.699796 30.261087, -97.699765 30.261076, -97.699552 30.260993, -97.698712 30.260665, -97.699108 30.260062, -97.699517 30.259339, -97.700079 30.258506, -97.700908 30.257222, -97.701673 30.256036, -97.702756 30.25674, -97.703146 30.256993, -97.70439 30.257822, -97.705683 30.258407, -97.706901 30.258956, -97.707043 30.25902, -97.709495 30.260127, -97.71059 30.260413, -97.711633 30.260619, -97.713716 30.260915, -97.71476 30.261054, -97.715054 30.261131, -97.715146 30.261155, -97.715192 30.261167, -97.71746 30.261475, -97.716698 30.261839))",31.9,1599.0,158286.0,5.0,0.0,694650.9397396185,0.002301875529887523
"POLYGON ((-97.722957 30.260732, -97.722883 30.26089, -97.722512 30.261694, -97.722112 30.262577, -97.718036 30.261572, -97.71746 30.261475, -97.715192 30.261167, -97.715146 30.261155, -97.715054 30.261131, -97.71476 30.261054, -97.713716 30.260915, -97.711633 30.260619, -97.71059 30.260413, -97.709495 30.260127, -97.707043 30.25902, -97.706901 30.258956, -97.705683 30.258407, -97.70439 30.257822, -97.703146 30.256993, -97.702756 30.25674, -97.701673 30.256036, -97.701948 30.255613, -97.703081 30.253856, -97.703641 30.252991, -97.704272 30.251917, -97.704545 30.251931, -97.707899 30.251706, -97.708748 30.251726, -97.709528 30.251843, -97.710804 30.252315, -97.711824 30.252669, -97.712781 30.252988, -97.712332 30.253911, -97.71194 30.254811, -97.711505 30.255707, -97.711108 30.256628, -97.71161 30.256798, -97.713735 30.25754, -97.715088 30.257994, -97.71557 30.258125, -97.717538 30.258786, -97.717972 30.258942, -97.71862 30.259167, -97.719088 30.259313, -97.722322 30.260426, -97.72299 30.260658, -97.722957 30.260732))",35.0,1763.0,68913.0,0.0,54.0,1011097.7723967901,0.0017436493760844103
"POLYGON ((-97.736517 30.261317, -97.736269 30.261855, -97.735747 30.262956, -97.735566 30.2634, -97.7355 30.263587, -97.735426 30.263796, -97.735412 30.263845, -97.735384 30.26394, -97.735378 30.263962, -97.735331 30.264121, -97.735288 30.264269, -97.735067 30.264861, -97.734722 30.265792, -97.734387 30.26669, -97.734372 30.266732, -97.734199 30.266679, -97.733869 30.266577, -97.733174 30.266363, -97.732149 30.266051, -97.731718 30.265913, -97.731122 30.265662, -97.730335 30.265426, -97.730069 30.265321, -97.729083 30.265018, -97.728882 30.264945, -97.727993 30.264657, -97.727111 30.264334, -97.726138 30.263954, -97.725114 30.263581, -97.724135 30.263237, -97.722112 30.262577, -97.722512 30.261694, -97.722883 30.26089, -97.722957 30.260732, -97.72299 30.260658, -97.723224 30.26014, -97.723365 30.259827, -97.723775 30.258928, -97.724202 30.258012, -97.72461 30.257132, -97.726637 30.257831, -97.728666 30.258518, -97.730596 30.259193, -97.7316 30.259549, -97.732607 30.259885, -97.733612 30.260242, -97.734617 30.260567, -97.735536 30.260913, -97.735784 30.260995, -97.736223 30.261144, -97.736335 30.261185, -97.736553 30.261207, -97.736517 30.261317))",35.5,1920.0,80250.0,29.0,27.0,809478.6594620721,0.0023718969951300626
"POLYGON ((-97.737298 30.258262, -97.73724 30.258816, -97.737174 30.259136, -97.736885 30.260143, -97.736553 30.261207, -97.736335 30.261185, -97.736223 30.261144, -97.735784 30.260995, -97.735536 30.260913, -97.734617 30.260567, -97.733612 30.260242, -97.732607 30.259885, -97.7316 30.259549, -97.730596 30.259193, -97.730893 30.25841, -97.731291 30.257626, -97.731604 30.256829, -97.729733 30.256186, -97.729899 30.255771, -97.730283 30.254935, -97.732185 30.2556, -97.732693 30.255776, -97.734295 30.25633, -97.734714 30.255327, -97.736483 30.255864, -97.736518 30.256821, -97.736516 30.257127, -97.736774 30.257188, -97.737031 30.25725, -97.73727 30.257326, -97.737281 30.257522, -97.73728 30.257764, -97.737293 30.258163, -97.737298 30.258262))",40.1,628.0,124453.0,0.0,0.0,304585.7009845889,0.0020618170779848097
"POLYGON ((-97.725859 30.25441, -97.725457 30.255304, -97.725024 30.256208, -97.72461 30.257132, -97.723621 30.256771, -97.723326 30.256663, -97.722648 30.256432, -97.722021 30.256202, -97.721679 30.256085, -97.720683 30.255787, -97.71935 30.255276, -97.717699 30.254706, -97.716751 30.254392, -97.715411 30.253917, -97.714144 30.253445, -97.712781 30.252988, -97.711824 30.252669, -97.710804 30.252315, -97.709528 30.251843, -97.708748 30.251726, -97.707899 30.251706, -97.704545 30.251931, -97.704351 30.251814, -97.704881 30.251109, -97.704987 30.250976, -97.705281 30.250609, -97.706873 30.250575, -97.71019 30.250504, -97.713506 30.250432, -97.713432 30.251025, -97.713426 30.251051, -97.713413 30.251203, -97.713387 30.251507, -97.714614 30.251543, -97.714949 30.251663, -97.716268 30.252097, -97.717123 30.252389, -97.71757 30.252558, -97.71855 30.252894, -97.720222 30.2535, -97.721535 30.253961, -97.721968 30.253013, -97.722314 30.252244, -97.722359 30.252152, -97.723696 30.252617, -97.724967 30.253055, -97.726294 30.25352, -97.725859 30.25441))",43.3,755.0,120500.0,0.0,26.0,492299.2168534576,0.0015336201524463126
"POLYGON ((-97.729095 30.249864, -97.727801 30.250616, -97.727485 30.250843, -97.727089 30.251679, -97.726693 30.252612, -97.726294 30.25352, -97.724967 30.253055, -97.723696 30.252617, -97.722359 30.252152, -97.722314 30.252244, -97.721968 30.253013, -97.721535 30.253961, -97.720222 30.2535, -97.71855 30.252894, -97.71757 30.252558, -97.717123 30.252389, -97.716268 30.252097, -97.714949 30.251663, -97.714614 30.251543, -97.713387 30.251507, -97.713413 30.251203, -97.713426 30.251051, -97.713432 30.251025, -97.713506 30.250432, -97.713793 30.25036, -97.715697 30.249883, -97.715936 30.249823, -97.716094 30.249724, -97.717071 30.249111, -97.717863 30.248615, -97.719064 30.248157, -97.719386 30.248035, -97.72006 30.247812, -97.720344 30.247718, -97.7226 30.246808, -97.723758 30.246603, -97.725476 30.247032, -97.725907 30.247139, -97.727022 30.247858, -97.727814 30.248369, -97.727744 30.248553, -97.728083 30.248655, -97.72834 30.248814, -97.728495 30.249026, -97.728904 30.249536, -97.729095 30.249864))",37.7,490.0,89349.0,23.0,0.0,698434.7507309152,0.0007015687571204221
"POLYGON ((-97.819677 30.277468, -97.819543 30.277537, -97.819429 30.277589, -97.819289 30.277653, -97.819204 30.277668, -97.819123 30.277669, -97.819013 30.277631, -97.818925 30.277563, -97.818808 30.277349, -97.818702 30.277232, -97.818596 30.277155, -97.818359 30.277068, -97.818293 30.277036, -97.817437 30.276634, -97.817305 30.276572, -97.81582 30.275851, -97.814148 30.275078, -97.813999 30.27502, -97.813042 30.274588, -97.812704 30.274445, -97.812544 30.274387, -97.812445 30.274361, -97.812249 30.274342, -97.812357 30.273985, -97.811504 30.273535, -97.81141 30.273485, -97.811209 30.273094, -97.81109 30.272574, -97.809998 30.272525, -97.809162 30.272272, -97.809186 30.271816, -97.809181 30.271782, -97.809133 30.27147, -97.808965 30.270225, -97.808767 30.270238, -97.808661 30.270257, -97.808118 30.270393, -97.808014 30.270412, -97.807821 30.270421, -97.807677 30.270415, -97.807587 30.270398, -97.80731 30.27031, -97.806398 30.269893, -97.806088 30.269786, -97.805883 30.269725, -97.805371 30.269606, -97.805218 30.269561, -97.804517 30.269018, -97.804937 30.268556, -97.805182 30.26814, -97.805428 30.267725, -97.806 30.266756, -97.806473 30.26607, -97.806618 30.265829, -97.806888 30.26538, -97.807546 30.264287, -97.807979 30.263621, -97.807999 30.263591, -97.808485 30.262815, -97.808487 30.262736, -97.808945 30.262019, -97.809064 30.261945, -97.809043 30.26185, -97.810871 30.258988, -97.810944 30.25888, -97.81107 30.258749, -97.811229 30.258596, -97.811704 30.258271, -97.811978 30.25807, -97.812101 30.257995, -97.812298 30.257865, -97.812333 30.257902, -97.812393 30.257986, -97.812436 30.258037, -97.813336 30.259168, -97.815834 30.262307, -97.815954 30.262464, -97.816788 30.26355, -97.81689 30.26367, -97.816977 30.26378, -97.817205 30.264048, -97.817588 30.264586, -97.817773 30.264875, -97.817913 30.265225, -97.81797 30.265344, -97.818064 30.265525, -97.81815 30.265799, -97.81825 30.266175, -97.818316 30.266514, -97.818351 30.266856, -97.818357 30.267082, -97.818353 30.267269, -97.818231 30.268633, -97.818011 30.27038, -97.817906 30.271222, -97.817861 30.271572, -97.817849 30.271653, -97.817831 30.271776, -97.817743 30.27218, -97.817686 30.272904, -97.817685 30.273439, -97.817737 30.274138, -97.817858 30.274514, -97.817962 30.274793, -97.818035 30.274986, -97.818321 30.275552, -97.8185 30.275847, -97.818729 30.276161, -97.818941 30.276473, -97.819579 30.27733, -97.819677 30.277468))",38.8,1051.0,250001.0,0.0,0.0,1553876.1087368825,0.000676373099560903
"POLYGON ((-97.698876 30.303907, -97.698505 30.304484, -97.698143 30.30505, -97.697684 30.305766, -97.697345 30.306342, -97.696882 30.30705, -97.696447 30.307759, -97.695971 30.308487, -97.695498 30.309187, -97.695046 30.309945, -97.694543 30.310737, -97.694092 30.311468, -97.694001 30.311599, -97.693828 30.311848, -97.693112 30.311484, -97.691308 30.310671, -97.690741 30.310442, -97.6908 30.310228, -97.690041 30.30785, -97.689769 30.30702, -97.689421 30.306201, -97.689037 30.305993, -97.688387 30.305641, -97.688769 30.304848, -97.689363 30.3039, -97.689553 30.303594, -97.689863 30.303031, -97.690005 30.302107, -97.689967 30.301295, -97.690232 30.300942, -97.691136 30.301327, -97.692148 30.301383, -97.692986 30.30143, -97.694837 30.301532, -97.694986 30.30154, -97.695134 30.301549, -97.695361 30.301562, -97.696246 30.301944, -97.696962 30.302195, -97.697419 30.30241, -97.697745 30.302613, -97.698046 30.302848, -97.698255 30.303056, -97.698457 30.303318, -97.698738 30.30365, -97.698876 30.303907))",44.7,1294.0,148917.0,20.0,12.0,727591.9988941215,0.001778469254701496
"POLYGON ((-97.743751 30.238373, -97.743064 30.239426, -97.742801 30.239902, -97.742194 30.240795, -97.741959 30.241188, -97.741727 30.241574, -97.741504 30.242211, -97.741188 30.243109, -97.740875 30.242971, -97.739324 30.242241, -97.738595 30.241687, -97.738008 30.241373, -97.737398 30.241047, -97.737243 30.240978, -97.737023 30.24088, -97.737484 30.240135, -97.738212 30.238976, -97.738391 30.238692, -97.738416 30.238649, -97.738654 30.238242, -97.740233 30.235549, -97.740861 30.234475, -97.741273 30.233771, -97.741652 30.23385, -97.741797 30.233894, -97.741781 30.234174, -97.741813 30.234335, -97.742209 30.235165, -97.742538 30.235496, -97.742878 30.235839, -97.743047 30.236001, -97.743595 30.236532, -97.744436 30.237297, -97.743751 30.238373))",34.5,1040.0,67396.0,31.0,62.0,352200.6782236473,0.0029528620025529887
"POLYGON ((-97.736969 30.240953, -97.736403 30.241929, -97.73594 30.242684, -97.735874 30.242815, -97.735631 30.243214, -97.735467 30.243563, -97.735307 30.243955, -97.735261 30.244083, -97.735142 30.244414, -97.735037 30.244959, -97.735021 30.24544, -97.735028 30.245863, -97.735125 30.246374, -97.735248 30.247021, -97.735339 30.247501, -97.735412 30.247888, -97.735195 30.247856, -97.735174 30.247852, -97.734998 30.247819, -97.734859 30.247844, -97.73473 30.247867, -97.734141 30.247736, -97.733752 30.247625, -97.733569 30.24748, -97.733386 30.247442, -97.732158 30.24652, -97.73206 30.246318, -97.731871 30.246296, -97.731443 30.245957, -97.730937 30.245558, -97.730533 30.245069, -97.730434 30.244824, -97.730197 30.244626, -97.729809 30.244064, -97.72947 30.243595, -97.729285 30.243348, -97.729287 30.243206, -97.729856 30.243083, -97.729969 30.243, -97.730193 30.24268, -97.731774 30.240053, -97.732948 30.238195, -97.733544 30.238438, -97.735238 30.239251, -97.73604 30.239762, -97.736212 30.240079, -97.73631 30.240417, -97.736338 30.240492, -97.736379 30.240556, -97.736472 30.240635, -97.736871 30.240816, -97.737023 30.24088, -97.736969 30.240953))",30.9,716.0,115750.0,2.0,10.0,432127.9901610002,0.0016569165069201745
"POLYGON ((-97.741244 30.351084, -97.74124 30.351105, -97.741228 30.351183, -97.741231 30.351336, -97.741194 30.351582, -97.74113 30.351734, -97.741053 30.351817, -97.741031 30.351889, -97.740996 30.352047, -97.740929 30.352205, -97.740834 30.352323, -97.740739 30.35248, -97.74061 30.352599, -97.740462 30.35269, -97.740288 30.352827, -97.74013 30.352944, -97.740085 30.353002, -97.740014 30.353079, -97.739928 30.353156, -97.739837 30.353225, -97.739566 30.353518, -97.739386 30.353661, -97.73932 30.353711, -97.739039 30.353923, -97.738869 30.354015, -97.738752 30.354133, -97.738711 30.354184, -97.73867 30.354272, -97.738637 30.354366, -97.738605 30.354498, -97.738588 30.354629, -97.738554 30.354711, -97.738533 30.35479, -97.738539 30.35493, -97.738552 30.35506, -97.738585 30.355185, -97.738642 30.355319, -97.738717 30.355453, -97.738759 30.35557, -97.738809 30.355651, -97.738896 30.355705, -97.738998 30.355842, -97.739066 30.356005, -97.739096 30.35612, -97.739087 30.356276, -97.739097 30.356382, -97.739123 30.356483, -97.739335 30.357314, -97.73944 30.357749, -97.739467 30.357939, -97.739476 30.358006, -97.73948 30.358084, -97.738777 30.357797, -97.736584 30.356845, -97.736539 30.356825, -97.736444 30.356784, -97.736406 30.356852, -97.735575 30.358142, -97.735518 30.35824, -97.735445 30.358325, -97.735417 30.358313, -97.731002 30.356276, -97.730941 30.356196, -97.730903 30.356147, -97.733199 30.352281, -97.73321 30.352262, -97.73323 30.352225, -97.733272 30.352162, -97.734336 30.350572, -97.734934 30.349504, -97.73578 30.348256, -97.736796 30.348807, -97.740594 30.350716, -97.741266 30.35103, -97.741244 30.351084))",29.7,854.0,67742.0,35.0,0.0,610907.9900357616,0.0013979191857517008
"POLYGON ((-97.776544 30.255357, -97.776371 30.255599, -97.775508 30.256698, -97.775291 30.256859, -97.774869 30.25701, -97.774725 30.257081, -97.774245 30.25733, -97.773757 30.257648, -97.773378 30.257822, -97.772819 30.257992, -97.772104 30.257604, -97.771564 30.257356, -97.771335 30.257214, -97.771098 30.256827, -97.771079 30.256346, -97.771314 30.255973, -97.771474 30.255647, -97.770393 30.255157, -97.770172 30.255024, -97.769995 30.254902, -97.769488 30.254243, -97.769316 30.253964, -97.768908 30.253555, -97.768648 30.253412, -97.767772 30.253001, -97.768324 30.252113, -97.76881 30.25135, -97.76931 30.250546, -97.770158 30.250945, -97.771454 30.251656, -97.773456 30.252631, -97.773272 30.252963, -97.775176 30.253861, -97.775489 30.253934, -97.775725 30.254029, -97.776018 30.254186, -97.777043 30.254729, -97.776544 30.255357))",26.9,1368.0,250001.0,17.0,64.0,343461.1323979178,0.0039829834323585125
"POLYGON ((-97.779183 30.240275, -97.778039 30.242173, -97.777819 30.242539, -97.777147 30.243581, -97.776187 30.245072, -97.777183 30.246924, -97.775234 30.247311, -97.774229 30.247404, -97.772803 30.247576, -97.772118 30.247788, -97.770757 30.248212, -97.769947 30.248413, -97.769213 30.246564, -97.76914 30.246389, -97.768984 30.246016, -97.769213 30.245813, -97.769536 30.245522, -97.77 30.244962, -97.770037 30.244912, -97.77012 30.244819, -97.770373 30.244412, -97.770915 30.243369, -97.771075 30.243026, -97.771266 30.242702, -97.77139 30.242416, -97.771503 30.241959, -97.771511 30.241926, -97.77171 30.241281, -97.77198 30.240514, -97.772119 30.240123, -97.772214 30.239855, -97.772467 30.239088, -97.772707 30.238515, -97.772937 30.237856, -97.773096 30.237401, -97.773295 30.237424, -97.773663 30.237615, -97.774908 30.238234, -97.775433 30.238438, -97.775718 30.238608, -97.776859 30.239109, -97.778585 30.239975, -97.779183 30.240275))",40.2,1512.0,94884.0,0.0,18.0,647779.6013413746,0.002334127219920265
"POLYGON ((-97.776614 30.247848, -97.776207 30.248478, -97.775844 30.249042, -97.775446 30.249604, -97.77528 30.249887, -97.774808 30.25062, -97.773456 30.252631, -97.771454 30.251656, -97.770158 30.250945, -97.76931 30.250546, -97.76881 30.25135, -97.768324 30.252113, -97.767772 30.253001, -97.766522 30.252385, -97.766399 30.252324, -97.766149 30.251965, -97.766033 30.251767, -97.76513 30.251207, -97.764972 30.25116, -97.764701 30.250904, -97.765543 30.249529, -97.765608 30.249421, -97.764837 30.249181, -97.76653 30.247887, -97.766694 30.247762, -97.7668 30.247682, -97.76734 30.247274, -97.768864 30.246123, -97.768984 30.246016, -97.76914 30.246389, -97.769213 30.246564, -97.769947 30.248413, -97.770757 30.248212, -97.772118 30.247788, -97.772803 30.247576, -97.774229 30.247404, -97.775234 30.247311, -97.777183 30.246924, -97.776614 30.247848))",35.5,703.0,131294.0,0.0,0.0,473021.7610268221,0.0014861895538884886
"POLYGON ((-97.718426 30.284411, -97.716831 30.286757, -97.716037 30.288001, -97.715028 30.28957, -97.714893 30.28976, -97.714596 30.290177, -97.714481 30.290348, -97.714408 30.290473, -97.714039 30.291082, -97.713564 30.291765, -97.712823 30.291395, -97.711537 30.290794, -97.710564 30.290326, -97.710494 30.290292, -97.710423 30.290259, -97.710336 30.290217, -97.710248 30.290176, -97.709698 30.289876, -97.708787 30.289456, -97.708112 30.289222, -97.707376 30.289193, -97.707264 30.289189, -97.707253 30.289189, -97.707148 30.289196, -97.707087 30.288782, -97.707021 30.288319, -97.706905 30.287871, -97.706843 30.287626, -97.706782 30.28745, -97.706627 30.287041, -97.706479 30.286706, -97.706354 30.286356, -97.706313 30.286265, -97.706326 30.286263, -97.706374 30.286254, -97.70648 30.28624, -97.707786 30.286069, -97.708016 30.286035, -97.708559 30.285939, -97.708931 30.285873, -97.710202 30.285667, -97.711144 30.285541, -97.712092 30.285398, -97.712484 30.285329, -97.713056 30.285253, -97.714186 30.285092, -97.715443 30.284889, -97.717143 30.284605, -97.718177 30.284452, -97.718426 30.284411))",31.6,2098.0,105062.0,61.0,43.0,495536.2196534017,0.004233797484001123
"POLYGON ((-97.730048 30.278506, -97.729339 30.27993, -97.72899 30.280654, -97.727938 30.282316, -97.727807 30.282502, -97.727401 30.283078, -97.727373 30.283077, -97.727257 30.283048, -97.727181 30.28303, -97.727149 30.283021, -97.727071 30.283011, -97.726921 30.282986, -97.726765 30.283013, -97.726028 30.283144, -97.725566 30.283217, -97.724765 30.283346, -97.724032 30.283466, -97.723334 30.283589, -97.723029 30.283644, -97.722858 30.283679, -97.722163 30.283813, -97.721106 30.283951, -97.720484 30.284084, -97.720161 30.284116, -97.719763 30.284201, -97.719106 30.284279, -97.718426 30.284411, -97.718177 30.284452, -97.717143 30.284605, -97.715443 30.284889, -97.715252 30.283887, -97.715053 30.282903, -97.714902 30.28251, -97.714568 30.281736, -97.714288 30.280957, -97.715268 30.280754, -97.716232 30.280601, -97.717271 30.280438, -97.71827 30.280288, -97.718608 30.280201, -97.719249 30.280134, -97.719998 30.280004, -97.720207 30.27998, -97.720447 30.279951, -97.721237 30.279806, -97.722199 30.279653, -97.723179 30.279475, -97.724097 30.279295, -97.724699 30.279185, -97.725138 30.279105, -97.728117 30.278627, -97.728487 30.278568, -97.728963 30.278522, -97.729078 30.278511, -97.729426 30.27849, -97.729511 30.278491, -97.729715 30.27849, -97.729809 30.278493, -97.730048 30.278506))",30.9,763.0,106442.0,26.0,76.0,619405.9704522805,0.0012318253881906714
"POLYGON ((-97.742817 30.295429, -97.7421 30.296504, -97.741129 30.296036, -97.740259 30.295637, -97.739761 30.29539, -97.739354 30.295221, -97.738427 30.294741, -97.737623 30.294357, -97.737507 30.294301, -97.736025 30.293176, -97.736517 30.292675, -97.736526 30.29264, -97.736569 30.292471, -97.736583 30.291654, -97.737769 30.291749, -97.738927 30.291824, -97.740055 30.291924, -97.740343 30.291966, -97.741154 30.291985, -97.741156 30.292177, -97.741771 30.293304, -97.742286 30.294313, -97.742482 30.294663, -97.742817 30.295429))",20.6,1186.0,31146.0,820.0,223.0,196999.83418752192,0.006020309635748526
"POLYGON ((-97.709385 30.272815, -97.70913 30.273203, -97.707989 30.27519, -97.707722 30.275704, -97.70431 30.276245, -97.703992 30.27631, -97.703645 30.276355, -97.702888 30.276472, -97.702779 30.276489, -97.702337 30.276567, -97.700948 30.276771, -97.700329 30.276862, -97.699062 30.275388, -97.698848 30.27514, -97.698514 30.27475, -97.698437 30.274661, -97.697907 30.273556, -97.698762 30.273427, -97.699869 30.273243, -97.701312 30.273005, -97.703187 30.272692, -97.704829 30.272419, -97.705976 30.272456, -97.707245 30.272438, -97.707982 30.272332, -97.709072 30.271956, -97.710095 30.271413, -97.709385 30.272815))",44.9,958.0,21585.0,0.0,0.0,380172.62063112337,0.0025199079260616593
"POLYGON ((-97.770446 30.241763, -97.770326 30.241871, -97.770286 30.241927, -97.770262 30.241981, -97.770261 30.242035, -97.770279 30.242095, -97.770322 30.242175, -97.770339 30.242245, -97.770356 30.24236, -97.770395 30.242451, -97.77051 30.242666, -97.770524 30.24271, -97.770528 30.242768, -97.770521 30.24283, -97.770491 30.24293, -97.770463 30.242982, -97.770427 30.243023, -97.770384 30.243051, -97.770329 30.243071, -97.770259 30.243084, -97.770121 30.243094, -97.76997 30.243087, -97.769812 30.243062, -97.769656 30.243022, -97.769572 30.243012, -97.769498 30.243018, -97.769455 30.243029, -97.769398 30.243058, -97.76936 30.243096, -97.769163 30.243408, -97.769146 30.243466, -97.769151 30.243572, -97.769163 30.24363, -97.76919 30.24371, -97.769202 30.243733, -97.769238 30.243775, -97.769335 30.243865, -97.769369 30.243909, -97.769421 30.244007, -97.769551 30.244214, -97.769606 30.244288, -97.76969 30.244361, -97.769739 30.244438, -97.769764 30.244466, -97.769784 30.244492, -97.769803 30.244516, -97.769872 30.244624, -97.769931 30.244735, -97.770037 30.244912, -97.77 30.244962, -97.769536 30.245522, -97.769213 30.245813, -97.768984 30.246016, -97.768973 30.245999, -97.768582 30.245501, -97.768309 30.245365, -97.76781 30.245117, -97.76508 30.244264, -97.764334 30.243939, -97.763896 30.243572, -97.763141 30.243332, -97.762246 30.243041, -97.761366 30.242779, -97.760514 30.242533, -97.759622 30.242111, -97.76116 30.239675, -97.761617 30.23896, -97.762102 30.238203, -97.762952 30.23844, -97.763788 30.238752, -97.764548 30.239116, -97.76534 30.239492, -97.766044 30.23982, -97.767177 30.240291, -97.76855 30.240863, -97.770364 30.241642, -97.770557 30.24167, -97.770446 30.241763))",37.2,923.0,233073.0,0.0,23.0,456756.9994564811,0.0020207681570251265
"POLYGON ((-97.774424 30.233623, -97.773859 30.235213, -97.773096 30.237401, -97.772937 30.237856, -97.772707 30.238515, -97.772467 30.239088, -97.772214 30.239855, -97.772119 30.240123, -97.77198 30.240514, -97.77171 30.241281, -97.771511 30.241926, -97.771503 30.241959, -97.77139 30.242416, -97.771266 30.242702, -97.771075 30.243026, -97.770915 30.243369, -97.770373 30.244412, -97.77012 30.244819, -97.770037 30.244912, -97.769931 30.244735, -97.769872 30.244624, -97.769803 30.244516, -97.769784 30.244492, -97.769764 30.244466, -97.769739 30.244438, -97.76969 30.244361, -97.769606 30.244288, -97.769551 30.244214, -97.769421 30.244007, -97.769369 30.243909, -97.769335 30.243865, -97.769238 30.243775, -97.769202 30.243733, -97.76919 30.24371, -97.769163 30.24363, -97.769151 30.243572, -97.769146 30.243466, -97.769163 30.243408, -97.76936 30.243096, -97.769398 30.243058, -97.769455 30.243029, -97.769498 30.243018, -97.769572 30.243012, -97.769656 30.243022, -97.769812 30.243062, -97.76997 30.243087, -97.770121 30.243094, -97.770259 30.243084, -97.770329 30.243071, -97.770384 30.243051, -97.770427 30.243023, -97.770463 30.242982, -97.770491 30.24293, -97.770521 30.24283, -97.770528 30.242768, -97.770524 30.24271, -97.77051 30.242666, -97.770395 30.242451, -97.770356 30.24236, -97.770339 30.242245, -97.770322 30.242175, -97.770279 30.242095, -97.770261 30.242035, -97.770262 30.241981, -97.770286 30.241927, -97.770326 30.241871, -97.770446 30.241763, -97.770557 30.24167, -97.770364 30.241642, -97.76855 30.240863, -97.767177 30.240291, -97.766044 30.23982, -97.76534 30.239492, -97.764548 30.239116, -97.763788 30.238752, -97.762952 30.23844, -97.762102 30.238203, -97.763028 30.236734, -97.763213 30.236468, -97.763485 30.235976, -97.763834 30.235507, -97.763951 30.235273, -97.764505 30.234445, -97.764844 30.233822, -97.765011 30.233572, -97.765313 30.233119, -97.765734 30.23241, -97.765998 30.232011, -97.768418 30.233201, -97.769481 30.233725, -97.76848 30.235529, -97.769274 30.235921, -97.770078 30.236281, -97.770866 30.236677, -97.771255 30.236819, -97.771306 30.236826, -97.771303 30.236816, -97.771275 30.236736, -97.771255 30.236632, -97.771262 30.236575, -97.771299 30.236479, -97.771374 30.236336, -97.771531 30.236091, -97.771659 30.235871, -97.771849 30.235642, -97.771877 30.2356, -97.771895 30.235538, -97.771903 30.235411, -97.771911 30.235365, -97.772018 30.235121, -97.772031 30.235063, -97.772034 30.234979, -97.771984 30.234642, -97.77199 30.234591, -97.77201 30.234542, -97.772044 30.234498, -97.77207 30.234474, -97.77211 30.234449, -97.772204 30.234418, -97.772323 30.234378, -97.772439 30.234331, -97.772479 30.234302, -97.772525 30.234251, -97.772717 30.233934, -97.772751 30.233877, -97.77281 30.233805, -97.772849 30.233769, -97.772992 30.233661, -97.773227 30.233502, -97.773269 30.233477, -97.773338 30.233448, -97.773399 30.23344, -97.773477 30.233443, -97.773674 30.233465, -97.773859 30.23347, -97.773989 30.233481, -97.774055 30.233496, -97.774305 30.233589, -97.774336 30.233601, -97.774424 30.233623))",40.8,2586.0,65938.0,96.0,0.0,690901.5276579902,0.0037429357100511734
"POLYGON ((-97.761617 30.23896, -97.76116 30.239675, -97.759622 30.242111, -97.757976 30.241344, -97.756924 30.240844, -97.756452 30.240587, -97.755772 30.240158, -97.7541 30.239165, -97.753519 30.23876, -97.754888 30.237206, -97.755644 30.236337, -97.756365 30.235508, -97.757842 30.236242, -97.758488 30.236536, -97.759335 30.236965, -97.760343 30.23739, -97.760528 30.237468, -97.761223 30.237801, -97.762102 30.238203, -97.761617 30.23896))",32.3,533.0,165451.0,6.0,0.0,318164.2077775878,0.0016752355763807122
"POLYGON ((-97.765313 30.233119, -97.765011 30.233572, -97.764844 30.233822, -97.764505 30.234445, -97.763951 30.235273, -97.763834 30.235507, -97.763485 30.235976, -97.763213 30.236468, -97.763028 30.236734, -97.762102 30.238203, -97.761223 30.237801, -97.760528 30.237468, -97.760343 30.23739, -97.759335 30.236965, -97.758488 30.236536, -97.757842 30.236242, -97.756365 30.235508, -97.757366 30.234184, -97.758129 30.232983, -97.75846 30.232462, -97.758894 30.23175, -97.75934 30.231069, -97.759499 30.230816, -97.759803 30.23033, -97.760208 30.22965, -97.761191 30.228058, -97.762532 30.22869, -97.762493 30.228742, -97.762373 30.22895, -97.762352 30.229022, -97.76232 30.229079, -97.762237 30.229194, -97.762209 30.229221, -97.762147 30.229304, -97.762107 30.229371, -97.762083 30.229397, -97.762057 30.229451, -97.76204 30.229525, -97.761993 30.229845, -97.761956 30.229991, -97.761928 30.230145, -97.761896 30.230251, -97.761876 30.230275, -97.761834 30.230309, -97.761821 30.2304, -97.763869 30.231437, -97.765734 30.23241, -97.765313 30.233119))",36.7,886.0,106094.0,53.0,7.0,489336.2808290003,0.0018106157967665896
"POLYGON ((-97.747563 30.240009, -97.747558 30.24008, -97.747537 30.240247, -97.747539 30.240327, -97.747526 30.240359, -97.747509 30.240373, -97.747438 30.240402, -97.747384 30.240402, -97.747358 30.240418, -97.747318 30.240459, -97.747266 30.240539, -97.74719 30.240691, -97.747146 30.240797, -97.747101 30.240859, -97.746867 30.241084, -97.746639 30.241345, -97.74656 30.241478, -97.746506 30.241535, -97.746441 30.241587, -97.746279 30.241688, -97.746033 30.241867, -97.745912 30.241942, -97.745845 30.242003, -97.745787 30.242077, -97.745756 30.242136, -97.745743 30.24219, -97.745743 30.242247, -97.745766 30.242419, -97.745761 30.242479, -97.745749 30.242501, -97.745711 30.242529, -97.745637 30.242551, -97.745512 30.242558, -97.74542 30.242575, -97.745372 30.242593, -97.745322 30.242625, -97.745248 30.242695, -97.745188 30.242764, -97.745057 30.242917, -97.744876 30.243114, -97.744859 30.243144, -97.744856 30.243169, -97.744872 30.243199, -97.745056 30.243421, -97.745108 30.243499, -97.745144 30.243579, -97.745153 30.243633, -97.745148 30.243692, -97.745136 30.24373, -97.745096 30.243807, -97.745036 30.243883, -97.744995 30.243912, -97.744927 30.24395, -97.744861 30.244021, -97.744822 30.244078, -97.744797 30.244133, -97.744784 30.244187, -97.744769 30.244377, -97.744752 30.244527, -97.744716 30.244583, -97.744464 30.244611, -97.744357 30.244686, -97.744265 30.244827, -97.744278 30.244924, -97.744565 30.24557, -97.744631 30.245786, -97.74461 30.24602, -97.744454 30.246291, -97.744365 30.24632, -97.744236 30.246328, -97.744106 30.246284, -97.743937 30.246275, -97.743791 30.246281, -97.743689 30.246295, -97.743525 30.246275, -97.743366 30.246242, -97.743231 30.246206, -97.743097 30.246322, -97.743017 30.246449, -97.742999 30.246534, -97.743019 30.246757, -97.743172 30.246983, -97.743242 30.247062, -97.743365 30.247169, -97.74355 30.24731, -97.743688 30.247393, -97.744029 30.247515, -97.744148 30.2476, -97.744257 30.247671, -97.744368 30.247692, -97.744394 30.247795, -97.744391 30.247929, -97.744336 30.248002, -97.744256 30.248083, -97.744122 30.248196, -97.744013 30.248296, -97.743924 30.248363, -97.743836 30.24838, -97.743749 30.248384, -97.743624 30.248337, -97.743447 30.248282, -97.743211 30.248222, -97.742877 30.248188, -97.74249 30.248171, -97.742232 30.248174, -97.742033 30.248165, -97.742011 30.248885, -97.741775 30.24945, -97.74074 30.24834, -97.740402 30.248657, -97.74004 30.24813, -97.739631 30.24777, -97.740053 30.247165, -97.740471 30.246566, -97.741121 30.245616, -97.741786 30.244667, -97.742013 30.244023, -97.742164 30.243586, -97.741188 30.243109, -97.741504 30.242211, -97.741727 30.241574, -97.741959 30.241188, -97.742194 30.240795, -97.742801 30.239902, -97.743064 30.239426, -97.743751 30.238373, -97.744436 30.237297, -97.745261 30.238062, -97.746376 30.239009, -97.746882 30.239393, -97.747043 30.239506, -97.747153 30.239566, -97.74744 30.239677, -97.747503 30.23978, -97.747545 30.239868, -97.747559 30.23992, -97.747563 30.240009))",42.7,714.0,123516.0,6.0,3.0,411621.7679404664,0.001734602141117248
"POLYGON ((-97.749249 30.315937, -97.749226 30.316024, -97.749041 30.316418, -97.748914 30.316855, -97.748876 30.317116, -97.748896 30.3173, -97.749089 30.317584, -97.749202 30.317741, -97.749209 30.317759, -97.74921 30.317783, -97.749193 30.317878, -97.749139 30.317957, -97.749094 30.318217, -97.749109 30.318759, -97.749118 30.318876, -97.749057 30.318854, -97.748297 30.318542, -97.747625 30.318234, -97.746957 30.317894, -97.746142 30.317465, -97.745889 30.317406, -97.745561 30.317298, -97.745147 30.317103, -97.744267 30.316653, -97.743358 30.31623, -97.742482 30.315811, -97.741567 30.315401, -97.74177 30.31507, -97.742026 30.313763, -97.742309 30.312465, -97.74254 30.31143, -97.742594 30.311189, -97.742651 30.309867, -97.742693 30.308973, -97.742693 30.308742, -97.742675 30.308427, -97.743904 30.309016, -97.744489 30.309302, -97.745277 30.309692, -97.746154 30.310103, -97.747039 30.310548, -97.747941 30.310967, -97.748411 30.311183, -97.748499 30.310792, -97.748523 30.310587, -97.748523 30.310211, -97.74847 30.309124, -97.748442 30.308948, -97.748392 30.308776, -97.748238 30.308468, -97.748139 30.308323, -97.747824 30.307953, -97.747745 30.307823, -97.747675 30.307662, -97.747506 30.307089, -97.747593 30.307111, -97.748003 30.307218, -97.748099 30.307312, -97.748209 30.307421, -97.748464 30.308061, -97.748616 30.30839, -97.748774 30.308747, -97.748834 30.308907, -97.748842 30.308964, -97.748831 30.309023, -97.7488 30.309083, -97.748794 30.309125, -97.748883 30.309415, -97.7489 30.309525, -97.748905 30.309712, -97.748919 30.30997, -97.748921 30.310009, -97.748959 30.310504, -97.748979 30.310763, -97.748972 30.310901, -97.748888 30.311445, -97.748827 30.311612, -97.748809 30.311674, -97.748776 30.311863, -97.748756 30.312087, -97.748745 30.312137, -97.748722 30.312202, -97.748655 30.31231, -97.748628 30.312384, -97.748617 30.312453, -97.748607 30.312602, -97.748622 30.312882, -97.74863 30.312944, -97.74865 30.312972, -97.748725 30.312998, -97.748797 30.313028, -97.748827 30.313056, -97.748896 30.313189, -97.748941 30.313316, -97.748987 30.313517, -97.749042 30.313819, -97.749079 30.314077, -97.749146 30.314654, -97.749143 30.314717, -97.749103 30.314885, -97.749079 30.315038, -97.749084 30.315127, -97.749105 30.315196, -97.749184 30.315367, -97.749246 30.315669, -97.749249 30.315937))",43.4,915.0,148304.0,28.0,13.0,549220.1528354685,0.0016659985895931047
"POLYGON ((-97.75009 30.302673, -97.750083 30.302726, -97.750063 30.302822, -97.750006 30.303046, -97.749976 30.303107, -97.749941 30.303146, -97.749858 30.303226, -97.749717 30.30335, -97.749677 30.303403, -97.749519 30.303686, -97.749473 30.303811, -97.749412 30.303956, -97.749351 30.304068, -97.749297 30.304149, -97.749138 30.304334, -97.749002 30.304501, -97.748868 30.304648, -97.748821 30.304717, -97.74877 30.304779, -97.74875 30.304801, -97.748714 30.30483, -97.748645 30.304857, -97.748589 30.304875, -97.748459 30.30492, -97.748382 30.304952, -97.748346 30.304977, -97.748299 30.305029, -97.748089 30.30522, -97.747977 30.305315, -97.747804 30.305443, -97.747634 30.305576, -97.747589 30.305624, -97.74755 30.305687, -97.747494 30.305807, -97.747466 30.305912, -97.747458 30.305996, -97.747462 30.306129, -97.747478 30.306201, -97.747504 30.306267, -97.747621 30.306494, -97.747787 30.306835, -97.747846 30.306985, -97.747875 30.307047, -97.747938 30.307143, -97.748003 30.307218, -97.747593 30.307111, -97.747506 30.307089, -97.747675 30.307662, -97.747745 30.307823, -97.747824 30.307953, -97.748139 30.308323, -97.748238 30.308468, -97.748392 30.308776, -97.748442 30.308948, -97.74847 30.309124, -97.748523 30.310211, -97.748523 30.310587, -97.748499 30.310792, -97.748411 30.311183, -97.747941 30.310967, -97.747039 30.310548, -97.746154 30.310103, -97.745277 30.309692, -97.744489 30.309302, -97.743904 30.309016, -97.742675 30.308427, -97.742693 30.308742, -97.742693 30.308973, -97.742651 30.309867, -97.742594 30.311189, -97.74254 30.31143, -97.742309 30.312465, -97.742026 30.313763, -97.74177 30.31507, -97.741567 30.315401, -97.74056 30.3149, -97.739649 30.31448, -97.738776 30.314041, -97.737571 30.313464, -97.73854 30.312098, -97.739311 30.31101, -97.740039 30.30995, -97.740718 30.308913, -97.74139 30.307862, -97.741895 30.307091, -97.742093 30.306748, -97.742201 30.306562, -97.742381 30.306254, -97.74311 30.305195, -97.743559 30.304473, -97.743738 30.304215, -97.744247 30.303426, -97.744711 30.302701, -97.745188 30.301904, -97.745455 30.301492, -97.74573 30.30109, -97.746261 30.300239, -97.746648 30.299508, -97.746935 30.299027, -97.747772 30.297743, -97.748499 30.298134, -97.749109 30.298862, -97.749049 30.298886, -97.748912 30.298924, -97.748704 30.298999, -97.748579 30.299032, -97.748521 30.299041, -97.748358 30.299048, -97.747988 30.299044, -97.747769 30.29903, -97.747576 30.298997, -97.747521 30.299001, -97.747475 30.299016, -97.74743 30.29903, -97.747362 30.299064, -97.747295 30.299111, -97.747235 30.299169, -97.747184 30.299238, -97.747146 30.299313, -97.747122 30.299391, -97.74711 30.299484, -97.747112 30.29956, -97.747123 30.299602, -97.747182 30.299716, -97.747291 30.299908, -97.747379 30.300046, -97.747463 30.300144, -97.747563 30.300237, -97.747666 30.300321, -97.747932 30.300515, -97.748229 30.300747, -97.748562 30.300998, -97.748688 30.301103, -97.749059 30.301454, -97.749272 30.301792, -97.749368 30.301967, -97.74947 30.30219, -97.749536 30.302296, -97.749645 30.302436, -97.749767 30.30254, -97.74991 30.302561, -97.750069 30.302643, -97.750085 30.302655, -97.75009 30.302673))",42.5,655.0,126587.0,0.0,0.0,759350.8160391151,0.0008625789110447998
"POLYGON ((-97.719121 30.305638, -97.718723 30.306202, -97.718615 30.30636, -97.718016 30.307368, -97.717794 30.307707, -97.717368 30.308364, -97.716476 30.309751, -97.715922 30.31056, -97.715792 30.31216, -97.715786 30.312233, -97.715644 30.312179, -97.715541 30.312142, -97.71544 30.312106, -97.71534 30.312069, -97.715249 30.313062, -97.715068 30.314008, -97.713881 30.31348, -97.712404 30.31279, -97.710911 30.312088, -97.710077 30.311667, -97.709654 30.311452, -97.70943 30.311346, -97.710032 30.310249, -97.710226 30.309915, -97.710296 30.309815, -97.710339 30.30975, -97.710392 30.309671, -97.710448 30.30959, -97.710885 30.308911, -97.711825 30.307417, -97.712423 30.306487, -97.712523 30.306332, -97.712923 30.305707, -97.714078 30.303918, -97.714273 30.303605, -97.715213 30.302096, -97.715267 30.302011, -97.71529 30.302037, -97.715345 30.302123, -97.715382 30.302184, -97.715628 30.302591, -97.715685 30.302694, -97.715713 30.302755, -97.715838 30.303088, -97.715981 30.303624, -97.716209 30.303607, -97.716231 30.303605, -97.716303 30.303601, -97.716442 30.303593, -97.71663 30.303579, -97.716836 30.303608, -97.717132 30.303678, -97.717343 30.30374, -97.717807 30.303959, -97.718717 30.304412, -97.719615 30.304854, -97.719121 30.305638))",34.3,1196.0,82118.0,56.0,129.0,591725.9687744655,0.0020212058674339704
"POLYGON ((-97.717271 30.280438, -97.716232 30.280601, -97.715268 30.280754, -97.714288 30.280957, -97.713371 30.281098, -97.712439 30.281238, -97.711537 30.281404, -97.709458 30.281705, -97.708531 30.281821, -97.708497 30.281826, -97.7085 30.281336, -97.708578 30.281165, -97.710016 30.277608, -97.710703 30.27591, -97.711 30.275175, -97.71151 30.275075, -97.712098 30.275005, -97.713059 30.274854, -97.71396 30.274699, -97.714985 30.274535, -97.715132 30.274509, -97.715978 30.27436, -97.716198 30.275383, -97.716409 30.276366, -97.716608 30.277355, -97.716826 30.278294, -97.717014 30.279269, -97.717271 30.280438))",32.7,2120.0,82237.0,46.0,173.0,467939.3642940813,0.00453050151743093
"POLYGON ((-97.721237 30.279806, -97.720447 30.279951, -97.720207 30.27998, -97.719998 30.280004, -97.719249 30.280134, -97.718608 30.280201, -97.71827 30.280288, -97.717271 30.280438, -97.717014 30.279269, -97.716826 30.278294, -97.716608 30.277355, -97.716409 30.276366, -97.716198 30.275383, -97.715978 30.27436, -97.716971 30.274218, -97.717945 30.274087, -97.718878 30.273919, -97.719908 30.273786, -97.7201 30.274777, -97.720355 30.27577, -97.720549 30.2768, -97.720776 30.277786, -97.720995 30.278811, -97.721237 30.279806))",38.7,624.0,67875.0,7.0,15.0,262343.38416219986,0.002378561982772158
"POLYGON ((-97.732498 30.271846, -97.732131 30.272874, -97.731843 30.273649, -97.731631 30.274341, -97.731578 30.274529, -97.731522 30.274725, -97.731446 30.274927, -97.731404 30.275039, -97.73118 30.275853, -97.730968 30.276458, -97.730786 30.276914, -97.730048 30.278506, -97.729809 30.278493, -97.729715 30.27849, -97.729511 30.278491, -97.729426 30.27849, -97.729078 30.278511, -97.728963 30.278522, -97.728487 30.278568, -97.728117 30.278627, -97.725138 30.279105, -97.724699 30.279185, -97.724097 30.279295, -97.723179 30.279475, -97.722199 30.279653, -97.721237 30.279806, -97.720995 30.278811, -97.720776 30.277786, -97.720549 30.2768, -97.720355 30.27577, -97.7201 30.274777, -97.719908 30.273786, -97.720881 30.273655, -97.721957 30.273492, -97.723844 30.273165, -97.724984 30.272993, -97.726495 30.272738, -97.727761 30.272533, -97.728132 30.272452, -97.728889 30.272355, -97.729564 30.272211, -97.730165 30.272144, -97.730993 30.272001, -97.731885 30.271868, -97.732256 30.271855, -97.732498 30.271846))",37.8,850.0,103147.0,22.0,0.0,714091.55260952,0.001190323561305027
"POLYGON ((-97.720146 30.266824, -97.7198 30.267576, -97.719526 30.26819, -97.718884 30.269596, -97.719031 30.2697, -97.719245 30.270733, -97.719477 30.271759, -97.719681 30.272764, -97.719908 30.273786, -97.718878 30.273919, -97.717945 30.274087, -97.716971 30.274218, -97.715978 30.27436, -97.715764 30.273385, -97.715566 30.272386, -97.715344 30.271341, -97.715123 30.270336, -97.715056 30.270344, -97.714247 30.270447, -97.71435 30.270372, -97.714483 30.270265, -97.714607 30.270149, -97.714723 30.270027, -97.714863 30.269855, -97.714936 30.26975, -97.714987 30.269676, -97.715042 30.26958, -97.715092 30.269485, -97.715138 30.269387, -97.715175 30.269299, -97.715216 30.269188, -97.71526 30.269035, -97.715276 30.268968, -97.715294 30.268879, -97.715308 30.268797, -97.715318 30.268723, -97.71533 30.268514, -97.715323 30.268302, -97.715304 30.268148, -97.715274 30.26799, -97.715217 30.267785, -97.71514 30.267586, -97.715069 30.267441, -97.71496 30.267252, -97.714833 30.267073, -97.714762 30.26699, -97.714678 30.266908, -97.714737 30.266736, -97.715562 30.266324, -97.716711 30.265792, -97.717973 30.265185, -97.719294 30.265635, -97.720519 30.266065, -97.720146 30.266824))",32.6,1156.0,90777.0,7.0,91.0,385574.3098128689,0.002998125058075167
"POLYGON ((-97.732996 30.270465, -97.732538 30.271719, -97.732498 30.271846, -97.732256 30.271855, -97.731885 30.271868, -97.730993 30.272001, -97.730165 30.272144, -97.729564 30.272211, -97.728889 30.272355, -97.728132 30.272452, -97.727761 30.272533, -97.726495 30.272738, -97.724984 30.272993, -97.723844 30.273165, -97.721957 30.273492, -97.720881 30.273655, -97.719908 30.273786, -97.719681 30.272764, -97.719477 30.271759, -97.719245 30.270733, -97.719031 30.2697, -97.718884 30.269596, -97.719526 30.26819, -97.7198 30.267576, -97.720146 30.266824, -97.720519 30.266065, -97.721413 30.266383, -97.722541 30.266755, -97.723402 30.267058, -97.7245 30.267447, -97.72488 30.267636, -97.725373 30.267803, -97.726343 30.268141, -97.726916 30.26839, -97.727401 30.268499, -97.727856 30.268689, -97.728907 30.269079, -97.729356 30.269226, -97.730185 30.269537, -97.730828 30.269776, -97.731402 30.269996, -97.731486 30.270028, -97.732476 30.270329, -97.732636 30.27037, -97.732795 30.270412, -97.732896 30.270438, -97.732996 30.270465))",36.7,1213.0,111504.0,11.0,28.0,661612.2590568668,0.0018334001273331009
"POLYGON ((-97.743948 30.216599, -97.743756 30.218697, -97.743781 30.219146, -97.743908 30.21963, -97.743158 30.219964, -97.74258 30.220433, -97.742268 30.220911, -97.742131 30.222091, -97.742156 30.222436, -97.742295 30.224344, -97.742269 30.224468, -97.742227 30.224678, -97.742091 30.224808, -97.741374 30.225929, -97.741189 30.226219, -97.740695 30.22704, -97.740487 30.227344, -97.740157 30.227841, -97.739835 30.228384, -97.739714 30.228391, -97.739509 30.228384, -97.739174 30.228357, -97.739001 30.228334, -97.738889 30.228301, -97.738688 30.228199, -97.73857 30.228132, -97.738494 30.22809, -97.738343 30.228027, -97.738289 30.227994, -97.738184 30.22792, -97.738047 30.227837, -97.737903 30.227737, -97.737773 30.227632, -97.737612 30.227522, -97.737496 30.227429, -97.737435 30.227397, -97.737369 30.227373, -97.737196 30.227715, -97.735388 30.227788, -97.735215 30.226732, -97.735086 30.225946, -97.734939 30.225053, -97.734804 30.224093, -97.735538 30.223976, -97.736284 30.222987, -97.736486 30.222642, -97.736994 30.221775, -97.737441 30.221077, -97.73903 30.218483, -97.738835 30.218108, -97.73855 30.217709, -97.738629 30.216995, -97.738797 30.216194, -97.738858 30.215902, -97.739045 30.215926, -97.739872 30.21602, -97.740932 30.216117, -97.743793 30.216311, -97.743973 30.216326, -97.743948 30.216599))",32.6,1503.0,107907.0,0.0,58.0,706442.9555964182,0.0021275603190509334
"POLYGON ((-97.651622 30.19843, -97.649199 30.200561, -97.648636 30.201056, -97.645645 30.203685, -97.644402 30.20265, -97.643484 30.203346, -97.643363 30.203437, -97.6421 30.204397, -97.641896 30.204551, -97.641555 30.204379, -97.641392 30.204297, -97.641288 30.204245, -97.639513 30.203358, -97.639367 30.20329, -97.639274 30.203236, -97.63804 30.20259, -97.637727 30.20244, -97.637896 30.202247, -97.638179 30.20195, -97.638247 30.201882, -97.638609 30.201538, -97.639106 30.201091, -97.639648 30.200604, -97.639981 30.200305, -97.64056 30.199783, -97.64075 30.199614, -97.64081 30.199561, -97.641457 30.198978, -97.643747 30.196923, -97.645021 30.195777, -97.645139 30.195671, -97.646054 30.194902, -97.646637 30.194412, -97.646651 30.194396, -97.646675 30.194361, -97.646694 30.194334, -97.646729 30.194372, -97.649998 30.197082, -97.651622 30.19843))",37.4,2411.0,75000.0,17.0,0.0,712869.9617122301,0.00338210351044819
"POLYGON ((-97.751084 30.216911, -97.750962 30.217113, -97.75063 30.217671, -97.750593 30.217732, -97.75006 30.218688, -97.749385 30.219891, -97.748372 30.221705, -97.748027 30.222313, -97.747992 30.222373, -97.747496 30.223232, -97.747455 30.223299, -97.746996 30.224071, -97.745672 30.226307, -97.745333 30.226892, -97.744814 30.227772, -97.744434 30.228417, -97.744283 30.228317, -97.744002 30.228191, -97.742879 30.22767, -97.742634 30.22758, -97.74223 30.227539, -97.741364 30.227579, -97.740855 30.227511, -97.740487 30.227344, -97.740695 30.22704, -97.741189 30.226219, -97.741374 30.225929, -97.742091 30.224808, -97.742227 30.224678, -97.742269 30.224468, -97.742295 30.224344, -97.742156 30.222436, -97.742131 30.222091, -97.742268 30.220911, -97.74258 30.220433, -97.743158 30.219964, -97.743908 30.21963, -97.743781 30.219146, -97.743756 30.218697, -97.743948 30.216599, -97.743973 30.216326, -97.744468 30.216367, -97.7447 30.216406, -97.745958 30.216493, -97.747168 30.216522, -97.748978 30.216488, -97.749561 30.216461, -97.749962 30.216459, -97.750147 30.216465, -97.750384 30.216486, -97.750659 30.216499, -97.750942 30.216528, -97.751048 30.216539, -97.751287 30.216572, -97.751084 30.216911))",28.9,1481.0,59934.0,207.0,28.0,678130.4668982062,0.0021839455271404464
"POLYGON ((-97.69128 30.245176, -97.691114 30.24528, -97.691011 30.245343, -97.690947 30.245383, -97.690792 30.245478, -97.690638 30.245574, -97.690289 30.24579, -97.690005 30.24566, -97.689756 30.245811, -97.689687 30.245845, -97.689372 30.245935, -97.689251 30.245965, -97.689151 30.245978, -97.688695 30.245999, -97.688579 30.245996, -97.687873 30.245813, -97.684992 30.245994, -97.684509 30.246079, -97.683843 30.246196, -97.683503 30.246256, -97.683073 30.246269, -97.682457 30.24629, -97.681104 30.24673, -97.68016 30.247129, -97.679714 30.247318, -97.677807 30.247971, -97.677342 30.248188, -97.67598 30.248826, -97.675138 30.249332, -97.674265 30.249953, -97.673121 30.250815, -97.672726 30.251257, -97.672225 30.252107, -97.672026 30.25234, -97.671914 30.25247, -97.671876 30.252537, -97.671849 30.252583, -97.671729 30.252794, -97.671624 30.252978, -97.671668 30.253509, -97.671689 30.253761, -97.671667 30.254314, -97.671537 30.254551, -97.671275 30.254774, -97.67078 30.255093, -97.669225 30.256096, -97.668422 30.256415, -97.667908 30.256619, -97.667347 30.257, -97.66612 30.257833, -97.666107 30.257839, -97.66339 30.259517, -97.661933 30.260417, -97.661942 30.260491, -97.66193 30.260526, -97.66193 30.260578, -97.661918 30.260619, -97.661889 30.260712, -97.66186 30.260782, -97.661796 30.260828, -97.66168 30.260886, -97.66157 30.260944, -97.661483 30.260985, -97.661372 30.261014, -97.661256 30.261061, -97.661111 30.261101, -97.660971 30.261148, -97.660832 30.261159, -97.660759 30.261144, -97.660582 30.261253, -97.660445 30.261214, -97.660417 30.261206, -97.660252 30.261181, -97.660036 30.261209, -97.659803 30.261232, -97.659684 30.261244, -97.659362 30.261328, -97.659107 30.261435, -97.658872 30.26151, -97.658698 30.261581, -97.658547 30.261701, -97.658375 30.261911, -97.658313 30.261954, -97.658168 30.262056, -97.65779 30.262154, -97.656532 30.262294, -97.655563 30.262246, -97.654236 30.262181, -97.653394 30.262164, -97.652284 30.26229, -97.651574 30.262398, -97.649901 30.262448, -97.648768 30.262712, -97.648181 30.262839, -97.648074 30.262911, -97.647829 30.26304, -97.647713 30.263101, -97.647549 30.263121, -97.647254 30.263156, -97.646658 30.263229, -97.645702 30.26327, -97.645484 30.263245, -97.645316 30.263198, -97.64507 30.263169, -97.644797 30.263102, -97.644537 30.26306, -97.644362 30.263019, -97.644068 30.262927, -97.643914 30.262869, -97.64374 30.262792, -97.643502 30.262726, -97.643264 30.262666, -97.642963 30.262602, -97.64272 30.262524, -97.642659 30.262476, -97.642605 30.262388, -97.642181 30.262118, -97.642071 30.262024, -97.641987 30.261966, -97.641816 30.261838, -97.641762 30.261774, -97.641726 30.261712, -97.641689 30.261601, -97.641637 30.261444, -97.641588 30.261278, -97.64155 30.261148, -97.64148 30.260761, -97.641432 30.26057, -97.641416 30.260435, -97.641416 30.260382, -97.641432 30.260273, -97.641459 30.25983, -97.641453 30.259732, -97.641412 30.259605, -97.641437 30.259521, -97.641489 30.259393, -97.641585 30.259183, -97.641648 30.259001, -97.641712 30.258183, -97.641712 30.257978, -97.641696 30.257563, -97.641674 30.257389, -97.641654 30.257295, -97.641623 30.257211, -97.641574 30.257127, -97.641473 30.256997, -97.641336 30.256855, -97.641261 30.256795, -97.641118 30.25671, -97.64085 30.256578, -97.640624 30.256502, -97.640433 30.256466, -97.640251 30.256438, -97.639949 30.256432, -97.639757 30.256444, -97.639656 30.256465, -97.639445 30.256493, -97.639142 30.256526, -97.638704 30.256517, -97.638413 30.256463, -97.638086 30.256393, -97.637785 30.256347, -97.637495 30.256261, -97.637278 30.256201, -97.636787 30.256088, -97.636487 30.256034, -97.635859 30.255949, -97.635422 30.255884, -97.63503 30.255844, -97.634601 30.255819, -97.633354 30.255781, -97.63298 30.255781, -97.632687 30.255767, -97.632433 30.255722, -97.632177 30.255701, -97.631858 30.255694, -97.631565 30.255712, -97.630942 30.255762, -97.630639 30.255811, -97.630217 30.25585, -97.630067 30.255856, -97.62863 30.255996, -97.627833 30.255639, -97.626807 30.255344, -97.626229 30.255112, -97.626151 30.254944, -97.626135 30.254899, -97.62611 30.254769, -97.626064 30.254341, -97.62606 30.254236, -97.626044 30.25378, -97.626041 30.253705, -97.625939 30.253081, -97.625827 30.252507, -97.625806 30.252444, -97.625789 30.252332, -97.625785 30.252176, -97.625756 30.251851, -97.625751 30.25149, -97.625721 30.25111, -97.625719 30.250976, -97.62573 30.250802, -97.625765 30.250629, -97.6258 30.250316, -97.625901 30.249826, -97.626214 30.249138, -97.626627 30.248323, -97.627278 30.247228, -97.627747 30.246519, -97.628034 30.246283, -97.628328 30.245761, -97.628801 30.244937, -97.62936 30.244093, -97.630436 30.242681, -97.630576 30.242549, -97.630944 30.242241, -97.631343 30.241895, -97.631762 30.241562, -97.632083 30.241326, -97.632456 30.240993, -97.632572 30.240923, -97.632616 30.240886, -97.632655 30.240831, -97.632737 30.240669, -97.632831 30.240529, -97.632867 30.240444, -97.632902 30.240343, -97.632964 30.240137, -97.632999 30.240073, -97.633047 30.240005, -97.633153 30.239905, -97.633553 30.239666, -97.633732 30.239597, -97.634044 30.239494, -97.634233 30.239441, -97.634507 30.239353, -97.634785 30.239269, -97.635286 30.239097, -97.635501 30.239038, -97.636154 30.238835, -97.636508 30.238745, -97.636729 30.238693, -97.637044 30.238638, -97.637393 30.238564, -97.637609 30.238532, -97.637773 30.238503, -97.637981 30.238447, -97.638155 30.238389, -97.638346 30.238333, -97.639355 30.238075, -97.640062 30.237903, -97.640913 30.237742, -97.641457 30.237705, -97.641581 30.237702, -97.641842 30.237681, -97.64202 30.237652, -97.642216 30.237598, -97.642596 30.237485, -97.643021 30.237344, -97.643479 30.237179, -97.643861 30.237048, -97.644067 30.23699, -97.644502 30.236849, -97.644789 30.236777, -97.645346 30.236598, -97.645525 30.236553, -97.646069 30.236515, -97.646446 30.236512, -97.646844 30.236514, -97.647259 30.236496, -97.647581 30.236442, -97.647743 30.236407, -97.649509 30.235547, -97.649991 30.235307, -97.650143 30.23523, -97.650204 30.235163, -97.650271 30.23509, -97.650351 30.234732, -97.650464 30.234615, -97.650769 30.234411, -97.651671 30.233779, -97.652109 30.233536, -97.652735 30.233269, -97.652947 30.233235, -97.65335 30.233206, -97.65357 30.233036, -97.65478 30.231429, -97.655306 30.230786, -97.655457 30.23059, -97.656631 30.229683, -97.657008 30.229392, -97.657677 30.228712, -97.65813 30.228095, -97.65862 30.22738, -97.658797 30.22676, -97.658675 30.226133, -97.658456 30.225537, -97.658182 30.224549, -97.657843 30.223504, -97.657617 30.222988, -97.657381 30.222432, -97.657014 30.221622, -97.6566 30.221026, -97.656182 30.220554, -97.655505 30.219809, -97.655184 30.219535, -97.654887 30.219173, -97.654628 30.2189, -97.65433 30.21852, -97.654051 30.218229, -97.654285 30.218102, -97.654431 30.218103, -97.654546 30.218054, -97.654686 30.218014, -97.654797 30.218003, -97.654853 30.217989, -97.654898 30.217956, -97.654996 30.217904, -97.655254 30.217767, -97.655331 30.217766, -97.65539 30.217761, -97.655452 30.217741, -97.655482 30.217743, -97.655508 30.217756, -97.655533 30.217798, -97.655595 30.217856, -97.655656 30.217891, -97.655727 30.217902, -97.655755 30.217933, -97.655898 30.217945, -97.656016 30.217972, -97.65608 30.217994, -97.656112 30.218019, -97.656203 30.218129, -97.65623 30.218174, -97.656232 30.218247, -97.656272 30.218371, -97.656274 30.218425, -97.656378 30.218536, -97.656686 30.218613, -97.656764 30.218563, -97.657018 30.218436, -97.657177 30.218398, -97.657419 30.218393, -97.657506 30.218395, -97.657602 30.218391, -97.65777 30.218391, -97.657778 30.218517, -97.657988 30.219502, -97.660678 30.219691, -97.664127 30.222997, -97.664528 30.222666, -97.664739 30.222492, -97.664878 30.222378, -97.666091 30.221284, -97.666583 30.22082, -97.66892 30.218624, -97.669174 30.218754, -97.670093 30.219205, -97.670759 30.219551, -97.671651 30.220015, -97.672023 30.220209, -97.672235 30.22032, -97.672361 30.220384, -97.673219 30.220822, -97.674016 30.221226, -97.675158 30.221723, -97.675874 30.222035, -97.676611 30.222346, -97.677677 30.222891, -97.678065 30.223004, -97.678343 30.223109, -97.678742 30.223216, -97.678842 30.223233, -97.67908 30.223272, -97.679673 30.223326, -97.679848 30.223323, -97.680253 30.223321, -97.680728 30.223263, -97.680956 30.223223, -97.681352 30.223141, -97.68204 30.222916, -97.683012 30.222438, -97.683288 30.22229, -97.683284 30.222526, -97.68328 30.222798, -97.683213 30.225492, -97.683142 30.226726, -97.683094 30.228481, -97.683092 30.22857, -97.683101 30.229361, -97.6831 30.22945, -97.683184 30.229945, -97.683228 30.230204, -97.683416 30.230794, -97.683855 30.231944, -97.684237 30.232665, -97.684462 30.23309, -97.685191 30.234359, -97.68536 30.234653, -97.685771 30.235367, -97.685893 30.235581, -97.686236 30.236186, -97.686391 30.236469, -97.68657 30.236771, -97.686996 30.237513, -97.687421 30.238253, -97.687599 30.238563, -97.688325 30.239734, -97.688786 30.24045, -97.68911 30.240898, -97.689532 30.241454, -97.69038 30.242349, -97.690668 30.242822, -97.690682 30.242861, -97.691081 30.243934, -97.691129 30.24424, -97.691244 30.244952, -97.69128 30.245176))",39.1,2257.0,36919.0,0.0,0.0,16974270.685506128,0.00013296594839430666
"POLYGON ((-97.730625 30.23034, -97.730247 30.230908, -97.729936 30.231379, -97.729859 30.231343, -97.729759 30.231296, -97.729538 30.231193, -97.729426 30.231141, -97.729314 30.231089, -97.729242 30.231055, -97.728714 30.230809, -97.72863 30.23077, -97.72852 30.230719, -97.728104 30.230524, -97.727991 30.230472, -97.727945 30.23045, -97.727737 30.230353, -97.727625 30.230529, -97.726402 30.232472, -97.725935 30.233214, -97.724589 30.232644, -97.724534 30.232734, -97.724501 30.232791, -97.724406 30.232833, -97.724377 30.232735, -97.725274 30.231274, -97.725365 30.231237, -97.725356 30.231144, -97.72625 30.229751, -97.72637 30.229715, -97.726343 30.229603, -97.727656 30.227467, -97.727776 30.227462, -97.727844 30.227492, -97.728401 30.227792, -97.728958 30.228093, -97.729009 30.22812, -97.729308 30.228443, -97.72998 30.229169, -97.731018 30.229751, -97.730625 30.23034))",32.4,1101.0,30068.0,144.0,0.0,157959.727755342,0.006970131030519996
"POLYGON ((-97.673228 30.32572, -97.672925 30.325827, -97.672779 30.325878, -97.671717 30.326284, -97.670785 30.326578, -97.670255 30.326745, -97.669557 30.32693, -97.668898 30.327068, -97.668694 30.327127, -97.66705 30.327471, -97.665877 30.327694, -97.664283 30.327965, -97.662709 30.328156, -97.661714 30.328254, -97.659394 30.328426, -97.654874 30.328725, -97.654771 30.328733, -97.654536 30.328752, -97.653633 30.328826, -97.651753 30.32894, -97.650582 30.329018, -97.64991 30.329065, -97.648172 30.329186, -97.647808 30.329209, -97.647293 30.329239, -97.646836 30.329264, -97.644418 30.329493, -97.644302 30.329504, -97.643998 30.329539, -97.644012 30.32928, -97.644015 30.329222, -97.644024 30.32901, -97.644026 30.328962, -97.64404 30.328635, -97.644066 30.328314, -97.644143 30.327326, -97.644282 30.325763, -97.644327 30.325258, -97.644439 30.324184, -97.644529 30.323318, -97.645387 30.31509, -97.645648 30.31264, -97.645745 30.311987, -97.646024 30.311399, -97.647044 30.309601, -97.64765 30.30992, -97.648255 30.31024, -97.648626 30.310436, -97.649388 30.31085, -97.650206 30.311301, -97.649897 30.311931, -97.649847 30.312023, -97.650293 30.312225, -97.650449 30.311984, -97.651259 30.312356, -97.65308 30.309487, -97.65347 30.308793, -97.654235 30.309192, -97.655054 30.309608, -97.657171 30.310647, -97.657813 30.310961, -97.659137 30.31153, -97.660033 30.311978, -97.660386 30.312175, -97.660553 30.312302, -97.660688 30.312484, -97.660874 30.312639, -97.661096 30.312767, -97.661279 30.312837, -97.661522 30.312878, -97.661771 30.312897, -97.661916 30.312872, -97.662197 30.312858, -97.662343 30.313512, -97.662675 30.314998, -97.662722 30.315166, -97.662893 30.31577, -97.662942 30.3159, -97.663016 30.316097, -97.663133 30.31638, -97.663146 30.316427, -97.663441 30.317044, -97.663578 30.317302, -97.663764 30.317628, -97.664242 30.318339, -97.664723 30.318913, -97.665657 30.319818, -97.666522 30.32064, -97.666616 30.32073, -97.669199 30.322613, -97.670236 30.323352, -97.67035 30.323448, -97.670464 30.323543, -97.671151 30.324128, -97.671586 30.324462, -97.671973 30.324758, -97.672217 30.32497, -97.672429 30.325104, -97.672558 30.325188, -97.67296 30.325496, -97.673009 30.325536, -97.673031 30.325555, -97.673141 30.325646, -97.673228 30.32572))",29.9,1527.0,86154.0,19.0,20.0,4030438.9891745495,0.00037886691849235406
"POLYGON ((-97.741965 30.296696, -97.741198 30.297885, -97.74094 30.298268, -97.740556 30.298901, -97.740427 30.299091, -97.739981 30.299761, -97.739895 30.299913, -97.739649 30.30034, -97.739172 30.301136, -97.739127 30.301212, -97.738917 30.30153, -97.73863 30.301985, -97.738295 30.302481, -97.738147 30.302741, -97.736311 30.301857, -97.735241 30.301337, -97.73471 30.301071, -97.733951 30.300718, -97.733548 30.30053, -97.733932 30.299922, -97.734319 30.299327, -97.734935 30.298369, -97.73508 30.298141, -97.735398 30.297636, -97.7356 30.297326, -97.735925 30.296797, -97.736222 30.296332, -97.736427 30.296015, -97.73687 30.295276, -97.736949 30.295186, -97.737507 30.294301, -97.737623 30.294357, -97.738427 30.294741, -97.739354 30.295221, -97.739761 30.29539, -97.740259 30.295637, -97.741129 30.296036, -97.7421 30.296504, -97.741965 30.296696))",30.7,1544.0,43333.0,295.0,142.0,396188.8213214573,0.0038971316627513797
"POLYGON ((-97.744434 30.228417, -97.742623 30.231499, -97.742295 30.232037, -97.741898 30.232689, -97.741273 30.233771, -97.741067 30.233728, -97.740427 30.233594, -97.74001 30.233475, -97.73939 30.233298, -97.738011 30.232778, -97.736888 30.232315, -97.736004 30.231656, -97.73577 30.230326, -97.735695 30.229777, -97.735503 30.228577, -97.735388 30.227788, -97.737196 30.227715, -97.737369 30.227373, -97.737435 30.227397, -97.737496 30.227429, -97.737612 30.227522, -97.737773 30.227632, -97.737903 30.227737, -97.738047 30.227837, -97.738184 30.22792, -97.738289 30.227994, -97.738343 30.228027, -97.738494 30.22809, -97.73857 30.228132, -97.738688 30.228199, -97.738889 30.228301, -97.739001 30.228334, -97.739174 30.228357, -97.739509 30.228384, -97.739714 30.228391, -97.739835 30.228384, -97.740157 30.227841, -97.740487 30.227344, -97.740855 30.227511, -97.741364 30.227579, -97.74223 30.227539, -97.742634 30.22758, -97.742879 30.22767, -97.744002 30.228191, -97.744283 30.228317, -97.744434 30.228417))",38.5,872.0,56217.0,94.0,0.0,410146.8313251023,0.0021260678698473484
"POLYGON ((-97.736004 30.231656, -97.7351 30.231107, -97.733695 30.230916, -97.733256 30.230822, -97.731545 30.229971, -97.731018 30.229751, -97.72998 30.229169, -97.729308 30.228443, -97.729009 30.22812, -97.728958 30.228093, -97.728401 30.227792, -97.727844 30.227492, -97.727776 30.227462, -97.728149 30.226838, -97.728941 30.225513, -97.729954 30.223817, -97.731706 30.221277, -97.731763 30.220598, -97.73185 30.21956, -97.731973 30.219126, -97.732743 30.217632, -97.734443 30.215521, -97.734495 30.215456, -97.73463 30.215287, -97.734911 30.215326, -97.73498 30.215336, -97.73508 30.215351, -97.734904 30.215622, -97.734657 30.216003, -97.7343 30.216553, -97.733776 30.217565, -97.733672 30.219252, -97.733744 30.219944, -97.734072 30.220547, -97.734366 30.221309, -97.734481 30.222192, -97.734553 30.222598, -97.734712 30.223475, -97.734804 30.224093, -97.734939 30.225053, -97.735086 30.225946, -97.735215 30.226732, -97.735388 30.227788, -97.735503 30.228577, -97.735695 30.229777, -97.73577 30.230326, -97.736004 30.231656))",28.5,1586.0,39097.0,29.0,0.0,626378.3276664595,0.0025320160834883323
"POLYGON ((-97.734495 30.215456, -97.734443 30.215521, -97.732743 30.217632, -97.731973 30.219126, -97.73185 30.21956, -97.731763 30.220598, -97.731706 30.221277, -97.729954 30.223817, -97.728941 30.225513, -97.728149 30.226838, -97.727776 30.227462, -97.72713 30.227191, -97.726936 30.227109, -97.726595 30.226966, -97.725886 30.226624, -97.724295 30.225656, -97.722912 30.224195, -97.722223 30.223065, -97.722182 30.223003, -97.721961 30.222664, -97.721498 30.221956, -97.721408 30.221818, -97.721353 30.221735, -97.721211 30.221454, -97.721088 30.221177, -97.720893 30.220782, -97.720606 30.220339, -97.72048 30.220158, -97.720226 30.219941, -97.719931 30.219726, -97.718603 30.219063, -97.716774 30.218204, -97.714177 30.216941, -97.710394 30.2151, -97.710213 30.214975, -97.710496 30.214716, -97.71083 30.21441, -97.711066 30.214063, -97.711296 30.213738, -97.711553 30.2133, -97.71177 30.212986, -97.711962 30.212695, -97.712177 30.212402, -97.71234 30.212341, -97.712509 30.212432, -97.714139 30.212712, -97.716396 30.213057, -97.718003 30.213238, -97.719381 30.213391, -97.720293 30.213471, -97.720444 30.213485, -97.72066 30.213505, -97.722999 30.213723, -97.727955 30.214325, -97.730518 30.214699, -97.731921 30.214903, -97.733442 30.215113, -97.734431 30.215257, -97.73463 30.215287, -97.734495 30.215456))",34.1,2246.0,56443.0,121.0,10.0,1804602.856709861,0.0012445951704270772
"POLYGON ((-97.729936 30.231379, -97.729644 30.231832, -97.729539 30.231994, -97.728923 30.232955, -97.728886 30.233012, -97.728811 30.233128, -97.727935 30.234499, -97.727914 30.23453, -97.727326 30.23541, -97.726629 30.236507, -97.726526 30.236728, -97.726368 30.237001, -97.72622 30.237229, -97.726101 30.237418, -97.726044 30.237491, -97.725989 30.237556, -97.725924 30.237605, -97.725862 30.237639, -97.725785 30.237657, -97.725696 30.237687, -97.725609 30.237534, -97.725575 30.23749, -97.72545 30.237329, -97.725315 30.23694, -97.724671 30.235997, -97.724209 30.235424, -97.723968 30.235119, -97.723188 30.234405, -97.723128 30.234348, -97.722846 30.234103, -97.722973 30.233957, -97.723316 30.233732, -97.723509 30.233664, -97.72368 30.233489, -97.723948 30.233306, -97.724279 30.232882, -97.724406 30.232833, -97.724501 30.232791, -97.724534 30.232734, -97.724589 30.232644, -97.725935 30.233214, -97.726402 30.232472, -97.727625 30.230529, -97.727737 30.230353, -97.727945 30.23045, -97.727991 30.230472, -97.728104 30.230524, -97.72852 30.230719, -97.72863 30.23077, -97.728714 30.230809, -97.729242 30.231055, -97.729314 30.231089, -97.729426 30.231141, -97.729538 30.231193, -97.729759 30.231296, -97.729859 30.231343, -97.729936 30.231379))",27.9,1196.0,29914.0,101.0,0.0,222320.8272192977,0.005379612944765914
"POLYGON ((-97.767856 30.189276, -97.767727 30.189479, -97.767609 30.189721, -97.76755 30.189804, -97.767303 30.190155, -97.767086 30.190343, -97.766197 30.191057, -97.76596 30.19122, -97.765615 30.19159, -97.765394 30.191921, -97.765308 30.192112, -97.765231 30.192339, -97.765184 30.192593, -97.7651 30.192754, -97.764693 30.19276, -97.76446 30.192771, -97.764236 30.192819, -97.763861 30.192856, -97.763679 30.192852, -97.763508 30.192805, -97.763018 30.192575, -97.762692 30.192436, -97.761658 30.191539, -97.76166 30.191431, -97.761687 30.191261, -97.761702 30.191213, -97.761742 30.191144, -97.761872 30.191009, -97.761921 30.190968, -97.76197 30.190947, -97.76204 30.190933, -97.762039 30.190794, -97.762049 30.190653, -97.762059 30.190617, -97.762079 30.190585, -97.762177 30.190485, -97.762226 30.190424, -97.762252 30.190349, -97.762264 30.190259, -97.762309 30.190138, -97.762374 30.189943, -97.762425 30.189708, -97.762536 30.189567, -97.762566 30.189523, -97.762655 30.189295, -97.762696 30.189231, -97.762771 30.188985, -97.762799 30.188947, -97.762812 30.18891, -97.762812 30.188889, -97.762797 30.188847, -97.762796 30.188767, -97.762766 30.188716, -97.762763 30.188583, -97.762772 30.188507, -97.762798 30.188423, -97.762926 30.188166, -97.762939 30.188152, -97.763012 30.18811, -97.762995 30.187842, -97.763837 30.188091, -97.76401 30.188141, -97.765163 30.18848, -97.766126 30.188764, -97.767749 30.189243, -97.767856 30.189276))",24.6,2145.0,49403.0,137.0,0.0,192914.17946276988,0.01111893384910029
"POLYGON ((-97.813255 30.09868, -97.813198 30.098806, -97.813107 30.099006, -97.812966 30.099316, -97.812719 30.099858, -97.812135 30.101144, -97.812102 30.101216, -97.811083 30.103403, -97.810391 30.104879, -97.809692 30.106355, -97.809086 30.107653, -97.808508 30.1089, -97.808115 30.109746, -97.807443 30.111193, -97.807345 30.111403, -97.807318 30.111464, -97.806871 30.11247, -97.806848 30.11247, -97.806618 30.11247, -97.806214 30.112472, -97.805637 30.112493, -97.803644 30.112521, -97.803584 30.112522, -97.802908 30.112532, -97.799116 30.112585, -97.798613 30.112591, -97.794153 30.112652, -97.792558 30.112674, -97.792115 30.112679, -97.791966 30.112681, -97.78612 30.112764, -97.78529 30.112775, -97.78492 30.112771, -97.782311 30.112743, -97.781789 30.112653, -97.780776 30.112172, -97.779331 30.111486, -97.778846 30.111255, -97.777871 30.110768, -97.773862 30.10884, -97.772091 30.107988, -97.771378 30.107645, -97.770078 30.10702, -97.767089 30.105582, -97.764481 30.104328, -97.764433 30.10431, -97.763882 30.104033, -97.763187 30.103683, -97.761984 30.103125, -97.759927 30.102171, -97.758879 30.101674, -97.758393 30.101438, -97.758236 30.101361, -97.756262 30.100403, -97.755315 30.099974, -97.754963 30.099815, -97.753778 30.099251, -97.750167 30.097535, -97.747866 30.096441, -97.746808 30.095938, -97.742353 30.093784, -97.742243 30.093731, -97.740768 30.093018, -97.735965 30.090696, -97.734513 30.09002, -97.733372 30.089917, -97.730539 30.090635, -97.729239 30.091035, -97.728957 30.091043, -97.728276 30.091062, -97.728035 30.09103, -97.727426 30.090949, -97.726635 30.090666, -97.723944 30.089087, -97.723336 30.088893, -97.722917 30.088846, -97.722473 30.088681, -97.72195 30.088642, -97.717821 30.088547, -97.715924 30.088533, -97.714837 30.088658, -97.714667 30.088678, -97.71388 30.088829, -97.712329 30.089192, -97.709682 30.089812, -97.70949 30.089857, -97.703012 30.091375, -97.69707 30.09277, -97.696799 30.092834, -97.693876 30.09352, -97.69372 30.090248, -97.693701 30.089846, -97.693683 30.08947, -97.69365 30.088809, -97.69363 30.088396, -97.693529 30.086346, -97.693454 30.084831, -97.693373 30.081942, -97.69337 30.081833, -97.693363 30.081586, -97.693349 30.081069, -97.693336 30.080606, -97.69332 30.080036, -97.693277 30.078455, -97.693221 30.076443, -97.693192 30.07569, -97.693158 30.074828, -97.693105 30.072954, -97.693051 30.070849, -97.693045 30.070635, -97.692958 30.067298, -97.692936 30.066444, -97.692862 30.064461, -97.692816 30.063223, -97.692546 30.060535, -97.692362 30.058865, -97.692048 30.056021, -97.691808 30.054477, -97.69165 30.053457, -97.691598 30.052728, -97.691109 30.048635, -97.691105 30.0486, -97.691089 30.048399, -97.691044 30.047842, -97.691024 30.047588, -97.69092 30.046483, -97.690607 30.043917, -97.690493 30.042982, -97.69046 30.042593, -97.690384 30.04168, -97.690199 30.039999, -97.690098 30.039256, -97.690084 30.03912, -97.691179 30.038159, -97.694639 30.035123, -97.697456 30.032651, -97.7002 30.030244, -97.700838 30.029686, -97.702022 30.028652, -97.70472 30.026491, -97.70553 30.025844, -97.707765 30.024059, -97.70879 30.023451, -97.70955 30.023966, -97.710215 30.024499, -97.71914 30.031006, -97.719355 30.031164, -97.724738 30.035088, -97.725309 30.035505, -97.729757 30.038748, -97.730881 30.039562, -97.734798 30.042399, -97.736595 30.04369, -97.744091 30.049076, -97.744402 30.0493, -97.744567 30.04942, -97.744802 30.049589, -97.746035 30.050473, -97.747662 30.051636, -97.750436 30.053619, -97.751479 30.054354, -97.755208 30.057007, -97.759077 30.059761, -97.76324 30.062715, -97.766644 30.065147, -97.767499 30.065759, -97.781369 30.07567, -97.784463 30.077907, -97.78452 30.077948, -97.786919 30.079682, -97.789154 30.081298, -97.789232 30.081354, -97.795811 30.086113, -97.802642 30.091054, -97.804468 30.092374, -97.807505 30.094562, -97.807642 30.094661, -97.810958 30.097099, -97.81175 30.097681, -97.812747 30.098414, -97.813018 30.098613, -97.813041 30.09862, -97.813162 30.098659, -97.813236 30.098676, -97.813255 30.09868))",36.8,2121.0,75114.0,38.0,57.0,55745113.73318651,3.80481778214996e-05
"POLYGON ((-97.75577 30.101182, -97.755621 30.101421, -97.75398 30.104024, -97.752695 30.106063, -97.752099 30.107008, -97.751808 30.107468, -97.751411 30.108099, -97.749267 30.111502, -97.749694 30.111772, -97.749748 30.111993, -97.749201 30.112881, -97.748844 30.113399, -97.74878 30.1135, -97.748615 30.113559, -97.748266 30.113685, -97.747824 30.113962, -97.7469 30.11528, -97.746118 30.116459, -97.74527 30.117739, -97.744946 30.118004, -97.744705 30.118195, -97.744289 30.118844, -97.741942 30.122501, -97.74159 30.123049, -97.740876 30.124162, -97.73815 30.122889, -97.734468 30.121166, -97.734205 30.121043, -97.732415 30.120173, -97.730195 30.119096, -97.728657 30.118349, -97.727594 30.117833, -97.727445 30.117761, -97.72653 30.117317, -97.719531 30.113969, -97.71859 30.115489, -97.717629 30.11712, -97.71729 30.117673, -97.716177 30.119472, -97.715871 30.119969, -97.715461 30.120633, -97.715195 30.121049, -97.710713 30.118875, -97.709795 30.118432, -97.708882 30.117991, -97.707196 30.117178, -97.705315 30.11627, -97.703403 30.115348, -97.701288 30.114382, -97.700619 30.114076, -97.699096 30.113272, -97.696087 30.111825, -97.695687 30.111669, -97.695276 30.112237, -97.695185 30.112277, -97.695079 30.112302, -97.694926 30.112321, -97.694866 30.110985, -97.694813 30.10982, -97.69474 30.108206, -97.694708 30.107487, -97.694661 30.107029, -97.694553 30.105173, -97.694425 30.102972, -97.694369 30.102027, -97.694363 30.101914, -97.694349 30.10167, -97.694287 30.100593, -97.694263 30.100193, -97.694058 30.096664, -97.693876 30.09352, -97.696799 30.092834, -97.69707 30.09277, -97.703012 30.091375, -97.70949 30.089857, -97.709682 30.089812, -97.712329 30.089192, -97.71388 30.088829, -97.714667 30.088678, -97.714837 30.088658, -97.715924 30.088533, -97.717821 30.088547, -97.72195 30.088642, -97.722473 30.088681, -97.722917 30.088846, -97.723336 30.088893, -97.723944 30.089087, -97.726635 30.090666, -97.727426 30.090949, -97.728035 30.09103, -97.728276 30.091062, -97.728957 30.091043, -97.729239 30.091035, -97.730539 30.090635, -97.733372 30.089917, -97.734513 30.09002, -97.735965 30.090696, -97.740768 30.093018, -97.742243 30.093731, -97.742353 30.093784, -97.746808 30.095938, -97.747866 30.096441, -97.750167 30.097535, -97.753778 30.099251, -97.754963 30.099815, -97.755315 30.099974, -97.756262 30.100403, -97.75577 30.101182))",33.3,901.0,64643.0,2.0,0.0,16057931.455785526,5.6109344001177554e-05
"POLYGON ((-97.722732 30.351671, -97.722707 30.351954, -97.722675 30.352167, -97.722662 30.352228, -97.722592 30.352193, -97.722065 30.351979, -97.721107 30.351506, -97.720237 30.351095, -97.719288 30.35066, -97.718582 30.350315, -97.718502 30.350276, -97.717674 30.349909, -97.716267 30.349207, -97.714598 30.348416, -97.713978 30.348013, -97.713893 30.347907, -97.713777 30.34775, -97.713538 30.347391, -97.713338 30.34715, -97.713083 30.346837, -97.713321 30.346488, -97.713916 30.345608, -97.714407 30.34488, -97.714561 30.344653, -97.714836 30.34419, -97.71492 30.344039, -97.714951 30.343992, -97.714964 30.343974, -97.715958 30.342349, -97.716769 30.341069, -97.71735 30.340156, -97.717823 30.339411, -97.717877 30.339321, -97.718851 30.33772, -97.719007 30.337503, -97.719122 30.337342, -97.719933 30.338937, -97.72003 30.339099, -97.720144 30.339321, -97.720217 30.339493, -97.720297 30.339729, -97.720357 30.339966, -97.720548 30.340819, -97.72103 30.343007, -97.721248 30.343992, -97.721918 30.34719, -97.721934 30.347265, -97.722179 30.348438, -97.722575 30.350328, -97.722646 30.350605, -97.722686 30.350817, -97.722722 30.351101, -97.722737 30.351385, -97.722732 30.351671))",30.1,2937.0,104296.0,226.0,121.0,766080.7856803493,0.0038337993262573178
"POLYGON ((-97.70904 30.265387, -97.708523 30.266224, -97.70793 30.267246, -97.707551 30.267879, -97.706893 30.26902, -97.706381 30.269898, -97.705509 30.271322, -97.704829 30.272419, -97.703187 30.272692, -97.701312 30.273005, -97.699869 30.273243, -97.698762 30.273427, -97.697907 30.273556, -97.696706 30.269557, -97.696272 30.268101, -97.696047 30.267359, -97.695509 30.26561, -97.694586 30.262516, -97.694547 30.262393, -97.697816 30.261463, -97.698076 30.261389, -97.698113 30.26139, -97.698125 30.26139, -97.698147 30.261384, -97.698165 30.261379, -97.698218 30.261364, -97.698271 30.26135, -97.698335 30.261221, -97.698712 30.260665, -97.699552 30.260993, -97.699765 30.261076, -97.699796 30.261087, -97.700402 30.261293, -97.702233 30.261903, -97.703816 30.262494, -97.705882 30.263218, -97.70676 30.263522, -97.707309 30.263723, -97.708178 30.264041, -97.708489 30.264138, -97.71027 30.264774, -97.70904 30.265387))",39.8,2113.0,102500.0,35.0,73.0,1297451.5603410772,0.0016285771774358416
"POLYGON ((-97.741991 30.282642, -97.741906 30.283797, -97.74181 30.285, -97.741735 30.285891, -97.741685 30.286489, -97.74155 30.287719, -97.741461 30.288762, -97.741415 30.28908, -97.741386 30.289419, -97.741354 30.289813, -97.74128 30.290469, -97.741247 30.290865, -97.741154 30.291985, -97.740343 30.291966, -97.740055 30.291924, -97.738927 30.291824, -97.737769 30.291749, -97.736583 30.291654, -97.736569 30.292471, -97.736526 30.29264, -97.736517 30.292675, -97.736025 30.293176, -97.735705 30.292202, -97.73512 30.29145, -97.734735 30.290956, -97.73453 30.290429, -97.734458 30.290051, -97.734688 30.289326, -97.73446 30.2887, -97.734096 30.28818, -97.734042 30.288103, -97.733607 30.287574, -97.733534 30.287059, -97.733524 30.286145, -97.733695 30.285315, -97.734009 30.283963, -97.734053 30.283213, -97.73398 30.283002, -97.733934 30.282897, -97.733876 30.282797, -97.733761 30.282679, -97.733669 30.282573, -97.733568 30.282438, -97.733497 30.282316, -97.73346 30.282211, -97.733379 30.282089, -97.73331 30.281889, -97.733275 30.281726, -97.73326 30.281354, -97.73333 30.281175, -97.733403 30.28103, -97.733547 30.280852, -97.733856 30.280563, -97.734304 30.280372, -97.735111 30.280231, -97.73545 30.280172, -97.735709 30.279977, -97.736774 30.280295, -97.738107 30.280688, -97.739243 30.280981, -97.739439 30.28102, -97.739907 30.281176, -97.740508 30.281328, -97.741017 30.28149, -97.741628 30.28165, -97.741888 30.281735, -97.742049 30.282096, -97.741991 30.282642))",19.4,8288.0,10625.0,8191.0,89.0,915902.4767366215,0.009048998349180479
"POLYGON ((-97.752172 30.24291, -97.751912 30.243527, -97.75163 30.244247, -97.751304 30.245145, -97.750966 30.246093, -97.750625 30.247024, -97.75027 30.247946, -97.749937 30.248924, -97.749592 30.249822, -97.749513 30.249991, -97.749105 30.251116, -97.74893 30.251071, -97.748888 30.250966, -97.74876 30.250157, -97.748322 30.249744, -97.747832 30.248967, -97.747697 30.24889, -97.74688 30.248686, -97.746188 30.248617, -97.745661 30.248192, -97.744581 30.249259, -97.743851 30.248975, -97.743014 30.248969, -97.742738 30.24894, -97.742347 30.2489, -97.742183 30.248896, -97.742011 30.248885, -97.742033 30.248165, -97.742232 30.248174, -97.74249 30.248171, -97.742877 30.248188, -97.743211 30.248222, -97.743447 30.248282, -97.743624 30.248337, -97.743749 30.248384, -97.743836 30.24838, -97.743924 30.248363, -97.744013 30.248296, -97.744122 30.248196, -97.744256 30.248083, -97.744336 30.248002, -97.744391 30.247929, -97.744394 30.247795, -97.744368 30.247692, -97.744257 30.247671, -97.744148 30.2476, -97.744029 30.247515, -97.743688 30.247393, -97.74355 30.24731, -97.743365 30.247169, -97.743242 30.247062, -97.743172 30.246983, -97.743019 30.246757, -97.742999 30.246534, -97.743017 30.246449, -97.743097 30.246322, -97.743231 30.246206, -97.743366 30.246242, -97.743525 30.246275, -97.743689 30.246295, -97.743791 30.246281, -97.743937 30.246275, -97.744106 30.246284, -97.744236 30.246328, -97.744365 30.24632, -97.744454 30.246291, -97.74461 30.24602, -97.744631 30.245786, -97.744565 30.24557, -97.744278 30.244924, -97.744265 30.244827, -97.744357 30.244686, -97.744464 30.244611, -97.744716 30.244583, -97.744752 30.244527, -97.744769 30.244377, -97.744784 30.244187, -97.744797 30.244133, -97.744822 30.244078, -97.744861 30.244021, -97.744927 30.24395, -97.744995 30.243912, -97.745036 30.243883, -97.745096 30.243807, -97.745136 30.24373, -97.745148 30.243692, -97.745153 30.243633, -97.745144 30.243579, -97.745108 30.243499, -97.745056 30.243421, -97.744872 30.243199, -97.744856 30.243169, -97.744859 30.243144, -97.744876 30.243114, -97.745057 30.242917, -97.745188 30.242764, -97.745248 30.242695, -97.745322 30.242625, -97.745372 30.242593, -97.74542 30.242575, -97.745512 30.242558, -97.745637 30.242551, -97.745711 30.242529, -97.745749 30.242501, -97.745761 30.242479, -97.745766 30.242419, -97.745743 30.242247, -97.745743 30.24219, -97.745756 30.242136, -97.745787 30.242077, -97.745845 30.242003, -97.745912 30.241942, -97.746033 30.241867, -97.746279 30.241688, -97.746441 30.241587, -97.746506 30.241535, -97.74656 30.241478, -97.746639 30.241345, -97.746867 30.241084, -97.747101 30.240859, -97.747146 30.240797, -97.74719 30.240691, -97.747266 30.240539, -97.747318 30.240459, -97.747358 30.240418, -97.747384 30.240402, -97.747438 30.240402, -97.747509 30.240373, -97.747526 30.240359, -97.747539 30.240327, -97.747537 30.240247, -97.747558 30.24008, -97.747563 30.240009, -97.747559 30.23992, -97.747545 30.239868, -97.747503 30.23978, -97.74744 30.239677, -97.747488 30.239695, -97.747743 30.239774, -97.748438 30.240071, -97.748715 30.24025, -97.749647 30.240692, -97.750608 30.24113, -97.751413 30.241481, -97.752038 30.241763, -97.752434 30.241923, -97.752172 30.24291))",38.0,1256.0,152467.0,46.0,15.0,605608.7924620005,0.002073946111142052
"POLYGON ((-97.715978 30.27436, -97.715132 30.274509, -97.714985 30.274535, -97.71396 30.274699, -97.713059 30.274854, -97.712098 30.275005, -97.71151 30.275075, -97.711 30.275175, -97.710096 30.275335, -97.710055 30.275341, -97.70824 30.27563, -97.707722 30.275704, -97.707989 30.27519, -97.70913 30.273203, -97.709385 30.272815, -97.710095 30.271413, -97.709072 30.271956, -97.707982 30.272332, -97.707245 30.272438, -97.705976 30.272456, -97.704829 30.272419, -97.705509 30.271322, -97.706381 30.269898, -97.706893 30.26902, -97.707551 30.267879, -97.70793 30.267246, -97.708523 30.266224, -97.70904 30.265387, -97.71027 30.264774, -97.710977 30.264464, -97.711544 30.264201, -97.711972 30.263885, -97.712759 30.263043, -97.713231 30.263193, -97.713148 30.263436, -97.713103 30.263608, -97.713071 30.263781, -97.713046 30.264011, -97.713045 30.264036, -97.71304 30.264245, -97.713049 30.264421, -97.71308 30.264653, -97.713115 30.264824, -97.713126 30.264864, -97.713162 30.264996, -97.713242 30.265218, -97.713314 30.265381, -97.713372 30.265498, -97.713479 30.265665, -97.713638 30.265877, -97.713813 30.266082, -97.714053 30.26632, -97.714235 30.266475, -97.714678 30.266908, -97.714762 30.26699, -97.714833 30.267073, -97.71496 30.267252, -97.715069 30.267441, -97.71514 30.267586, -97.715217 30.267785, -97.715274 30.26799, -97.715304 30.268148, -97.715323 30.268302, -97.71533 30.268514, -97.715318 30.268723, -97.715308 30.268797, -97.715294 30.268879, -97.715276 30.268968, -97.71526 30.269035, -97.715216 30.269188, -97.715175 30.269299, -97.715138 30.269387, -97.715092 30.269485, -97.715042 30.26958, -97.714987 30.269676, -97.714936 30.26975, -97.714863 30.269855, -97.714723 30.270027, -97.714607 30.270149, -97.714483 30.270265, -97.71435 30.270372, -97.714247 30.270447, -97.715056 30.270344, -97.715123 30.270336, -97.715344 30.271341, -97.715566 30.272386, -97.715764 30.273385, -97.715978 30.27436))",34.1,880.0,132698.0,0.0,94.0,830016.4100127224,0.001060220002140092
"POLYGON ((-97.735994 30.250611, -97.735802 30.25052, -97.735707 30.250475, -97.735684 30.250464, -97.73562 30.25045, -97.735535 30.250431, -97.735451 30.250412, -97.735183 30.250353, -97.734424 30.250209, -97.734302 30.250164, -97.734139 30.25007, -97.733744 30.249859, -97.733174 30.249569, -97.733006 30.249479, -97.732857 30.2494, -97.732795 30.249367, -97.732776 30.249399, -97.729782 30.248109, -97.728976 30.247907, -97.729132 30.247776, -97.729791 30.247221, -97.731443 30.245957, -97.731871 30.246296, -97.73206 30.246318, -97.732158 30.24652, -97.733386 30.247442, -97.733569 30.24748, -97.733752 30.247625, -97.734141 30.247736, -97.73473 30.247867, -97.734859 30.247844, -97.734998 30.247819, -97.735174 30.247852, -97.735195 30.247856, -97.735412 30.247888, -97.73544 30.24802, -97.735603 30.248791, -97.73569 30.249195, -97.735822 30.249809, -97.735932 30.250322, -97.735994 30.250611))",34.4,700.0,90532.0,0.0,0.0,148711.0233559115,0.0047071157484047665
"POLYGON ((-97.760298 30.278476, -97.760015 30.27888, -97.759898 30.279103, -97.75968 30.279454, -97.759423 30.279792, -97.75912 30.280226, -97.758664 30.279994, -97.758138 30.279747, -97.75775 30.279563, -97.757222 30.279289, -97.756886 30.279153, -97.756199 30.278801, -97.7553 30.278403, -97.754174 30.277852, -97.753352 30.277536, -97.753144 30.277471, -97.752362 30.277227, -97.751398 30.276897, -97.750234 30.276514, -97.750167 30.276493, -97.750173 30.276474, -97.750207 30.276437, -97.750224 30.276412, -97.750243 30.276343, -97.75026 30.276318, -97.750519 30.276113, -97.750694 30.275992, -97.750817 30.275913, -97.750902 30.275839, -97.751054 30.275682, -97.751285 30.275406, -97.751315 30.275353, -97.751332 30.275301, -97.751348 30.275227, -97.751411 30.275025, -97.751431 30.274921, -97.75145 30.274883, -97.751502 30.274823, -97.751566 30.274761, -97.751631 30.274697, -97.751764 30.274556, -97.751999 30.274222, -97.75207 30.274087, -97.752085 30.274034, -97.752077 30.273989, -97.752046 30.273937, -97.752003 30.273905, -97.751926 30.273868, -97.751714 30.273776, -97.751672 30.273752, -97.751594 30.273672, -97.751491 30.27355, -97.751445 30.27349, -97.751419 30.273441, -97.751406 30.273395, -97.751401 30.27326, -97.751323 30.273056, -97.751302 30.27294, -97.751298 30.272831, -97.75131 30.272712, -97.751335 30.272628, -97.751339 30.272565, -97.75132 30.272481, -97.751232 30.272239, -97.751194 30.27215, -97.751159 30.272066, -97.751125 30.272, -97.751022 30.27185, -97.750937 30.271702, -97.750854 30.2716, -97.750824 30.271525, -97.750815 30.271472, -97.750815 30.271413, -97.750843 30.271182, -97.750868 30.271091, -97.750899 30.271028, -97.750958 30.270949, -97.751038 30.270865, -97.751231 30.270595, -97.751262 30.270538, -97.75132 30.270559, -97.751903 30.27073, -97.752521 30.270962, -97.752941 30.271133, -97.753964 30.271539, -97.752773 30.273949, -97.753804 30.274286, -97.75475 30.27463, -97.755709 30.274954, -97.755553 30.275187, -97.756226 30.275509, -97.756861 30.275742, -97.757572 30.276031, -97.758534 30.27648, -97.759303 30.276872, -97.759837 30.277078, -97.760857 30.277604, -97.760298 30.278476))",55.6,783.0,120469.0,0.0,48.0,388874.9234838134,0.002013500878342421
"POLYGON ((-97.742013 30.244023, -97.741786 30.244667, -97.741121 30.245616, -97.740471 30.246566, -97.740053 30.247165, -97.739631 30.24777, -97.74004 30.24813, -97.740402 30.248657, -97.74074 30.24834, -97.741775 30.24945, -97.741551 30.249698, -97.74138 30.249788, -97.740962 30.250077, -97.740521 30.250777, -97.740658 30.25097, -97.74066 30.251001, -97.740726 30.251161, -97.740795 30.251294, -97.740927 30.251519, -97.740968 30.251618, -97.740995 30.251722, -97.740995 30.251779, -97.740974 30.25183, -97.740947 30.251869, -97.740915 30.251895, -97.74088 30.251925, -97.740832 30.251979, -97.740758 30.252085, -97.740692 30.2522, -97.740606 30.25239, -97.740565 30.2525, -97.740539 30.25257, -97.740519 30.252655, -97.740505 30.252681, -97.740484 30.252698, -97.740434 30.252715, -97.740391 30.252721, -97.740021 30.252966, -97.73982 30.253022, -97.739646 30.253066, -97.739544 30.253091, -97.73922 30.252759, -97.738567 30.252157, -97.738476 30.252039, -97.738264 30.251837, -97.737846 30.251523, -97.737141 30.251188, -97.736796 30.25101, -97.736319 30.250765, -97.736236 30.250729, -97.736159 30.250689, -97.736057 30.250641, -97.735994 30.250611, -97.735932 30.250322, -97.735822 30.249809, -97.73569 30.249195, -97.735603 30.248791, -97.73544 30.24802, -97.735412 30.247888, -97.735339 30.247501, -97.735248 30.247021, -97.735125 30.246374, -97.735028 30.245863, -97.735021 30.24544, -97.735037 30.244959, -97.735142 30.244414, -97.735261 30.244083, -97.735307 30.243955, -97.735467 30.243563, -97.735631 30.243214, -97.735874 30.242815, -97.73594 30.242684, -97.736403 30.241929, -97.736969 30.240953, -97.737023 30.24088, -97.737243 30.240978, -97.737398 30.241047, -97.738008 30.241373, -97.738595 30.241687, -97.739324 30.242241, -97.740875 30.242971, -97.741188 30.243109, -97.742164 30.243586, -97.742013 30.244023))",46.5,604.0,146563.0,26.0,14.0,582869.2436850603,0.0010362529959229711
"POLYGON ((-97.74022 30.125184, -97.738244 30.128265, -97.735916 30.131895, -97.735213 30.132988, -97.735061 30.133225, -97.733656 30.135417, -97.733254 30.136044, -97.733064 30.136341, -97.733015 30.136415, -97.732518 30.137192, -97.731959 30.13807, -97.731405 30.13894, -97.73095 30.139653, -97.729405 30.142082, -97.72929 30.14247, -97.730357 30.146215, -97.731406 30.149994, -97.731582 30.150505, -97.731684 30.150454, -97.732069 30.150916, -97.733099 30.152181, -97.733507 30.152682, -97.7345 30.153796, -97.734706 30.154016, -97.735223 30.154599, -97.735285 30.154632, -97.736018 30.155019, -97.735787 30.155461, -97.735724 30.155585, -97.735844 30.156727, -97.735986 30.15808, -97.736043 30.15862, -97.736127 30.159177, -97.736173 30.159865, -97.735988 30.159778, -97.734439 30.159053, -97.732878 30.158322, -97.730999 30.157442, -97.729841 30.156863, -97.728579 30.15885, -97.728252 30.159362, -97.727657 30.160295, -97.725812 30.16319, -97.72549 30.16366, -97.725402 30.163743, -97.724828 30.164671, -97.724501 30.165203, -97.723982 30.166006, -97.723927 30.166088, -97.723849 30.166205, -97.723837 30.166224, -97.723799 30.166281, -97.723305 30.167086, -97.723386 30.167106, -97.723244 30.167323, -97.723192 30.167435, -97.723112 30.16763, -97.723025 30.167962, -97.722465 30.170591, -97.722461 30.170612, -97.722421 30.170766, -97.722117 30.172403, -97.722108 30.172453, -97.722108 30.172522, -97.722051 30.173211, -97.721563 30.176927, -97.721516 30.177378, -97.721238 30.179291, -97.721228 30.179357, -97.721148 30.179736, -97.721078 30.180007, -97.720959 30.180331, -97.720877 30.18053, -97.720708 30.180937, -97.720429 30.181421, -97.720225 30.181743, -97.719916 30.182159, -97.719625 30.18252, -97.719387 30.182756, -97.719075 30.183056, -97.719038 30.183092, -97.717757 30.184286, -97.717675 30.184362, -97.717616 30.184302, -97.717603 30.184314, -97.717594 30.184322, -97.717377 30.184528, -97.716707 30.18514, -97.716297 30.185514, -97.71545 30.186307, -97.714899 30.186848, -97.714474 30.187243, -97.713858 30.187833, -97.713436 30.188228, -97.713326 30.188332, -97.712992 30.18863, -97.712825 30.18878, -97.712591 30.188961, -97.712296 30.189169, -97.712136 30.189259, -97.71202 30.189331, -97.711842 30.18943, -97.711636 30.189522, -97.711446 30.189602, -97.711195 30.189706, -97.711011 30.189767, -97.710536 30.1899, -97.710105 30.189984, -97.709933 30.190006, -97.709718 30.190026, -97.70951 30.19004, -97.709224 30.190047, -97.709042 30.190046, -97.708742 30.190023, -97.705679 30.189826, -97.703072 30.189658, -97.70299 30.189652, -97.70289 30.189648, -97.702409 30.189603, -97.702173 30.189592, -97.702023 30.189589, -97.701772 30.189608, -97.7015 30.189659, -97.701363 30.189693, -97.701201 30.18974, -97.700902 30.189849, -97.70069 30.189978, -97.70045 30.190139, -97.700235 30.190318, -97.700056 30.19047, -97.699904 30.190606, -97.699813 30.190676, -97.698743 30.1916, -97.698528 30.191776, -97.698432 30.191855, -97.698401 30.19188, -97.698328 30.191935, -97.698222 30.192042, -97.697185 30.192949, -97.69538 30.194527, -97.692628 30.197021, -97.692402 30.197226, -97.692039 30.197502, -97.691712 30.19772, -97.69169 30.197735, -97.691345 30.197942, -97.690995 30.198106, -97.690605 30.198268, -97.690312 30.198361, -97.689995 30.198452, -97.6898 30.198502, -97.689703 30.198527, -97.68943 30.198591, -97.689167 30.198634, -97.688623 30.198678, -97.688446 30.198681, -97.688314 30.198687, -97.687594 30.198656, -97.687293 30.198627, -97.685471 30.198406, -97.685 30.198347, -97.684674 30.198307, -97.684657 30.198306, -97.684495 30.198324, -97.684438 30.198322, -97.684274 30.198315, -97.684305 30.198179, -97.684873 30.194621, -97.685044 30.193416, -97.685294 30.191848, -97.685691 30.190187, -97.686041 30.188855, -97.686274 30.188031, -97.686945 30.185659, -97.687211 30.184718, -97.68755 30.183521, -97.687754 30.183, -97.687796 30.182843, -97.687824 30.182733, -97.688534 30.180062, -97.689135 30.178025, -97.689183 30.177852, -97.689487 30.176765, -97.690052 30.174752, -97.690077 30.174664, -97.69032 30.1738, -97.691124 30.170932, -97.691574 30.169368, -97.691959 30.167971, -97.692108 30.167433, -97.692355 30.166538, -97.692378 30.166455, -97.692987 30.164246, -97.693002 30.164193, -97.693028 30.164102, -97.693297 30.163231, -97.693347 30.163058, -97.693365 30.162995, -97.693415 30.162823, -97.693432 30.162764, -97.693524 30.162353, -97.694238 30.159879, -97.696385 30.152608, -97.696669 30.151436, -97.696689 30.151302, -97.69672 30.151089, -97.696821 30.150407, -97.696913 30.14978, -97.696965 30.147652, -97.696964 30.147588, -97.696731 30.14419, -97.696222 30.135823, -97.696117 30.133444, -97.696069 30.132779, -97.695953 30.130989, -97.69594 30.130772, -97.695935 30.130674, -97.69587 30.129519, -97.695814 30.128605, -97.69576 30.127636, -97.695542 30.123763, -97.695479 30.122788, -97.695255 30.117868, -97.695089 30.115714, -97.695064 30.115399, -97.695029 30.113775, -97.694998 30.113337, -97.694926 30.112321, -97.695079 30.112302, -97.695185 30.112277, -97.695276 30.112237, -97.695687 30.111669, -97.696087 30.111825, -97.699096 30.113272, -97.700619 30.114076, -97.701288 30.114382, -97.703403 30.115348, -97.705315 30.11627, -97.707196 30.117178, -97.708882 30.117991, -97.709795 30.118432, -97.710713 30.118875, -97.715195 30.121049, -97.715461 30.120633, -97.715871 30.119969, -97.716177 30.119472, -97.71729 30.117673, -97.717629 30.11712, -97.71859 30.115489, -97.719531 30.113969, -97.72653 30.117317, -97.727445 30.117761, -97.727594 30.117833, -97.728657 30.118349, -97.730195 30.119096, -97.732415 30.120173, -97.734205 30.121043, -97.734468 30.121166, -97.73815 30.122889, -97.740876 30.124162, -97.74022 30.125184))",33.7,6636.0,150677.0,324.0,86.0,28407738.25030983,0.0002335983224545384
"POLYGON ((-97.68755 30.183521, -97.687211 30.184718, -97.686945 30.185659, -97.686274 30.188031, -97.686041 30.188855, -97.685691 30.190187, -97.685294 30.191848, -97.685044 30.193416, -97.684873 30.194621, -97.684305 30.198179, -97.684274 30.198315, -97.684246 30.198441, -97.68401 30.199951, -97.683747 30.201627, -97.683702 30.202225, -97.683484 30.205112, -97.683434 30.208471, -97.683412 30.209949, -97.683414 30.211919, -97.68346 30.213547, -97.683467 30.213707, -97.683476 30.214508, -97.683473 30.215336, -97.683457 30.216058, -97.683439 30.216879, -97.683418 30.217405, -97.683419 30.217457, -97.683419 30.217529, -97.683421 30.217663, -97.683424 30.217827, -97.683413 30.218554, -97.683401 30.218838, -97.683387 30.219162, -97.683385 30.219197, -97.683303 30.221124, -97.683315 30.221586, -97.68331 30.221701, -97.683288 30.22229, -97.683012 30.222438, -97.68204 30.222916, -97.681352 30.223141, -97.680956 30.223223, -97.680728 30.223263, -97.680253 30.223321, -97.679848 30.223323, -97.679673 30.223326, -97.67908 30.223272, -97.678842 30.223233, -97.678742 30.223216, -97.678343 30.223109, -97.678065 30.223004, -97.677677 30.222891, -97.676611 30.222346, -97.675874 30.222035, -97.675158 30.221723, -97.674016 30.221226, -97.673219 30.220822, -97.672361 30.220384, -97.672235 30.22032, -97.672023 30.220209, -97.671651 30.220015, -97.670759 30.219551, -97.670093 30.219205, -97.669174 30.218754, -97.66892 30.218624, -97.668787 30.218554, -97.668054 30.218169, -97.667583 30.217922, -97.66503 30.21652, -97.664503 30.216206, -97.664001 30.215907, -97.66364 30.215693, -97.662879 30.215259, -97.661548 30.2145, -97.660342 30.213826, -97.660217 30.213759, -97.658712 30.212951, -97.658646 30.212915, -97.658541 30.212864, -97.657149 30.212186, -97.656893 30.212072, -97.656616 30.211949, -97.655908 30.211635, -97.65533 30.211378, -97.65527 30.211348, -97.654192 30.210847, -97.653529 30.210548, -97.653124 30.210314, -97.652658 30.210045, -97.652598 30.210007, -97.652501 30.209956, -97.652369 30.209886, -97.651351 30.209362, -97.651113 30.209239, -97.650997 30.209185, -97.646525 30.206911, -97.645987 30.206632, -97.645856 30.206564, -97.645716 30.206493, -97.642064 30.204636, -97.642046 30.204627, -97.641896 30.204551, -97.6421 30.204397, -97.643363 30.203437, -97.643484 30.203346, -97.644402 30.20265, -97.645645 30.203685, -97.648636 30.201056, -97.649199 30.200561, -97.651622 30.19843, -97.649998 30.197082, -97.646729 30.194372, -97.646694 30.194334, -97.647115 30.193717, -97.647315 30.193358, -97.64748 30.192963, -97.64757 30.192649, -97.647639 30.192207, -97.647684 30.191873, -97.647664 30.191599, -97.64763 30.191298, -97.647564 30.190924, -97.647396 30.190328, -97.646895 30.188389, -97.64654 30.187038, -97.646284 30.186193, -97.646254 30.18606, -97.646151 30.185612, -97.646099 30.185386, -97.645963 30.184891, -97.645845 30.184363, -97.645798 30.184056, -97.645778 30.183621, -97.645765 30.183293, -97.645914 30.182274, -97.646561 30.180623, -97.64711 30.179375, -97.647624 30.178353, -97.650136 30.17484, -97.651723 30.172995, -97.653583 30.171614, -97.657158 30.168961, -97.659318 30.167359, -97.660768 30.168792, -97.660951 30.168945, -97.661523 30.169423, -97.661581 30.169471, -97.66204 30.169756, -97.66233 30.169872, -97.662807 30.17008, -97.663505 30.170337, -97.66503 30.170878, -97.665453 30.171036, -97.665899 30.171218, -97.666018 30.171273, -97.667303 30.171816, -97.667734 30.171999, -97.668006 30.172114, -97.668142 30.172168, -97.668747 30.17241, -97.668998 30.172511, -97.669319 30.172631, -97.669637 30.172751, -97.669968 30.172875, -97.670588 30.173108, -97.672058 30.17356, -97.672682 30.173751, -97.673078 30.173872, -97.673343 30.173978, -97.673768 30.174147, -97.674084 30.174273, -97.674398 30.174398, -97.674638 30.174494, -97.675004 30.174642, -97.676661 30.175407, -97.677279 30.175692, -97.679189 30.176073, -97.679285 30.176098, -97.679798 30.176231, -97.68027 30.176348, -97.680642 30.176617, -97.680922 30.176939, -97.681345 30.177639, -97.681692 30.177957, -97.682129 30.178235, -97.683019 30.178899, -97.683467 30.179231, -97.684006 30.179616, -97.684414 30.179974, -97.685305 30.180845, -97.685584 30.181131, -97.685817 30.18136, -97.685884 30.181425, -97.6869 30.182588, -97.68699 30.182625, -97.687521 30.182841, -97.687754 30.183, -97.68755 30.183521))",45.0,0.0,85000.0,0.0,0.0,17313123.107564356,0.0
"POLYGON ((-97.7698 30.177673, -97.769586 30.177673, -97.769376 30.177661, -97.769209 30.177617, -97.76811 30.177252, -97.766828 30.176844, -97.766459 30.176725, -97.766213 30.176669, -97.765616 30.176584, -97.765062 30.176546, -97.763751 30.176258, -97.763173 30.176013, -97.762747 30.17568, -97.762372 30.175711, -97.760305 30.175187, -97.759728 30.174981, -97.759434 30.174766, -97.759029 30.17481, -97.756037 30.174049, -97.756091 30.173563, -97.755195 30.173589, -97.754812 30.173356, -97.754348 30.173074, -97.754159 30.172861, -97.753774 30.172686, -97.753262 30.172524, -97.752809 30.17238, -97.753573 30.171232, -97.75439 30.171496, -97.755705 30.17188, -97.755802 30.171607, -97.755856 30.171404, -97.755866 30.171368, -97.755956 30.171375, -97.75621 30.171348, -97.756371 30.171295, -97.756589 30.171287, -97.756761 30.171303, -97.757055 30.171398, -97.757271 30.171477, -97.757668 30.170547, -97.757752 30.17045, -97.757873 30.17043, -97.758366 30.169792, -97.758534 30.169576, -97.758556 30.169579, -97.758621 30.169596, -97.758671 30.169621, -97.758733 30.169668, -97.758967 30.169885, -97.759083 30.169979, -97.759202 30.170064, -97.759294 30.170117, -97.75938 30.170161, -97.759459 30.170189, -97.759576 30.170211, -97.759661 30.170216, -97.759798 30.170211, -97.759969 30.17019, -97.76012 30.17016, -97.760211 30.170135, -97.760256 30.170113, -97.760289 30.170086, -97.760343 30.170025, -97.760365 30.169982, -97.760378 30.169967, -97.760439 30.169936, -97.760604 30.169884, -97.760898 30.169816, -97.76098 30.169801, -97.761081 30.169812, -97.761343 30.16983, -97.761411 30.169831, -97.76152 30.169822, -97.761589 30.169804, -97.761686 30.169758, -97.761825 30.169682, -97.761878 30.169663, -97.761969 30.169645, -97.762289 30.169596, -97.762398 30.169577, -97.762464 30.169553, -97.762507 30.169524, -97.762522 30.169502, -97.762532 30.169415, -97.762605 30.169393, -97.763052 30.169305, -97.763135 30.169269, -97.763183 30.169253, -97.763443 30.16924, -97.763608 30.16917, -97.763802 30.169016, -97.763862 30.168905, -97.763871 30.168871, -97.763859 30.16882, -97.763799 30.168674, -97.763795 30.168647, -97.763808 30.168576, -97.763841 30.168514, -97.76388 30.168467, -97.763979 30.168386, -97.76405 30.168322, -97.764064 30.168287, -97.764084 30.168239, -97.764292 30.168242, -97.764336 30.168248, -97.764464 30.16831, -97.764578 30.168378, -97.764826 30.168517, -97.764966 30.168548, -97.765007 30.168542, -97.765092 30.168505, -97.765391 30.168343, -97.765694 30.16815, -97.765808 30.168085, -97.765843 30.168074, -97.765891 30.168074, -97.765914 30.168083, -97.76595 30.168127, -97.766004 30.168167, -97.766028 30.168177, -97.766064 30.168181, -97.766122 30.168164, -97.76619 30.168133, -97.766258 30.168087, -97.766338 30.168017, -97.766489 30.167867, -97.76662 30.167746, -97.766658 30.16772, -97.766744 30.167684, -97.766777 30.16768, -97.76682 30.167688, -97.76693 30.167733, -97.767039 30.167757, -97.767105 30.16776, -97.767134 30.167755, -97.767173 30.167739, -97.767191 30.16772, -97.767313 30.167517, -97.767446 30.167228, -97.767464 30.167172, -97.767469 30.167074, -97.767494 30.166976, -97.767525 30.166909, -97.767742 30.166622, -97.767786 30.16654, -97.767807 30.166522, -97.767991 30.166449, -97.768045 30.166431, -97.768115 30.166427, -97.768167 30.166435, -97.768208 30.166457, -97.768246 30.166489, -97.768272 30.166523, -97.768282 30.16656, -97.76827 30.166662, -97.768253 30.166739, -97.768204 30.166879, -97.767995 30.167367, -97.767978 30.167436, -97.767959 30.167655, -97.767966 30.167713, -97.767982 30.167754, -97.768038 30.167845, -97.768116 30.168008, -97.768135 30.168077, -97.768133 30.168151, -97.768124 30.168198, -97.768072 30.168375, -97.768044 30.168439, -97.767983 30.168513, -97.767839 30.168647, -97.767801 30.168695, -97.767771 30.168753, -97.767736 30.168829, -97.767534 30.169161, -97.767433 30.169287, -97.76737 30.16939, -97.767166 30.169623, -97.767113 30.169657, -97.767083 30.169693, -97.767023 30.169801, -97.766957 30.169921, -97.766943 30.16997, -97.766946 30.170031, -97.766962 30.17009, -97.766991 30.170149, -97.767024 30.170191, -97.767063 30.170222, -97.7671 30.170242, -97.76718 30.170277, -97.767432 30.17036, -97.767978 30.170517, -97.768048 30.170532, -97.768131 30.17054, -97.76821 30.170542, -97.768331 30.170545, -97.768418 30.170536, -97.768504 30.170529, -97.768472 30.170882, -97.768487 30.171121, -97.768532 30.171788, -97.768589 30.172531, -97.768696 30.173078, -97.768816 30.173479, -97.769064 30.174126, -97.769136 30.174318, -97.769443 30.175133, -97.769601 30.175499, -97.769645 30.175977, -97.769725 30.176852, -97.7698 30.177673))",33.0,1973.0,84295.0,105.0,11.0,922537.9686570059,0.002138665363412863
"POLYGON ((-97.834042 30.283222, -97.83353 30.284208, -97.832733 30.283906, -97.832337 30.28383, -97.831959 30.283938, -97.831566 30.284156, -97.831229 30.284383, -97.830577 30.284851, -97.830297 30.284978, -97.829986 30.285049, -97.829867 30.285043, -97.829048 30.285, -97.828463 30.284816, -97.828045 30.284626, -97.82731 30.284001, -97.826695 30.28323, -97.826311 30.283052, -97.826134 30.283007, -97.825937 30.283011, -97.825637 30.283107, -97.825297 30.283266, -97.824883 30.283488, -97.824353 30.283772, -97.824262 30.283652, -97.820335 30.278347, -97.819768 30.277581, -97.819677 30.277468, -97.819579 30.27733, -97.818941 30.276473, -97.818729 30.276161, -97.8185 30.275847, -97.818321 30.275552, -97.818035 30.274986, -97.817962 30.274793, -97.817858 30.274514, -97.817737 30.274138, -97.817685 30.273439, -97.817686 30.272904, -97.817743 30.27218, -97.817831 30.271776, -97.817849 30.271653, -97.817861 30.271572, -97.817906 30.271222, -97.818011 30.27038, -97.818231 30.268633, -97.818353 30.267269, -97.818357 30.267082, -97.818351 30.266856, -97.818316 30.266514, -97.81825 30.266175, -97.81815 30.265799, -97.818064 30.265525, -97.81797 30.265344, -97.817913 30.265225, -97.817773 30.264875, -97.817588 30.264586, -97.817205 30.264048, -97.816977 30.26378, -97.81689 30.26367, -97.816788 30.26355, -97.815954 30.262464, -97.815834 30.262307, -97.813336 30.259168, -97.812436 30.258037, -97.812393 30.257986, -97.812333 30.257902, -97.812298 30.257865, -97.812227 30.257759, -97.811867 30.257257, -97.811516 30.256845, -97.809002 30.253625, -97.808133 30.252513, -97.807168 30.251336, -97.806957 30.251074, -97.806733 30.25079, -97.806695 30.250749, -97.806342 30.250302, -97.806268 30.250213, -97.80625 30.250192, -97.805732 30.249567, -97.804507 30.247958, -97.804441 30.247886, -97.804263 30.247655, -97.804173 30.247544, -97.804102 30.247453, -97.804024 30.247358, -97.803837 30.247112, -97.803701 30.246931, -97.803454 30.246563, -97.803363 30.246401, -97.803077 30.24592, -97.802707 30.245129, -97.802487 30.244692, -97.80274 30.244579, -97.802928 30.244516, -97.80303 30.244472, -97.803269 30.244329, -97.803452 30.24424, -97.803818 30.244074, -97.803912 30.244028, -97.804552 30.243665, -97.804636 30.243614, -97.8048 30.243506, -97.805127 30.243305, -97.8057 30.243007, -97.805872 30.242917, -97.805968 30.242849, -97.806136 30.242713, -97.806315 30.242549, -97.806418 30.242443, -97.806515 30.242336, -97.806623 30.242198, -97.80673 30.242016, -97.806773 30.24195, -97.806909 30.241772, -97.807057 30.241603, -97.807172 30.241487, -97.807377 30.241303, -97.807556 30.241169, -97.807625 30.241092, -97.807813 30.240844, -97.807949 30.240653, -97.808018 30.240568, -97.808105 30.240484, -97.808136 30.240458, -97.808295 30.240326, -97.808493 30.240163, -97.808644 30.24, -97.808771 30.2399, -97.808909 30.239811, -97.809015 30.23975, -97.809164 30.239673, -97.809332 30.239605, -97.809424 30.239579, -97.809447 30.239575, -97.809545 30.239556, -97.809682 30.239543, -97.809806 30.239543, -97.809946 30.239558, -97.810041 30.239579, -97.81013 30.239609, -97.810217 30.239651, -97.810298 30.239704, -97.810327 30.23973, -97.810339 30.239741, -97.810361 30.23976, -97.810425 30.239841, -97.810471 30.23991, -97.810556 30.240072, -97.810773 30.240521, -97.810852 30.240684, -97.810874 30.240769, -97.810879 30.240867, -97.810857 30.241108, -97.810815 30.241774, -97.810759 30.242066, -97.8107 30.242317, -97.81067 30.242479, -97.810659 30.242593, -97.810663 30.242717, -97.810672 30.242774, -97.810688 30.242868, -97.810698 30.24294, -97.810707 30.243068, -97.810715 30.243166, -97.81072 30.243227, -97.810733 30.243313, -97.810799 30.243644, -97.810887 30.244037, -97.810967 30.244326, -97.811205 30.244993, -97.811259 30.245114, -97.811572 30.245663, -97.811725 30.245919, -97.811859 30.246098, -97.812036 30.246356, -97.812206 30.246663, -97.812342 30.246957, -97.81239 30.247078, -97.812466 30.247328, -97.812526 30.247499, -97.812579 30.247672, -97.812631 30.247933, -97.812668 30.24815, -97.812689 30.248244, -97.812762 30.248477, -97.812828 30.248712, -97.81286 30.248783, -97.812939 30.248899, -97.813041 30.248985, -97.813065 30.24902, -97.813078 30.249065, -97.813092 30.249226, -97.813093 30.249366, -97.813098 30.249451, -97.813133 30.249571, -97.813324 30.250093, -97.813368 30.250254, -97.813396 30.250413, -97.813415 30.250599, -97.813513 30.251201, -97.813633 30.251438, -97.813662 30.251496, -97.813705 30.251554, -97.813756 30.251597, -97.813904 30.251679, -97.8141 30.251828, -97.814344 30.252044, -97.814937 30.252531, -97.814999 30.252572, -97.815164 30.252723, -97.815485 30.252952, -97.815595 30.253017, -97.816126 30.253284, -97.81623 30.25333, -97.816714 30.253515, -97.81699 30.253647, -97.817187 30.253725, -97.81738 30.253798, -97.817679 30.253903, -97.817709 30.253916, -97.817918 30.254036, -97.818074 30.254093, -97.818241 30.254133, -97.818365 30.254142, -97.818435 30.254152, -97.81852 30.25418, -97.818635 30.254233, -97.818929 30.2544, -97.819112 30.254491, -97.819172 30.254531, -97.819332 30.254653, -97.819925 30.255081, -97.820171 30.25525, -97.820784 30.255715, -97.82101 30.255919, -97.821196 30.256061, -97.82138 30.256221, -97.821794 30.2566, -97.821963 30.256777, -97.822035 30.256869, -97.822122 30.257016, -97.822184 30.2572, -97.822212 30.257247, -97.822354 30.257402, -97.822439 30.257541, -97.82259 30.25783, -97.822631 30.257931, -97.822754 30.258348, -97.822807 30.258486, -97.822897 30.258646, -97.823007 30.25887, -97.823198 30.2593, -97.823271 30.259462, -97.823397 30.259763, -97.823459 30.259973, -97.82354 30.260151, -97.823587 30.260271, -97.823611 30.260353, -97.823629 30.260563, -97.823622 30.260949, -97.823589 30.26113, -97.82358 30.261249, -97.823595 30.261683, -97.823612 30.26184, -97.823612 30.261908, -97.823599 30.261977, -97.823572 30.262052, -97.823242 30.262687, -97.82319 30.262803, -97.823127 30.262974, -97.823084 30.26314, -97.82305 30.26337, -97.823006 30.263925, -97.822993 30.264231, -97.822994 30.264405, -97.823005 30.264502, -97.82304 30.264639, -97.823097 30.264788, -97.823183 30.264968, -97.823211 30.265104, -97.823248 30.26518, -97.823338 30.265405, -97.823383 30.265553, -97.823414 30.265698, -97.823418 30.265725, -97.823417 30.265816, -97.823383 30.266016, -97.823375 30.266085, -97.82338 30.266176, -97.823436 30.266369, -97.823569 30.266746, -97.823622 30.266917, -97.82375 30.267407, -97.823802 30.267589, -97.823914 30.267918, -97.824058 30.268287, -97.824415 30.268936, -97.824794 30.269491, -97.824883 30.269613, -97.824956 30.269693, -97.825031 30.269751, -97.825114 30.269794, -97.825179 30.269817, -97.825383 30.269867, -97.825794 30.269947, -97.825945 30.269967, -97.826125 30.269978, -97.82642 30.269983, -97.826586 30.269976, -97.826847 30.269935, -97.826975 30.269928, -97.827143 30.269926, -97.827529 30.269938, -97.827839 30.269956, -97.827961 30.269953, -97.828147 30.269933, -97.828277 30.269893, -97.82833 30.269885, -97.828886 30.269881, -97.829684 30.269905, -97.83046 30.269937, -97.830593 30.269966, -97.830715 30.270009, -97.830825 30.270066, -97.830927 30.270138, -97.83102 30.270225, -97.831115 30.270338, -97.831191 30.270454, -97.831242 30.270566, -97.831267 30.270654, -97.831309 30.270847, -97.831369 30.271036, -97.8314 30.271095, -97.831517 30.271209, -97.831581 30.27126, -97.831632 30.271289, -97.831698 30.271313, -97.831732 30.271365, -97.831862 30.271527, -97.831913 30.271614, -97.831958 30.271661, -97.832148 30.271826, -97.832294 30.271961, -97.832391 30.272061, -97.83275 30.272497, -97.832956 30.272732, -97.832973 30.272754, -97.83254 30.273147, -97.832096 30.27355, -97.832086 30.273951, -97.832037 30.274624, -97.832096 30.274818, -97.831922 30.275395, -97.831803 30.275585, -97.831695 30.275775, -97.831617 30.275969, -97.831596 30.276167, -97.831637 30.276368, -97.831704 30.276573, -97.831764 30.276778, -97.831861 30.27766, -97.831584 30.277761, -97.831372 30.277854, -97.831209 30.277993, -97.831088 30.278178, -97.830975 30.278377, -97.830863 30.278562, -97.830756 30.278749, -97.830669 30.27894, -97.830621 30.279134, -97.830662 30.279339, -97.830748 30.279538, -97.830877 30.279709, -97.831024 30.279874, -97.832654 30.28191, -97.833444 30.282864, -97.833704 30.283034, -97.833778 30.283072, -97.834042 30.283222))",39.5,1267.0,227841.0,33.0,26.0,4144611.8314504167,0.0003056981091415285
"POLYGON ((-97.812298 30.257865, -97.812101 30.257995, -97.811978 30.25807, -97.811704 30.258271, -97.811229 30.258596, -97.81107 30.258749, -97.810944 30.25888, -97.810871 30.258988, -97.809043 30.26185, -97.809064 30.261945, -97.808945 30.262019, -97.808487 30.262736, -97.808485 30.262815, -97.807999 30.263591, -97.807979 30.263621, -97.807546 30.264287, -97.806888 30.26538, -97.806618 30.265829, -97.806473 30.26607, -97.806 30.266756, -97.805869 30.266638, -97.805555 30.266472, -97.804726 30.266085, -97.804156 30.265757, -97.803972 30.265556, -97.803662 30.265216, -97.803087 30.264826, -97.802139 30.264414, -97.801693 30.264276, -97.801215 30.264214, -97.800766 30.264216, -97.800396 30.264343, -97.799776 30.264837, -97.79926 30.265212, -97.798877 30.26538, -97.798437 30.265468, -97.797737 30.265462, -97.797183 30.265424, -97.796804 30.265587, -97.795986 30.265959, -97.795476 30.26599, -97.794806 30.265844, -97.793973 30.26558, -97.79368 30.265379, -97.793437 30.26513, -97.792923 30.265356, -97.79265 30.265483, -97.792356 30.265755, -97.791581 30.265167, -97.790407 30.266222, -97.790077 30.266342, -97.789812 30.266361, -97.789588 30.26633, -97.788679 30.265912, -97.788504 30.265799, -97.787596 30.265369, -97.787422 30.265239, -97.787337 30.265119, -97.787263 30.264988, -97.78714 30.264719, -97.787447 30.264148, -97.787223 30.263962, -97.788694 30.263164, -97.789477 30.262719, -97.789684 30.262602, -97.791575 30.261581, -97.793529 30.260472, -97.793948 30.260234, -97.794368 30.259997, -97.795045 30.259632, -97.796855 30.258657, -97.797424 30.258344, -97.797642 30.258224, -97.798371 30.257826, -97.798803 30.257585, -97.7991 30.257384, -97.799588 30.257009, -97.799874 30.256748, -97.80013 30.256464, -97.800809 30.255592, -97.801157 30.255038, -97.80171 30.253593, -97.802363 30.25189, -97.803342 30.249627, -97.803373 30.249564, -97.803736 30.248961, -97.803881 30.248726, -97.803984 30.248559, -97.804134 30.248315, -97.804164 30.248266, -97.804291 30.248091, -97.804441 30.247886, -97.804507 30.247958, -97.805732 30.249567, -97.80625 30.250192, -97.806268 30.250213, -97.806342 30.250302, -97.806695 30.250749, -97.806733 30.25079, -97.806957 30.251074, -97.807168 30.251336, -97.808133 30.252513, -97.809002 30.253625, -97.811516 30.256845, -97.811867 30.257257, -97.812227 30.257759, -97.812298 30.257865))",37.3,2185.0,143594.0,57.0,7.0,2121816.026207269,0.0010297782526912439
"POLYGON ((-97.855246 30.315122, -97.855185 30.315301, -97.854936 30.315876, -97.854779 30.31627, -97.85469 30.316496, -97.854616 30.31669, -97.854576 30.316827, -97.854539 30.316966, -97.854527 30.317109, -97.854507 30.317817, -97.854473 30.318026, -97.85441 30.318217, -97.854339 30.318365, -97.854181 30.318634, -97.854089 30.318722, -97.854012 30.318805, -97.853907 30.318896, -97.85379 30.318987, -97.853629 30.319106, -97.853376 30.31927, -97.85325 30.319384, -97.853167 30.319481, -97.853042 30.319638, -97.852831 30.319984, -97.852808 30.320038, -97.852785 30.320149, -97.852776 30.32026, -97.852776 30.320377, -97.852808 30.320477, -97.852959 30.320783, -97.853062 30.321022, -97.853116 30.321222, -97.853119 30.321345, -97.853099 30.321482, -97.853087 30.321499, -97.853042 30.321582, -97.852965 30.321673, -97.852799 30.321807, -97.852637 30.321907, -97.852517 30.321984, -97.852468 30.322033, -97.852442 30.322096, -97.852428 30.322233, -97.852454 30.322387, -97.852497 30.322561, -97.852504 30.322634, -97.852488 30.322735, -97.852448 30.322849, -97.852368 30.322949, -97.852283 30.323049, -97.852146 30.32324, -97.852029 30.323466, -97.85198 30.323611, -97.851966 30.323737, -97.852011 30.324076, -97.852046 30.324259, -97.852211 30.325141, -97.85228 30.325555, -97.852303 30.325815, -97.852294 30.325986, -97.85228 30.326109, -97.852243 30.32622, -97.852182 30.326316, -97.852107 30.326393, -97.851923 30.326511, -97.851495 30.326754, -97.851072 30.327019, -97.850887 30.327153, -97.85063 30.327382, -97.850353 30.327593, -97.849885 30.327884, -97.849594 30.328029, -97.84917 30.328265, -97.849102 30.328305, -97.849068 30.328324, -97.84902 30.328361, -97.848903 30.328486, -97.848655 30.328811, -97.848428 30.329132, -97.84819 30.329445, -97.848098 30.329588, -97.848081 30.329636, -97.848067 30.329711, -97.848098 30.330418, -97.848144 30.330564, -97.848284 30.330983, -97.848452 30.331343, -97.848595 30.33164, -97.848869 30.332111, -97.848946 30.332316, -97.849009 30.332485, -97.849109 30.332673, -97.84916 30.332784, -97.849192 30.332916, -97.849212 30.333189, -97.849266 30.333468, -97.849374 30.333858, -97.849257 30.334309, -97.849254 30.334363, -97.849269 30.334514, -97.849292 30.334637, -97.849383 30.334889, -97.849553 30.335435, -97.848836 30.335678, -97.848695 30.335723, -97.848306 30.335848, -97.848153 30.335961, -97.848115 30.336285, -97.848153 30.337182, -97.848187 30.337584, -97.848464 30.337862, -97.848833 30.338064, -97.849319 30.338357, -97.849943 30.339084, -97.849938 30.339304, -97.849746 30.339782, -97.849873 30.340095, -97.850222 30.340479, -97.850226 30.340499, -97.850203 30.340515, -97.850063 30.340507, -97.849946 30.340557, -97.849769 30.340646, -97.849655 30.340648, -97.849586 30.340649, -97.849499 30.340568, -97.849452 30.340348, -97.849402 30.340256, -97.849271 30.340191, -97.849114 30.340173, -97.848942 30.340094, -97.848814 30.340025, -97.848671 30.339977, -97.848582 30.339951, -97.848464 30.340282, -97.848238 30.340423, -97.848065 30.34048, -97.847979 30.340479, -97.847712 30.340461, -97.847566 30.340464, -97.847362 30.340469, -97.847127 30.340407, -97.846868 30.340347, -97.846612 30.340345, -97.846458 30.340344, -97.846166 30.340336, -97.845499 30.340317, -97.845193 30.340398, -97.844448 30.336255, -97.844498 30.334792, -97.844357 30.330905, -97.844032 30.329506, -97.843551 30.328177, -97.842668 30.32622, -97.841488 30.325145, -97.840724 30.324714, -97.83989 30.324347, -97.839106 30.324121, -97.83859 30.324015, -97.837615 30.323972, -97.835878 30.323921, -97.831375 30.32496, -97.830636 30.325226, -97.825661 30.32907, -97.824598 30.330115, -97.822182 30.332875, -97.819138 30.336511, -97.817955 30.337709, -97.814247 30.341821, -97.812441 30.344135, -97.81141 30.345881, -97.810259 30.348028, -97.809512 30.349154, -97.809011 30.349653, -97.80847 30.350028, -97.808028 30.350399, -97.807595 30.35092, -97.806937 30.351499, -97.806393 30.351747, -97.805686 30.352022, -97.804824 30.352206, -97.804075 30.352277, -97.803177 30.352241, -97.802379 30.352171, -97.80146 30.352001, -97.800089 30.351591, -97.79766 30.350383, -97.796826 30.349986, -97.796911 30.349881, -97.796951 30.349838, -97.797014 30.349743, -97.797359 30.34921, -97.797415 30.349122, -97.797547 30.348951, -97.797877 30.348526, -97.798082 30.348224, -97.798491 30.347605, -97.799123 30.346652, -97.799244 30.346451, -97.799708 30.345758, -97.800832 30.343987, -97.801514 30.342913, -97.801809 30.342457, -97.803613 30.339644, -97.803696 30.339511, -97.803772 30.339396, -97.806282 30.335421, -97.806356 30.335305, -97.806427 30.335189, -97.806974 30.334333, -97.808212 30.332399, -97.80942 30.330507, -97.810324 30.329094, -97.811158 30.32779, -97.811239 30.32765, -97.811333 30.327517, -97.812849 30.325146, -97.814064 30.323247, -97.81415 30.323141, -97.81432 30.322932, -97.814397 30.322852, -97.814494 30.322741, -97.814551 30.322681, -97.81469 30.322549, -97.814944 30.322326, -97.81514 30.322165, -97.815307 30.322044, -97.815513 30.321894, -97.815828 30.321716, -97.816107 30.321566, -97.81628 30.321474, -97.817342 30.32092, -97.820625 30.319204, -97.821601 30.318688, -97.821654 30.31866, -97.824207 30.317304, -97.82439 30.317214, -97.824665 30.317021, -97.825079 30.316711, -97.825333 30.316487, -97.825539 30.316266, -97.825594 30.316206, -97.826097 30.315591, -97.826164 30.315505, -97.826207 30.31543, -97.826523 30.314866, -97.826599 30.314705, -97.826608 30.314678, -97.826639 30.314577, -97.826727 30.314358, -97.826768 30.314197, -97.826824 30.314027, -97.826865 30.31384, -97.826924 30.313537, -97.826977 30.313098, -97.826981 30.312746, -97.82697 30.312628, -97.826965 30.312575, -97.826954 30.312391, -97.826892 30.31201, -97.826878 30.311922, -97.826489 30.310591, -97.826129 30.309435, -97.825516 30.307462, -97.825376 30.306906, -97.825294 30.306481, -97.825275 30.306211, -97.825282 30.305947, -97.825302 30.305763, -97.825356 30.305537, -97.825378 30.305438, -97.82542 30.305308, -97.825557 30.30488, -97.825651 30.304675, -97.825738 30.304501, -97.825836 30.304323, -97.82595 30.304117, -97.826485 30.303152, -97.82735 30.30159, -97.827675 30.300815, -97.82789 30.300047, -97.827963 30.299659, -97.827991 30.299517, -97.827994 30.299352, -97.828129 30.297867, -97.828222 30.295722, -97.828573 30.295828, -97.828725 30.295874, -97.829284 30.296027, -97.82949 30.296084, -97.83132 30.296513, -97.832468 30.296717, -97.832817 30.296734, -97.833356 30.296719, -97.834732 30.296679, -97.835143 30.296798, -97.835635 30.296954, -97.835978 30.297118, -97.836339 30.297373, -97.836596 30.297617, -97.836835 30.297957, -97.837033 30.298237, -97.837205 30.298583, -97.837263 30.29867, -97.837279 30.298691, -97.83772 30.299279, -97.838114 30.299657, -97.838707 30.300173, -97.838895 30.300348, -97.839047 30.300504, -97.83912 30.300577, -97.839271 30.300829, -97.839369 30.301026, -97.839433 30.301177, -97.83952 30.301485, -97.83962 30.301984, -97.839766 30.302575, -97.839845 30.302796, -97.839982 30.303049, -97.840189 30.303361, -97.840622 30.303822, -97.841337 30.30439, -97.841508 30.304554, -97.841894 30.30494, -97.842334 30.305376, -97.842427 30.305515, -97.8425 30.305639, -97.842604 30.305832, -97.842743 30.306071, -97.842824 30.306291, -97.842882 30.306488, -97.842924 30.306646, -97.842975 30.307029, -97.84301 30.307239, -97.843034 30.307455, -97.843069 30.307667, -97.843163 30.308029, -97.843198 30.308102, -97.8433 30.308293, -97.843406 30.308474, -97.843555 30.308674, -97.843724 30.308898, -97.843944 30.309114, -97.844378 30.309459, -97.844532 30.309553, -97.844669 30.309643, -97.844807 30.309702, -97.845027 30.309797, -97.845212 30.30989, -97.845573 30.309985, -97.845785 30.310044, -97.846021 30.310075, -97.846273 30.310103, -97.846548 30.310113, -97.846901 30.310142, -97.847208 30.310177, -97.847479 30.310209, -97.847734 30.310272, -97.848119 30.310378, -97.848842 30.3107, -97.848955 30.310782, -97.849141 30.31092, -97.849523 30.311248, -97.850481 30.312119, -97.850622 30.312242, -97.850798 30.312358, -97.851041 30.312507, -97.851335 30.312666, -97.852047 30.312988, -97.85255 30.313205, -97.852796 30.313289, -97.852876 30.313325, -97.854883 30.314216, -97.854816 30.314319, -97.854795 30.314422, -97.85479 30.31453, -97.854836 30.314617, -97.854948 30.314733, -97.85505 30.314801, -97.85512 30.314877, -97.855185 30.314953, -97.855245 30.315058, -97.855246 30.315122))",48.9,3550.0,207802.0,44.0,20.0,11518264.594501408,0.00030820615127166815
"POLYGON ((-97.806282 30.335421, -97.803772 30.339396, -97.803696 30.339511, -97.803613 30.339644, -97.801809 30.342457, -97.801514 30.342913, -97.800832 30.343987, -97.799708 30.345758, -97.799244 30.346451, -97.799123 30.346652, -97.798491 30.347605, -97.798082 30.348224, -97.797877 30.348526, -97.797547 30.348951, -97.797415 30.349122, -97.797359 30.34921, -97.797014 30.349743, -97.796951 30.349838, -97.796911 30.349881, -97.796826 30.349986, -97.796781 30.349969, -97.796738 30.349949, -97.796759 30.349921, -97.796819 30.349842, -97.796763 30.34982, -97.796573 30.349747, -97.796204 30.349565, -97.794861 30.348599, -97.7937 30.347768, -97.793587 30.347692, -97.791505 30.346281, -97.791459 30.346246, -97.789688 30.344826, -97.788302 30.343561, -97.78768 30.34276, -97.787388 30.342384, -97.786551 30.341369, -97.786231 30.340917, -97.785074 30.338936, -97.784738 30.33836, -97.784322 30.337648, -97.783885 30.3369, -97.783103 30.335561, -97.782706 30.33491, -97.781975 30.333772, -97.781899 30.333646, -97.781243 30.332556, -97.781046 30.332229, -97.780923 30.332248, -97.779747 30.330537, -97.778601 30.328396, -97.776503 30.323838, -97.776072 30.322177, -97.776121 30.320918, -97.776231 30.320916, -97.779233 30.320754, -97.779233 30.320965, -97.779284 30.321307, -97.779343 30.322373, -97.779419 30.323741, -97.77943 30.32383, -97.779521 30.324552, -97.780233 30.32582, -97.780739 30.326721, -97.781101 30.327157, -97.781412 30.32732, -97.781678 30.327417, -97.782008 30.327423, -97.782675 30.327359, -97.782905 30.327425, -97.783008 30.327454, -97.783125 30.327535, -97.783376 30.327709, -97.783679 30.327928, -97.783949 30.328122, -97.784554 30.328615, -97.785565 30.329232, -97.78682 30.32984, -97.787808 30.33039, -97.788671 30.33092, -97.789207 30.331249, -97.790165 30.331766, -97.791164 30.332484, -97.792106 30.333039, -97.792474 30.333314, -97.792983 30.333694, -97.793085 30.333746, -97.794445 30.334436, -97.796027 30.335232, -97.796463 30.335389, -97.796687 30.335371, -97.796904 30.335353, -97.796943 30.335336, -97.797195 30.335227, -97.797696 30.334781, -97.798637 30.333757, -97.798988 30.333252, -97.799299 30.333008, -97.799581 30.332849, -97.799888 30.332769, -97.800059 30.332759, -97.800104 30.332757, -97.800306 30.332761, -97.800514 30.332804, -97.800895 30.332946, -97.801156 30.333191, -97.801416 30.333437, -97.801582 30.333593, -97.801876 30.333848, -97.802107 30.334034, -97.802334 30.334196, -97.802519 30.334266, -97.802699 30.334318, -97.802839 30.334343, -97.802975 30.334357, -97.804255 30.334451, -97.804387 30.334442, -97.804562 30.334468, -97.804751 30.334527, -97.804976 30.334636, -97.805896 30.335084, -97.806102 30.335193, -97.806131 30.335208, -97.806242 30.335252, -97.806356 30.335305, -97.806282 30.335421))",54.6,851.0,240750.0,41.0,0.0,3147014.96510439,0.0002704149835435471
"POLYGON ((-97.797303 30.308802, -97.79715 30.309447, -97.796913 30.309965, -97.796569 30.310531, -97.796194 30.311106, -97.796099 30.311243, -97.795804 30.311671, -97.795304 30.312442, -97.794728 30.313305, -97.793976 30.314473, -97.793786 30.314873, -97.793607 30.315522, -97.793207 30.31687, -97.792961 30.31757, -97.792899 30.317848, -97.792869 30.318392, -97.792932 30.318836, -97.793171 30.319438, -97.794136 30.320939, -97.794366 30.321334, -97.794633 30.322002, -97.794607 30.322164, -97.794554 30.322474, -97.794509 30.322765, -97.79443 30.323124, -97.794393 30.323211, -97.79437 30.323309, -97.794247 30.323645, -97.7942 30.32376, -97.794147 30.323863, -97.794023 30.324108, -97.793893 30.324314, -97.793823 30.324426, -97.793509 30.324659, -97.793108 30.324866, -97.792271 30.325234, -97.79184 30.325528, -97.791517 30.325885, -97.791077 30.326668, -97.790947 30.327023, -97.790905 30.327352, -97.790994 30.328132, -97.790884 30.328658, -97.790624 30.329778, -97.790523 30.330706, -97.79046 30.33096, -97.790165 30.331766, -97.789207 30.331249, -97.788671 30.33092, -97.787808 30.33039, -97.78682 30.32984, -97.785565 30.329232, -97.784554 30.328615, -97.783949 30.328122, -97.783679 30.327928, -97.783376 30.327709, -97.783125 30.327535, -97.783008 30.327454, -97.782905 30.327425, -97.782675 30.327359, -97.782008 30.327423, -97.781678 30.327417, -97.781412 30.32732, -97.781101 30.327157, -97.780739 30.326721, -97.780233 30.32582, -97.779521 30.324552, -97.77943 30.32383, -97.779419 30.323741, -97.779343 30.322373, -97.779284 30.321307, -97.779233 30.320965, -97.779233 30.320754, -97.776231 30.320916, -97.776121 30.320918, -97.775661 30.31803, -97.775857 30.314138, -97.775884 30.313606, -97.77717 30.310197, -97.777866 30.308351, -97.777884 30.308306, -97.778381 30.307657, -97.778533 30.307363, -97.778912 30.30663, -97.779153 30.306219, -97.779532 30.305731, -97.780505 30.304435, -97.781064 30.303729, -97.781326 30.303437, -97.782055 30.302686, -97.782333 30.302392, -97.782762 30.301916, -97.783101 30.30155, -97.783498 30.301111, -97.783716 30.300851, -97.783871 30.300643, -97.784053 30.300324, -97.784454 30.299717, -97.78506 30.298909, -97.785473 30.298303, -97.785703 30.297915, -97.785727 30.297876, -97.785921 30.297505, -97.785977 30.297376, -97.785935 30.296576, -97.786274 30.296682, -97.786835 30.296859, -97.787389 30.297032, -97.78761 30.297036, -97.787679 30.297043, -97.787814 30.297075, -97.787887 30.297101, -97.788084 30.297186, -97.78848 30.297408, -97.788518 30.297425, -97.78855 30.297434, -97.788806 30.297474, -97.788967 30.297495, -97.789015 30.297496, -97.789088 30.297486, -97.789125 30.297487, -97.789175 30.297501, -97.789231 30.297522, -97.789296 30.297485, -97.789362 30.297466, -97.789453 30.297453, -97.789635 30.297455, -97.789724 30.297463, -97.789828 30.297494, -97.789912 30.297528, -97.789957 30.297555, -97.790172 30.297724, -97.790206 30.297745, -97.790283 30.297969, -97.790414 30.298354, -97.790421 30.29839, -97.790428 30.298426, -97.790446 30.298515, -97.790452 30.298544, -97.791509 30.298149, -97.791712 30.298064, -97.791753 30.298063, -97.791806 30.298126, -97.791805 30.298344, -97.791787 30.298442, -97.791852 30.298491, -97.791875 30.298538, -97.791849 30.298619, -97.791921 30.298745, -97.791926 30.298859, -97.791927 30.298904, -97.791934 30.298966, -97.79193 30.299026, -97.791997 30.299117, -97.791995 30.299147, -97.791993 30.29917, -97.791991 30.299217, -97.792 30.299273, -97.792007 30.299321, -97.792012 30.299348, -97.792015 30.299367, -97.792018 30.299382, -97.792035 30.299429, -97.792066 30.299501, -97.792084 30.299542, -97.792156 30.299695, -97.792164 30.299718, -97.792175 30.299748, -97.792188 30.299788, -97.79223 30.299895, -97.792255 30.299949, -97.792275 30.29999, -97.792293 30.300022, -97.792364 30.300054, -97.792451 30.300089, -97.792502 30.300109, -97.792532 30.300121, -97.792681 30.300184, -97.792736 30.300207, -97.792778 30.300226, -97.792809 30.300245, -97.79284 30.300264, -97.792902 30.300304, -97.792942 30.30033, -97.792979 30.300354, -97.792999 30.300366, -97.793025 30.300383, -97.793061 30.300406, -97.793111 30.300442, -97.793144 30.300463, -97.793224 30.300508, -97.793274 30.300534, -97.793358 30.300579, -97.793398 30.300607, -97.793591 30.300799, -97.793887 30.301123, -97.793912 30.301149, -97.793932 30.301167, -97.793995 30.301231, -97.794017 30.301258, -97.794038 30.301289, -97.794058 30.301318, -97.794083 30.301356, -97.794129 30.301345, -97.79421 30.301483, -97.794246 30.30155, -97.794263 30.301587, -97.794272 30.301626, -97.79431 30.301805, -97.794321 30.301852, -97.794343 30.301895, -97.794259 30.301919, -97.794248 30.30206, -97.794225 30.302398, -97.79437 30.302651, -97.794804 30.302943, -97.794847 30.303003, -97.795068 30.303308, -97.795736 30.303212, -97.79583 30.303316, -97.795909 30.303428, -97.795971 30.303549, -97.795998 30.303679, -97.795998 30.303785, -97.795977 30.303909, -97.795937 30.304059, -97.795865 30.304175, -97.795779 30.304281, -97.79568 30.30438, -97.79562 30.304422, -97.795478 30.304497, -97.795349 30.304553, -97.795218 30.304585, -97.795152 30.304705, -97.795139 30.30473, -97.795115 30.304845, -97.795098 30.305004, -97.795115 30.305149, -97.795171 30.305444, -97.795239 30.305672, -97.795328 30.305893, -97.795399 30.306038, -97.795464 30.30615, -97.795549 30.306259, -97.795697 30.306401, -97.79596 30.306687, -97.796497 30.307153, -97.796656 30.307277, -97.796938 30.307614, -97.797531 30.308454, -97.797303 30.308802))",51.9,1885.0,250001.0,36.0,0.0,5033416.780645432,0.0003744971024947168
"POLYGON ((-97.790157 30.227028, -97.789405 30.228259, -97.788522 30.229636, -97.788434 30.229763, -97.788341 30.229902, -97.788191 30.229827, -97.787149 30.229309, -97.786915 30.229205, -97.786569 30.229044, -97.786096 30.228845, -97.785974 30.228782, -97.785603 30.22864, -97.784983 30.228429, -97.784406 30.228267, -97.784368 30.228256, -97.783704 30.228084, -97.783232 30.227979, -97.782375 30.227852, -97.781731 30.22779, -97.781323 30.227763, -97.78129 30.227762, -97.779842 30.227698, -97.779489 30.227682, -97.778947 30.227655, -97.777694 30.227593, -97.776594 30.227581, -97.776492 30.22758, -97.77652 30.227449, -97.77656 30.227266, -97.776601 30.227077, -97.776693 30.226768, -97.776777 30.226434, -97.776799 30.225901, -97.776829 30.225401, -97.776856 30.224591, -97.776872 30.224104, -97.776857 30.22307, -97.776866 30.222908, -97.776889 30.222501, -97.777 30.222107, -97.777119 30.221661, -97.777289 30.221224, -97.777548 30.220852, -97.777799 30.22047, -97.77805 30.220093, -97.778277 30.219839, -97.778358 30.21973, -97.778741 30.219419, -97.779107 30.219102, -97.779767 30.21887, -97.780137 30.218663, -97.780622 30.218422, -97.78094 30.218272, -97.781448 30.218106, -97.78198 30.21799, -97.782356 30.217944, -97.782513 30.217926, -97.782779 30.217918, -97.783046 30.217901, -97.78366 30.217949, -97.78416 30.217918, -97.784413 30.217893, -97.784718 30.217863, -97.785218 30.217807, -97.785703 30.217718, -97.786214 30.217577, -97.786543 30.217657, -97.786266 30.218062, -97.785829 30.218193, -97.785085 30.218332, -97.784579 30.218396, -97.784388 30.21842, -97.784286 30.218451, -97.78409 30.218549, -97.784011 30.21882, -97.783911 30.219503, -97.784493 30.219797, -97.785123 30.220115, -97.785661 30.22036, -97.78612 30.220594, -97.786745 30.22075, -97.786991 30.220945, -97.787216 30.221084, -97.787328 30.221521, -97.787484 30.222327, -97.78766 30.223103, -97.787916 30.224214, -97.788191 30.22445, -97.790991 30.225755, -97.790157 30.227028))",34.3,1934.0,142560.0,30.0,13.0,1127937.5756828948,0.0017146338961436633
"POLYGON ((-97.793755 30.221395, -97.792719 30.222937, -97.792389 30.223439, -97.792081 30.223925, -97.791425 30.225059, -97.790991 30.225755, -97.788191 30.22445, -97.787916 30.224214, -97.78766 30.223103, -97.787484 30.222327, -97.787328 30.221521, -97.787216 30.221084, -97.786991 30.220945, -97.786745 30.22075, -97.78612 30.220594, -97.785661 30.22036, -97.785123 30.220115, -97.784493 30.219797, -97.783911 30.219503, -97.784011 30.21882, -97.78409 30.218549, -97.784286 30.218451, -97.784388 30.21842, -97.784579 30.218396, -97.785085 30.218332, -97.785829 30.218193, -97.786266 30.218062, -97.786543 30.217657, -97.786214 30.217577, -97.786934 30.217352, -97.788225 30.216883, -97.788823 30.216666, -97.789441 30.216455, -97.789519 30.216603, -97.789575 30.216728, -97.789598 30.216811, -97.789605 30.216902, -97.789594 30.217131, -97.789594 30.217147, -97.789595 30.217337, -97.789602 30.217388, -97.789624 30.217463, -97.789661 30.217532, -97.78991 30.21789, -97.790013 30.218076, -97.790283 30.218448, -97.790426 30.21862, -97.790897 30.219122, -97.791008 30.219214, -97.791134 30.219295, -97.791423 30.219562, -97.791557 30.219709, -97.79167 30.219826, -97.791841 30.219986, -97.791902 30.220026, -97.792102 30.220117, -97.792247 30.220188, -97.792659 30.220421, -97.792758 30.220485, -97.792802 30.220529, -97.792962 30.220813, -97.792985 30.220843, -97.793013 30.220881, -97.793256 30.221087, -97.793315 30.221128, -97.793516 30.221238, -97.793622 30.221272, -97.793664 30.221293, -97.793708 30.221327, -97.793763 30.221378, -97.793755 30.221395))",39.6,713.0,86250.0,37.0,0.0,461055.8746133065,0.001546450309516178
"POLYGON ((-97.700826 30.316312, -97.700158 30.316849, -97.699617 30.317289, -97.698761 30.318091, -97.698063 30.318698, -97.697361 30.319313, -97.696726 30.319925, -97.696095 30.320547, -97.695858 30.320781, -97.695775 30.320969, -97.695561 30.321247, -97.695483 30.321349, -97.695388 30.321472, -97.69532 30.321466, -97.695175 30.32146, -97.695026 30.321454, -97.694155 30.32142, -97.693017 30.321322, -97.690791 30.321379, -97.690098 30.321397, -97.689207 30.32148, -97.689084 30.321491, -97.689072 30.321269, -97.689022 30.320869, -97.689005 30.320706, -97.689 30.320595, -97.689011 30.320423, -97.689046 30.320221, -97.689172 30.319766, -97.689475 30.319135, -97.689924 30.318411, -97.690342 30.317695, -97.69081 30.316948, -97.691261 30.31622, -97.691596 30.315649, -97.692053 30.314861, -97.692502 30.314095, -97.69301 30.313365, -97.693828 30.311848, -97.694001 30.311599, -97.694092 30.311468, -97.694798 30.311716, -97.694801 30.312561, -97.696574 30.313433, -97.69803 30.314261, -97.699214 30.314739, -97.700154 30.315086, -97.701535 30.315813, -97.700826 30.316312))",37.0,1277.0,106588.0,52.0,0.0,699990.4755027408,0.00182431053662958
"POLYGON ((-97.714628 30.315025, -97.713708 30.316889, -97.7135 30.317314, -97.712792 30.31875, -97.712738 30.319043, -97.712704 30.319234, -97.712669 30.319424, -97.712647 30.319508, -97.712623 30.31982, -97.712623 30.319902, -97.712627 30.319968, -97.712648 30.320094, -97.712701 30.320302, -97.712756 30.320435, -97.712645 30.320446, -97.712582 30.320459, -97.71243 30.320502, -97.711736 30.320672, -97.711072 30.320865, -97.710873 30.320925, -97.710782 30.320953, -97.710481 30.321059, -97.710112 30.32117, -97.70959 30.321335, -97.709377 30.321402, -97.709109 30.321496, -97.708302 30.321762, -97.707612 30.321988, -97.707449 30.322042, -97.707293 30.322088, -97.707138 30.322135, -97.706981 30.32217, -97.706858 30.322197, -97.706891 30.321963, -97.706986 30.321542, -97.706999 30.321387, -97.707075 30.320675, -97.707164 30.319994, -97.707254 30.319258, -97.707507 30.317914, -97.70752 30.317831, -97.707548 30.317672, -97.707709 30.316199, -97.7079 30.315224, -97.708159 30.314444, -97.708594 30.31312, -97.708682 30.312848, -97.70943 30.311346, -97.709654 30.311452, -97.710077 30.311667, -97.710911 30.312088, -97.712404 30.31279, -97.713881 30.31348, -97.715068 30.314008, -97.714628 30.315025))",31.9,629.0,111250.0,0.0,20.0,558558.9998689148,0.0011261120134983351
"POLYGON ((-97.703714 30.317642, -97.70318 30.317873, -97.702635 30.318107, -97.702209 30.318502, -97.701776 30.319258, -97.701321 30.319983, -97.701056 30.320434, -97.700986 30.321539, -97.700966 30.321874, -97.700954 30.322058, -97.698304 30.321745, -97.696646 30.321576, -97.696464 30.32156, -97.695486 30.32148, -97.695388 30.321472, -97.695483 30.321349, -97.695561 30.321247, -97.695775 30.320969, -97.695858 30.320781, -97.696095 30.320547, -97.696726 30.319925, -97.697361 30.319313, -97.698063 30.318698, -97.698761 30.318091, -97.699617 30.317289, -97.700158 30.316849, -97.700826 30.316312, -97.701535 30.315813, -97.704065 30.317053, -97.703714 30.317642))",49.1,532.0,82026.0,0.0,0.0,257480.7169274041,0.002066174144411738
"POLYGON ((-97.693828 30.311848, -97.69301 30.313365, -97.692502 30.314095, -97.692053 30.314861, -97.691596 30.315649, -97.690344 30.315079, -97.689898 30.314874, -97.689533 30.314707, -97.688423 30.314151, -97.687965 30.313947, -97.687613 30.313785, -97.686972 30.313466, -97.686124 30.313056, -97.684633 30.312335, -97.684834 30.312196, -97.684977 30.312111, -97.685099 30.312039, -97.685188 30.312003, -97.685292 30.311978, -97.685465 30.311958, -97.685437 30.311858, -97.685409 30.311802, -97.685356 30.311729, -97.685269 30.311637, -97.685294 30.311586, -97.685328 30.311458, -97.685342 30.311385, -97.685356 30.311262, -97.685364 30.31119, -97.685381 30.31114, -97.685426 30.311031, -97.685501 30.310911, -97.685596 30.310796, -97.685775 30.31063, -97.685917 30.310364, -97.68607 30.309586, -97.686241 30.309131, -97.686399 30.308796, -97.685865 30.308408, -97.685511 30.307864, -97.685518 30.306571, -97.686679 30.307129, -97.687361 30.30744, -97.687759 30.307632, -97.688206 30.307848, -97.688841 30.308037, -97.690041 30.30785, -97.6908 30.310228, -97.690741 30.310442, -97.691308 30.310671, -97.693112 30.311484, -97.693828 30.311848))",50.7,532.0,44598.0,0.0,46.0,446202.0135363785,0.001192285072368071
"POLYGON ((-97.689967 30.301295, -97.690005 30.302107, -97.689863 30.303031, -97.689553 30.303594, -97.689363 30.3039, -97.688769 30.304848, -97.688387 30.305641, -97.689037 30.305993, -97.689421 30.306201, -97.689769 30.30702, -97.690041 30.30785, -97.688841 30.308037, -97.688206 30.307848, -97.687759 30.307632, -97.687361 30.30744, -97.686679 30.307129, -97.685518 30.306571, -97.684679 30.306178, -97.684467 30.306068, -97.68313 30.305419, -97.682875 30.305282, -97.682349 30.305034, -97.681313 30.304584, -97.68182 30.304119, -97.683031 30.302972, -97.684326 30.301786, -97.685135 30.301024, -97.685582 30.30052, -97.685908 30.300152, -97.6894 30.299679, -97.689763 30.300297, -97.690232 30.300942, -97.689967 30.301295))",33.9,958.0,75714.0,55.0,29.0,454821.44261217146,0.0021063210971275412
"POLYGON ((-97.698518 30.289116, -97.697724 30.289466, -97.696696 30.28992, -97.696675 30.289927, -97.695212 30.290203, -97.694923 30.29016, -97.693744 30.289983, -97.692723 30.289696, -97.692021 30.289499, -97.691137 30.289586, -97.690351 30.289913, -97.689845 30.290365, -97.689487 30.290885, -97.68943 30.29108, -97.689289 30.291566, -97.689275 30.292534, -97.689243 30.293455, -97.689208 30.294487, -97.689203 30.29462, -97.688863 30.295331, -97.688333 30.295824, -97.688001 30.296133, -97.687632 30.296876, -97.687059 30.298182, -97.686249 30.297741, -97.685551 30.297394, -97.685117 30.297214, -97.684903 30.297125, -97.68461 30.296943, -97.682537 30.295896, -97.681173 30.29518, -97.68305 30.292085, -97.683286 30.291695, -97.682859 30.291461, -97.679923 30.290066, -97.680433 30.289263, -97.682628 30.285862, -97.684611 30.285537, -97.685534 30.285397, -97.686457 30.285264, -97.68706 30.285167, -97.687638 30.285074, -97.687711 30.285063, -97.68775 30.285057, -97.688968 30.284871, -97.689576 30.28477, -97.689821 30.284729, -97.690608 30.284599, -97.691431 30.284498, -97.693009 30.284277, -97.694042 30.284101, -97.695191 30.283893, -97.695395 30.283856, -97.696093 30.28373, -97.69629 30.284171, -97.696694 30.28507, -97.698208 30.288439, -97.698348 30.288637, -97.698444 30.289029, -97.698568 30.289089, -97.698518 30.289116))",35.9,694.0,139605.0,19.0,13.0,1402359.3404504934,0.000494880292077678
"POLYGON ((-97.687059 30.298182, -97.685908 30.300152, -97.685582 30.30052, -97.685135 30.301024, -97.684156 30.300556, -97.682733 30.299847, -97.682408 30.299538, -97.681439 30.299416, -97.680929 30.299366, -97.680513 30.299325, -97.680057 30.298933, -97.679775 30.298596, -97.679514 30.298284, -97.679164 30.297925, -97.678696 30.297731, -97.677332 30.297538, -97.676755 30.297671, -97.676006 30.297461, -97.67549 30.297211, -97.675864 30.296617, -97.676766 30.295183, -97.67776 30.293602, -97.678459 30.292426, -97.678946 30.291607, -97.679363 30.290906, -97.679382 30.290875, -97.679923 30.290066, -97.682859 30.291461, -97.683286 30.291695, -97.68305 30.292085, -97.681173 30.29518, -97.682537 30.295896, -97.68461 30.296943, -97.684903 30.297125, -97.685117 30.297214, -97.685551 30.297394, -97.686249 30.297741, -97.687059 30.298182))",41.0,1277.0,121507.0,13.0,9.0,567652.6701181744,0.002249615067844485
"POLYGON ((-97.684326 30.301786, -97.683031 30.302972, -97.68182 30.304119, -97.681313 30.304584, -97.679633 30.303769, -97.679057 30.303489, -97.677521 30.302762, -97.676786 30.3024, -97.675959 30.302013, -97.675803 30.30194, -97.675779 30.301928, -97.675147 30.301623, -97.674647 30.301367, -97.673206 30.300629, -97.674314 30.299062, -97.67549 30.297211, -97.676006 30.297461, -97.676755 30.297671, -97.677332 30.297538, -97.678696 30.297731, -97.679164 30.297925, -97.679514 30.298284, -97.679775 30.298596, -97.680057 30.298933, -97.680513 30.299325, -97.680929 30.299366, -97.681439 30.299416, -97.682408 30.299538, -97.682733 30.299847, -97.684156 30.300556, -97.685135 30.301024, -97.684326 30.301786))",32.7,1343.0,145011.0,10.0,10.0,481175.558719377,0.002791081083948492
"POLYGON ((-97.66892 30.218624, -97.666583 30.22082, -97.666091 30.221284, -97.664878 30.222378, -97.664739 30.222492, -97.664528 30.222666, -97.664127 30.222997, -97.660678 30.219691, -97.657988 30.219502, -97.657778 30.218517, -97.65777 30.218391, -97.657602 30.218391, -97.657506 30.218395, -97.657419 30.218393, -97.657177 30.218398, -97.657018 30.218436, -97.656764 30.218563, -97.656686 30.218613, -97.656378 30.218536, -97.656274 30.218425, -97.656272 30.218371, -97.656232 30.218247, -97.65623 30.218174, -97.656203 30.218129, -97.656112 30.218019, -97.65608 30.217994, -97.656016 30.217972, -97.655898 30.217945, -97.655755 30.217933, -97.655727 30.217902, -97.655656 30.217891, -97.655595 30.217856, -97.655533 30.217798, -97.655508 30.217756, -97.655482 30.217743, -97.655452 30.217741, -97.65539 30.217761, -97.655331 30.217766, -97.655254 30.217767, -97.654996 30.217904, -97.654898 30.217956, -97.654853 30.217989, -97.654797 30.218003, -97.654686 30.218014, -97.654546 30.218054, -97.654431 30.218103, -97.654285 30.218102, -97.654051 30.218229, -97.653535 30.217612, -97.652821 30.216724, -97.652111 30.215712, -97.650886 30.214376, -97.650851 30.214162, -97.650757 30.213857, -97.65056 30.213568, -97.650278 30.213384, -97.649853 30.213179, -97.649629 30.213085, -97.649227 30.212809, -97.648201 30.212075, -97.647145 30.211384, -97.646038 30.210734, -97.645282 30.210358, -97.644036 30.210034, -97.643385 30.209805, -97.642753 30.209583, -97.641947 30.20929, -97.641172 30.208891, -97.640702 30.208655, -97.640608 30.208626, -97.63962 30.20831, -97.639467 30.208273, -97.639382 30.20826, -97.639207 30.208223, -97.639021 30.208232, -97.638848 30.208223, -97.6388 30.208215, -97.638636 30.208127, -97.638543 30.208082, -97.638478 30.208062, -97.638422 30.208056, -97.638214 30.208057, -97.638248 30.207823, -97.638268 30.207733, -97.638471 30.20681, -97.638585 30.206359, -97.638769 30.205626, -97.639093 30.20434, -97.639318 30.203544, -97.639367 30.20329, -97.639513 30.203358, -97.641288 30.204245, -97.641392 30.204297, -97.641555 30.204379, -97.641896 30.204551, -97.642046 30.204627, -97.642064 30.204636, -97.645716 30.206493, -97.645856 30.206564, -97.645987 30.206632, -97.646525 30.206911, -97.650997 30.209185, -97.651113 30.209239, -97.651351 30.209362, -97.652369 30.209886, -97.652501 30.209956, -97.652598 30.210007, -97.652658 30.210045, -97.653124 30.210314, -97.653529 30.210548, -97.654192 30.210847, -97.65527 30.211348, -97.65533 30.211378, -97.655908 30.211635, -97.656616 30.211949, -97.656893 30.212072, -97.657149 30.212186, -97.658541 30.212864, -97.658646 30.212915, -97.658712 30.212951, -97.660217 30.213759, -97.660342 30.213826, -97.661548 30.2145, -97.662879 30.215259, -97.66364 30.215693, -97.664001 30.215907, -97.664503 30.216206, -97.66503 30.21652, -97.667583 30.217922, -97.668054 30.218169, -97.668787 30.218554, -97.66892 30.218624))",37.8,994.0,40000.0,0.0,0.0,1662663.0424671161,0.0005978361066623992
"POLYGON ((-97.732948 30.238195, -97.731774 30.240053, -97.730193 30.24268, -97.729969 30.243, -97.729856 30.243083, -97.729287 30.243206, -97.729105 30.243097, -97.728287 30.241913, -97.72828 30.241779, -97.728163 30.24174, -97.727836 30.241306, -97.727767 30.241126, -97.727624 30.24104, -97.727083 30.240395, -97.72704 30.24025, -97.726887 30.240149, -97.726314 30.239402, -97.726075 30.238985, -97.725851 30.238367, -97.725734 30.238082, -97.725641 30.237843, -97.725609 30.237534, -97.725696 30.237687, -97.725785 30.237657, -97.725862 30.237639, -97.725924 30.237605, -97.725989 30.237556, -97.726044 30.237491, -97.726101 30.237418, -97.72622 30.237229, -97.726368 30.237001, -97.726526 30.236728, -97.726629 30.236507, -97.727326 30.23541, -97.728006 30.23573, -97.728493 30.235959, -97.729833 30.236718, -97.730731 30.237368, -97.731207 30.237574, -97.73191 30.237712, -97.732948 30.238195))",29.5,2524.0,50122.0,279.0,79.0,319911.2073491736,0.007889689207559173
"POLYGON ((-97.768774 30.215157, -97.767306 30.21748, -97.766878 30.218205, -97.765522 30.220354, -97.764902 30.221296, -97.764874 30.221322, -97.764825 30.221368, -97.764171 30.22248, -97.763955 30.222844, -97.763688 30.222676, -97.762582 30.221978, -97.76251 30.221941, -97.761667 30.221508, -97.761567 30.221457, -97.760427 30.220878, -97.759141 30.220253, -97.758687 30.220032, -97.75862 30.219995, -97.756901 30.219231, -97.756587 30.219108, -97.756333 30.218978, -97.756137 30.218872, -97.755783 30.218667, -97.755481 30.21849, -97.755247 30.218346, -97.755091 30.218241, -97.754489 30.217758, -97.754367 30.217654, -97.753779 30.217205, -97.753608 30.217087, -97.753291 30.216893, -97.753138 30.21681, -97.752973 30.216739, -97.752796 30.216683, -97.752577 30.21661, -97.752276 30.216516, -97.752117 30.216478, -97.751818 30.216423, -97.751423 30.216346, -97.751445 30.216309, -97.751925 30.215613, -97.752024 30.215473, -97.752073 30.215394, -97.752655 30.214413, -97.752856 30.214045, -97.753459 30.213095, -97.754889 30.210818, -97.755604 30.209684, -97.755955 30.209102, -97.756043 30.208958, -97.756503 30.2082, -97.757298 30.207069, -97.757742 30.20652, -97.75835 30.205699, -97.758624 30.205369, -97.758718 30.205402, -97.758886 30.205503, -97.758979 30.205554, -97.760378 30.206315, -97.761527 30.206736, -97.762291 30.20712, -97.762538 30.206836, -97.762996 30.207035, -97.763458 30.207237, -97.763847 30.207608, -97.764186 30.207752, -97.76435 30.207498, -97.764542 30.207201, -97.765448 30.207657, -97.76803 30.208919, -97.767943 30.209596, -97.767882 30.210349, -97.767846 30.210747, -97.767794 30.211136, -97.767772 30.211363, -97.767755 30.211545, -97.767703 30.211954, -97.767615 30.212752, -97.767596 30.213211, -97.767329 30.21363, -97.766914 30.214347, -97.767819 30.214741, -97.768774 30.215157))",34.6,1693.0,97361.0,31.0,18.0,1898796.9420095752,0.0008916171932572359
"POLYGON ((-97.771878 30.210346, -97.771483 30.21091, -97.768774 30.215157, -97.767819 30.214741, -97.766914 30.214347, -97.767329 30.21363, -97.767596 30.213211, -97.767615 30.212752, -97.767703 30.211954, -97.767755 30.211545, -97.767772 30.211363, -97.767794 30.211136, -97.767846 30.210747, -97.767882 30.210349, -97.767943 30.209596, -97.76803 30.208919, -97.765448 30.207657, -97.764542 30.207201, -97.76435 30.207498, -97.764186 30.207752, -97.763847 30.207608, -97.763458 30.207237, -97.762996 30.207035, -97.762538 30.206836, -97.762291 30.20712, -97.761527 30.206736, -97.760378 30.206315, -97.758979 30.205554, -97.758886 30.205503, -97.758718 30.205402, -97.758624 30.205369, -97.759334 30.204511, -97.75999 30.203721, -97.760445 30.20317, -97.760885 30.202639, -97.761631 30.201708, -97.761649 30.201682, -97.761682 30.201699, -97.761817 30.201772, -97.761854 30.201791, -97.762219 30.201965, -97.762358 30.20201, -97.762591 30.202095, -97.762893 30.202217, -97.76343 30.202377, -97.763587 30.202464, -97.763632 30.202485, -97.763941 30.20259, -97.763975 30.202597, -97.764099 30.202601, -97.764371 30.202592, -97.76458 30.202569, -97.764707 30.202564, -97.76484 30.202578, -97.765353 30.202703, -97.765851 30.20286, -97.766084 30.202966, -97.766248 30.20302, -97.766505 30.203097, -97.766725 30.203182, -97.767125 30.203368, -97.76723 30.203428, -97.767271 30.203461, -97.767348 30.203557, -97.767372 30.203587, -97.767399 30.203632, -97.767485 30.203956, -97.767504 30.203976, -97.767717 30.204076, -97.767914 30.204132, -97.767993 30.204136, -97.768113 30.204126, -97.768266 30.204119, -97.768483 30.204125, -97.768587 30.20414, -97.769331 30.204334, -97.769694 30.204412, -97.769856 30.204456, -97.77007 30.204526, -97.770199 30.204574, -97.770304 30.204624, -97.77039 30.20468, -97.77044 30.204724, -97.770508 30.204802, -97.77059 30.204937, -97.770655 30.205065, -97.770718 30.205213, -97.770753 30.205313, -97.77077 30.205401, -97.770781 30.205544, -97.770772 30.20566, -97.770774 30.205719, -97.770762 30.205808, -97.770743 30.205853, -97.770723 30.205887, -97.770375 30.206295, -97.770286 30.206442, -97.770234 30.20651, -97.770127 30.206604, -97.770055 30.206684, -97.769954 30.206818, -97.769861 30.206978, -97.769815 30.207045, -97.769686 30.207179, -97.769563 30.207362, -97.769419 30.207612, -97.769286 30.207822, -97.769248 30.207903, -97.769219 30.208014, -97.769193 30.208193, -97.769174 30.208701, -97.76918 30.208779, -97.769198 30.208844, -97.769477 30.209474, -97.769555 30.209683, -97.769657 30.209864, -97.769712 30.209986, -97.769744 30.210038, -97.76998 30.210317, -97.769996 30.210331, -97.770035 30.210349, -97.770072 30.210357, -97.77062 30.210423, -97.770691 30.210441, -97.770882 30.21052, -97.770934 30.210532, -97.770998 30.210532, -97.771091 30.210516, -97.771122 30.2105, -97.771186 30.210483, -97.771241 30.210463, -97.771369 30.210407, -97.771481 30.210381, -97.77159 30.210338, -97.771655 30.210318, -97.771794 30.210292, -97.77192 30.210278, -97.771878 30.210346))",32.2,1102.0,64206.0,24.0,0.0,677205.6166352918,0.0016272753399112468
"POLYGON ((-97.797255 30.208385, -97.793746 30.213477, -97.793676 30.213579, -97.793628 30.213642, -97.793266 30.214114, -97.792923 30.214511, -97.792548 30.214881, -97.792277 30.215062, -97.792115 30.215182, -97.79191 30.215341, -97.79168 30.215509, -97.791436 30.215628, -97.7912 30.21577, -97.789578 30.216409, -97.789441 30.216455, -97.789425 30.216427, -97.789265 30.216133, -97.789217 30.216016, -97.789196 30.215966, -97.789158 30.21591, -97.789125 30.215878, -97.78906 30.215836, -97.788993 30.215803, -97.788894 30.215763, -97.78869 30.215657, -97.788597 30.215599, -97.7885 30.215527, -97.788409 30.215451, -97.788314 30.215381, -97.788225 30.215326, -97.788181 30.215303, -97.788073 30.215262, -97.787938 30.215227, -97.787737 30.215183, -97.787538 30.215127, -97.787453 30.215093, -97.787333 30.215034, -97.78721 30.214985, -97.787142 30.214967, -97.786973 30.214943, -97.786812 30.214934, -97.786762 30.214924, -97.786587 30.21485, -97.786307 30.214771, -97.786185 30.214728, -97.786229 30.214653, -97.786612 30.213943, -97.786935 30.21317, -97.787187 30.212566, -97.78712 30.212226, -97.786941 30.211449, -97.786934 30.211401, -97.786893 30.211124, -97.786955 30.210972, -97.787023 30.210807, -97.787035 30.210778, -97.787075 30.210679, -97.787102 30.21064, -97.787142 30.210582, -97.787839 30.209572, -97.788346 30.208966, -97.788896 30.208141, -97.789335 30.207363, -97.789714 30.206565, -97.790791 30.207123, -97.791784 30.207563, -97.792656 30.20799, -97.793066 30.207311, -97.794053 30.207754, -97.794763 30.20812, -97.795472 30.208525, -97.796152 30.208877, -97.796704 30.208056, -97.796783 30.208079, -97.79699 30.208173, -97.797039 30.208204, -97.797052 30.208233, -97.797255 30.208385))",33.8,1297.0,118945.0,31.0,45.0,641922.6027342267,0.002020492804701867
"POLYGON ((-97.746303 30.187004, -97.746295 30.187042, -97.746112 30.187471, -97.745908 30.187788, -97.745877 30.187831, -97.745435 30.188665, -97.745181 30.189283, -97.745129 30.189404, -97.745015 30.189752, -97.744895 30.190141, -97.744734 30.190894, -97.74466 30.191274, -97.74458 30.191883, -97.74456 30.192295, -97.744543 30.192684, -97.744551 30.19312, -97.744555 30.193237, -97.744583 30.193585, -97.744604 30.193837, -97.744605 30.193868, -97.744607 30.193899, -97.744621 30.193997, -97.74407 30.194032, -97.743089 30.194093, -97.741103 30.194033, -97.740985 30.194027, -97.740423 30.193932, -97.739666 30.19363, -97.738965 30.193305, -97.738857 30.193254, -97.738882 30.193213, -97.738908 30.193173, -97.738958 30.193095, -97.739749 30.191869, -97.739863 30.191692, -97.740284 30.190963, -97.74119 30.189578, -97.742192 30.188007, -97.742598 30.187375, -97.743384 30.186143, -97.744296 30.184712, -97.744408 30.184536, -97.744786 30.183943, -97.74481 30.18446, -97.744998 30.184901, -97.745254 30.185166, -97.745333 30.185235, -97.745768 30.185665, -97.74582 30.185721, -97.745873 30.18578, -97.746129 30.186082, -97.746247 30.186284, -97.746296 30.186446, -97.746335 30.18676, -97.746303 30.187004))",33.8,340.0,63125.0,0.0,0.0,381987.8635041398,0.0008900806347118806
"POLYGON ((-97.798616 30.200635, -97.797347 30.202632, -97.797101 30.203023, -97.795802 30.205016, -97.795031 30.204715, -97.794542 30.205401, -97.794097 30.206072, -97.793704 30.206757, -97.793066 30.207311, -97.792656 30.20799, -97.791784 30.207563, -97.790791 30.207123, -97.789714 30.206565, -97.790448 30.205724, -97.791023 30.205318, -97.791401 30.204783, -97.791841 30.204077, -97.792232 30.203394, -97.79238 30.202586, -97.792771 30.20181, -97.793193 30.201136, -97.79349 30.200724, -97.793622 30.200226, -97.793612 30.199327, -97.795009 30.199421, -97.795119 30.199433, -97.796191 30.199579, -97.796614 30.19971, -97.797806 30.200082, -97.797897 30.200131, -97.798737 30.200445, -97.798616 30.200635))",37.5,1180.0,76458.0,14.0,0.0,369615.88933001156,0.0031925034449653677
"POLYGON ((-97.789714 30.206565, -97.789335 30.207363, -97.788896 30.208141, -97.788346 30.208966, -97.787839 30.209572, -97.787142 30.210582, -97.787102 30.21064, -97.787075 30.210679, -97.787035 30.210778, -97.787023 30.210807, -97.786955 30.210972, -97.786893 30.211124, -97.786934 30.211401, -97.786941 30.211449, -97.78712 30.212226, -97.787187 30.212566, -97.786935 30.21317, -97.786612 30.213943, -97.786229 30.214653, -97.786185 30.214728, -97.786093 30.214695, -97.785905 30.214638, -97.785821 30.214625, -97.78569 30.214627, -97.7855 30.21465, -97.785387 30.214653, -97.785263 30.214646, -97.785171 30.214629, -97.785116 30.214609, -97.785027 30.214555, -97.78497 30.21451, -97.784758 30.214322, -97.784696 30.214231, -97.784437 30.213918, -97.784308 30.213821, -97.784267 30.213779, -97.784138 30.213643, -97.783866 30.213377, -97.78377 30.213296, -97.783701 30.213257, -97.783496 30.213167, -97.783374 30.213125, -97.783236 30.213088, -97.783159 30.213078, -97.783039 30.213081, -97.783002 30.213087, -97.7829 30.213113, -97.782808 30.213123, -97.782758 30.213117, -97.782549 30.213028, -97.782099 30.212824, -97.781954 30.212752, -97.78168 30.212637, -97.781576 30.212602, -97.781473 30.212561, -97.781399 30.212517, -97.781351 30.212473, -97.781292 30.212398, -97.781212 30.212269, -97.781137 30.212178, -97.781059 30.2121, -97.780993 30.212051, -97.780922 30.212021, -97.78083 30.212005, -97.780772 30.212, -97.780491 30.211991, -97.780336 30.211976, -97.780198 30.211979, -97.780008 30.211999, -97.779867 30.212019, -97.779769 30.212022, -97.779671 30.212015, -97.779457 30.211976, -97.779066 30.211935, -97.778971 30.211929, -97.779239 30.211249, -97.779757 30.210572, -97.780331 30.209929, -97.781424 30.208559, -97.781453 30.208523, -97.781513 30.208448, -97.781543 30.208387, -97.781555 30.208364, -97.78233 30.2068, -97.78234 30.206779, -97.783823 30.203835, -97.784295 30.203941, -97.785435 30.20361, -97.785652 30.203547, -97.785808 30.204218, -97.786067 30.204947, -97.786299 30.205152, -97.786829 30.205392, -97.786891 30.205429, -97.786939 30.205473, -97.78705 30.205634, -97.787259 30.205752, -97.788951 30.206539, -97.789384 30.206476, -97.789714 30.206565))",39.6,1372.0,65133.0,23.0,0.0,636823.2053210599,0.0021544441040088893
"POLYGON ((-97.75835 30.205699, -97.757742 30.20652, -97.757298 30.207069, -97.756503 30.2082, -97.756043 30.208958, -97.755955 30.209102, -97.755604 30.209684, -97.754889 30.210818, -97.753459 30.213095, -97.752856 30.214045, -97.752655 30.214413, -97.752073 30.215394, -97.752024 30.215473, -97.751925 30.215613, -97.751445 30.216309, -97.751423 30.216346, -97.751287 30.216572, -97.751048 30.216539, -97.750942 30.216528, -97.750659 30.216499, -97.750384 30.216486, -97.750147 30.216465, -97.749962 30.216459, -97.749561 30.216461, -97.748978 30.216488, -97.747168 30.216522, -97.745958 30.216493, -97.7447 30.216406, -97.744468 30.216367, -97.743973 30.216326, -97.743793 30.216311, -97.740932 30.216117, -97.739872 30.21602, -97.739045 30.215926, -97.738858 30.215902, -97.738722 30.215884, -97.735321 30.215386, -97.73508 30.215351, -97.735137 30.215263, -97.735175 30.215206, -97.735204 30.215163, -97.735294 30.215027, -97.735382 30.214892, -97.735591 30.214478, -97.735728 30.214208, -97.736899 30.212378, -97.740444 30.206848, -97.740551 30.206667, -97.741281 30.205451, -97.741589 30.204935, -97.742231 30.203867, -97.742098 30.201676, -97.742096 30.201592, -97.742098 30.201512, -97.742119 30.201175, -97.742157 30.200892, -97.742159 30.200803, -97.742186 30.200694, -97.74223 30.200478, -97.742294 30.200258, -97.742384 30.19998, -97.742406 30.199898, -97.742474 30.199705, -97.74264 30.199404, -97.742763 30.199186, -97.743195 30.198516, -97.743251 30.198461, -97.743648 30.197751, -97.743787 30.197504, -97.74394 30.197245, -97.744072 30.197078, -97.744129 30.197001, -97.744168 30.197025, -97.744201 30.197042, -97.74483 30.197373, -97.745185 30.197535, -97.745673 30.197756, -97.746561 30.198165, -97.747309 30.198738, -97.748033 30.199482, -97.748753 30.199977, -97.749327 30.200217, -97.749829 30.200473, -97.75032 30.200724, -97.751525 30.201541, -97.752315 30.202145, -97.7532 30.202773, -97.75397 30.203257, -97.757853 30.20543, -97.758149 30.20559, -97.75835 30.205699))",22.8,1099.0,38702.0,176.0,0.0,2711772.2027509026,0.0004052700292764789
"POLYGON ((-97.75309 30.196242, -97.752845 30.197024, -97.752641 30.197754, -97.752383 30.198546, -97.752178 30.199323, -97.752058 30.199704, -97.751933 30.200097, -97.75167 30.201043, -97.751525 30.201541, -97.75032 30.200724, -97.749829 30.200473, -97.749327 30.200217, -97.748753 30.199977, -97.748033 30.199482, -97.747309 30.198738, -97.746561 30.198165, -97.745673 30.197756, -97.745185 30.197535, -97.74483 30.197373, -97.744201 30.197042, -97.744168 30.197025, -97.744129 30.197001, -97.744178 30.196937, -97.744468 30.196522, -97.744577 30.196285, -97.744659 30.196029, -97.744675 30.195959, -97.7447 30.195835, -97.744729 30.195684, -97.744739 30.195541, -97.744716 30.195356, -97.744621 30.193997, -97.744745 30.193994, -97.746046 30.193928, -97.747208 30.193896, -97.749598 30.193746, -97.749728 30.193732, -97.749851 30.193731, -97.750962 30.193668, -97.752311 30.193591, -97.752437 30.193584, -97.752597 30.194348, -97.752866 30.195085, -97.753186 30.19601, -97.75309 30.196242))",44.2,862.0,99844.0,189.0,7.0,487255.0958343289,0.0017690938635007887
"POLYGON ((-97.750246 30.189496, -97.749919 30.190007, -97.749609 30.190492, -97.749031 30.191388, -97.748547 30.192088, -97.749003 30.19232, -97.749192 30.192492, -97.749528 30.192812, -97.749697 30.193552, -97.749716 30.193636, -97.749727 30.193685, -97.749728 30.193732, -97.749598 30.193746, -97.747208 30.193896, -97.746046 30.193928, -97.744745 30.193994, -97.744621 30.193997, -97.744607 30.193899, -97.744605 30.193868, -97.744604 30.193837, -97.744583 30.193585, -97.744555 30.193237, -97.744551 30.19312, -97.744543 30.192684, -97.74456 30.192295, -97.74458 30.191883, -97.74466 30.191274, -97.744734 30.190894, -97.744895 30.190141, -97.745015 30.189752, -97.745129 30.189404, -97.745181 30.189283, -97.745435 30.188665, -97.745877 30.187831, -97.745908 30.187788, -97.746112 30.187471, -97.746295 30.187042, -97.74635 30.187068, -97.746393 30.187089, -97.747487 30.187619, -97.747822 30.187783, -97.748236 30.187973, -97.748975 30.188301, -97.749552 30.188585, -97.749701 30.188602, -97.749931 30.188411, -97.750681 30.188789, -97.750246 30.189496))",37.8,1710.0,124559.0,86.0,58.0,305273.0035791718,0.005601543470765884
"POLYGON ((-97.758035 30.189799, -97.757461 30.190367, -97.757153 30.190103, -97.755616 30.188757, -97.755066 30.189235, -97.754726 30.188923, -97.754389 30.188644, -97.753684 30.188003, -97.752431 30.187034, -97.751949 30.186827, -97.75159 30.187353, -97.751149 30.188076, -97.75093 30.188409, -97.750681 30.188789, -97.749931 30.188411, -97.749701 30.188602, -97.749552 30.188585, -97.748975 30.188301, -97.748236 30.187973, -97.747822 30.187783, -97.747487 30.187619, -97.746393 30.187089, -97.74635 30.187068, -97.746295 30.187042, -97.746303 30.187004, -97.746335 30.18676, -97.746296 30.186446, -97.746247 30.186284, -97.746129 30.186082, -97.745873 30.18578, -97.74582 30.185721, -97.745768 30.185665, -97.745333 30.185235, -97.745254 30.185166, -97.744998 30.184901, -97.74481 30.18446, -97.744786 30.183943, -97.744927 30.183632, -97.745143 30.183273, -97.745175 30.183219, -97.74522 30.18314, -97.74527 30.183064, -97.745502 30.182696, -97.745679 30.182415, -97.745737 30.182334, -97.746294 30.181496, -97.746339 30.181618, -97.746418 30.181839, -97.746449 30.181909, -97.746505 30.181994, -97.746543 30.182029, -97.746617 30.182075, -97.746704 30.182116, -97.746772 30.182134, -97.747181 30.18219, -97.747388 30.182226, -97.747534 30.182245, -97.747601 30.18224, -97.747781 30.182191, -97.747981 30.182158, -97.748092 30.182152, -97.748234 30.182153, -97.748316 30.182165, -97.748381 30.182188, -97.748528 30.182275, -97.748703 30.182366, -97.748734 30.182372, -97.74882 30.182369, -97.748889 30.182383, -97.749119 30.182468, -97.749379 30.182542, -97.750118 30.182742, -97.75029 30.182783, -97.750355 30.182792, -97.750686 30.182838, -97.750807 30.182845, -97.75084 30.182835, -97.750923 30.182785, -97.751036 30.182746, -97.751101 30.182729, -97.751162 30.182721, -97.751217 30.182722, -97.751269 30.182731, -97.751353 30.18276, -97.751624 30.182895, -97.751794 30.182987, -97.751943 30.183079, -97.751975 30.183103, -97.75212 30.183236, -97.752289 30.183381, -97.752365 30.183465, -97.7524 30.183523, -97.75241 30.183559, -97.752403 30.18362, -97.752381 30.183678, -97.752311 30.183886, -97.752277 30.183971, -97.752246 30.184024, -97.752171 30.184124, -97.752115 30.18422, -97.752073 30.184326, -97.752052 30.184407, -97.75205 30.184463, -97.75206 30.18451, -97.75208 30.184547, -97.752491 30.18489, -97.75258 30.184967, -97.75269 30.18507, -97.752845 30.185286, -97.752969 30.185441, -97.753219 30.185736, -97.753344 30.185873, -97.753401 30.185918, -97.753571 30.186008, -97.753692 30.186089, -97.754208 30.186417, -97.754518 30.186631, -97.754699 30.186755, -97.754734 30.186788, -97.754795 30.186895, -97.754819 30.187091, -97.754914 30.187385, -97.754949 30.187451, -97.754995 30.187511, -97.755097 30.187591, -97.755459 30.187774, -97.755578 30.187834, -97.7558 30.187967, -97.755873 30.188007, -97.75593 30.188048, -97.756045 30.188153, -97.756147 30.188227, -97.756179 30.188268, -97.756214 30.188351, -97.756244 30.1884, -97.756459 30.188589, -97.756858 30.188929, -97.756934 30.18898, -97.757014 30.189019, -97.757122 30.189044, -97.757164 30.189068, -97.75728 30.189153, -97.757398 30.189231, -97.757452 30.189258, -97.757508 30.189266, -97.757552 30.189284, -97.757615 30.189345, -97.757757 30.189464, -97.757819 30.189522, -97.757887 30.189619, -97.758001 30.18976, -97.758035 30.189799))",32.3,816.0,121103.0,11.0,9.0,478722.96907894884,0.0017045348828153449
"POLYGON ((-97.761351 30.194331, -97.76133 30.194386, -97.76123 30.194609, -97.761197 30.194667, -97.761126 30.194717, -97.7611 30.194748, -97.761042 30.194761, -97.761009 30.194776, -97.760873 30.194928, -97.760769 30.195015, -97.760732 30.195105, -97.760619 30.195307, -97.760547 30.19549, -97.760474 30.195567, -97.760417 30.195588, -97.76039 30.195607, -97.760285 30.195775, -97.760078 30.196017, -97.759963 30.196127, -97.759842 30.196257, -97.759802 30.196304, -97.759724 30.196394, -97.759669 30.196359, -97.7592 30.196016, -97.759125 30.195958, -97.75906 30.195916, -97.758172 30.195161, -97.758102 30.195099, -97.758043 30.195051, -97.756901 30.194065, -97.756795 30.193985, -97.756698 30.193912, -97.756443 30.193775, -97.756299 30.193701, -97.755823 30.193565, -97.755682 30.193526, -97.755385 30.193474, -97.755 30.193441, -97.75471 30.193444, -97.754481 30.193451, -97.753603 30.193507, -97.753516 30.193508, -97.753189 30.193523, -97.753028 30.193539, -97.752587 30.193573, -97.752437 30.193584, -97.752311 30.193591, -97.750962 30.193668, -97.749851 30.193731, -97.749728 30.193732, -97.749727 30.193685, -97.749716 30.193636, -97.749697 30.193552, -97.749528 30.192812, -97.749192 30.192492, -97.749003 30.19232, -97.748547 30.192088, -97.749031 30.191388, -97.749609 30.190492, -97.749919 30.190007, -97.750246 30.189496, -97.750681 30.188789, -97.75093 30.188409, -97.751149 30.188076, -97.75159 30.187353, -97.751949 30.186827, -97.752431 30.187034, -97.753684 30.188003, -97.754389 30.188644, -97.754726 30.188923, -97.755066 30.189235, -97.755616 30.188757, -97.757153 30.190103, -97.757461 30.190367, -97.758035 30.189799, -97.758168 30.189953, -97.758352 30.190137, -97.758541 30.190307, -97.758792 30.190536, -97.758826 30.190601, -97.758915 30.19068, -97.758961 30.190701, -97.758992 30.190733, -97.75901 30.190761, -97.759018 30.190796, -97.759041 30.190849, -97.759196 30.191105, -97.759237 30.191119, -97.759271 30.191163, -97.759366 30.191313, -97.75942 30.191381, -97.75975 30.191719, -97.759925 30.191932, -97.760274 30.192258, -97.760415 30.192419, -97.76051 30.192521, -97.760593 30.192606, -97.760691 30.192688, -97.760812 30.192756, -97.760873 30.19281, -97.76095 30.192906, -97.761151 30.193192, -97.761223 30.193288, -97.761241 30.193327, -97.761272 30.19345, -97.761319 30.193611, -97.761327 30.193651, -97.76133 30.193717, -97.761308 30.19382, -97.761301 30.19389, -97.761315 30.193985, -97.761336 30.194222, -97.761349 30.194297, -97.761351 30.194331))",43.9,1945.0,89643.0,45.0,0.0,605152.5086461484,0.0032140658300357514
"POLYGON ((-97.744729 30.195684, -97.7447 30.195835, -97.744675 30.195959, -97.744659 30.196029, -97.744577 30.196285, -97.744468 30.196522, -97.744178 30.196937, -97.744129 30.197001, -97.744072 30.197078, -97.74394 30.197245, -97.743787 30.197504, -97.743648 30.197751, -97.743251 30.198461, -97.743195 30.198516, -97.742763 30.199186, -97.74264 30.199404, -97.742474 30.199705, -97.742406 30.199898, -97.742384 30.19998, -97.742294 30.200258, -97.74223 30.200478, -97.742186 30.200694, -97.742159 30.200803, -97.742157 30.200892, -97.742119 30.201175, -97.742098 30.201512, -97.742096 30.201592, -97.742063 30.201592, -97.741828 30.201592, -97.740556 30.201008, -97.739785 30.200745, -97.741177 30.198441, -97.73978 30.197755, -97.740201 30.197068, -97.740634 30.196419, -97.741134 30.195566, -97.741187 30.195207, -97.741172 30.194846, -97.741095 30.194479, -97.741109 30.194347, -97.741103 30.194033, -97.743089 30.194093, -97.74407 30.194032, -97.744621 30.193997, -97.744716 30.195356, -97.744739 30.195541, -97.744729 30.195684))",25.1,830.0,55161.0,0.0,0.0,231829.60033874426,0.003580215808452512
"POLYGON ((-97.732836 30.311058, -97.732704 30.311571, -97.73265 30.311856, -97.732517 30.313047, -97.732472 30.313529, -97.732352 30.315023, -97.732325 30.315366, -97.732281 30.315841, -97.732249 30.316264, -97.732223 30.316499, -97.732176 30.316699, -97.731525 30.317662, -97.731455 30.317762, -97.731133 30.318265, -97.730818 30.318694, -97.728462 30.31763, -97.726311 30.316753, -97.725486 30.316343, -97.725141 30.316292, -97.723452 30.315949, -97.72287 30.315682, -97.723187 30.315213, -97.723568 30.314627, -97.723743 30.314352, -97.724251 30.313595, -97.724329 30.313492, -97.724759 30.3128, -97.725316 30.311953, -97.725817 30.311229, -97.726683 30.311706, -97.726988 30.311793, -97.72705 30.311703, -97.727548 30.310921, -97.727559 30.310896, -97.727118 30.310614, -97.727947 30.309356, -97.72796 30.309336, -97.72839 30.308633, -97.729344 30.309141, -97.730196 30.30953, -97.731141 30.309943, -97.732037 30.310395, -97.732976 30.310843, -97.732836 30.311058))",35.6,974.0,56309.0,47.0,29.0,619369.8189935042,0.0015725661311408123
"POLYGON ((-97.691261 30.31622, -97.69081 30.316948, -97.690342 30.317695, -97.689924 30.318411, -97.689475 30.319135, -97.689172 30.319766, -97.689046 30.320221, -97.689011 30.320423, -97.689 30.320595, -97.689005 30.320706, -97.689022 30.320869, -97.689072 30.321269, -97.689084 30.321491, -97.688982 30.321501, -97.688888 30.321507, -97.688725 30.321517, -97.687884 30.321576, -97.687042 30.321634, -97.684876 30.321856, -97.684294 30.32197, -97.683437 30.322206, -97.682261 30.322595, -97.683319 30.322035, -97.683325 30.32198, -97.683343 30.321824, -97.683732 30.321167, -97.684815 30.319503, -97.685928 30.317738, -97.686111 30.317522, -97.686164 30.317467, -97.686203 30.317411, -97.686245 30.317339, -97.686267 30.317269, -97.68629 30.31718, -97.686304 30.317026, -97.686315 30.316847, -97.686326 30.316589, -97.686302 30.316457, -97.68627 30.316321, -97.686231 30.31619, -97.686017 30.315659, -97.6857 30.314845, -97.685656 30.314704, -97.685635 30.314581, -97.685625 30.314362, -97.685639 30.314067, -97.685663 30.313928, -97.685688 30.313821, -97.685722 30.313737, -97.685775 30.313634, -97.686124 30.313056, -97.686972 30.313466, -97.687613 30.313785, -97.687965 30.313947, -97.688423 30.314151, -97.689533 30.314707, -97.689898 30.314874, -97.690344 30.315079, -97.691596 30.315649, -97.691261 30.31622))",43.9,1186.0,50822.0,0.0,0.0,394202.9857272409,0.00300860227583518
"POLYGON ((-97.790408 30.192052, -97.790283 30.192984, -97.790039 30.193571, -97.789471 30.194453, -97.78877 30.195597, -97.787842 30.197071, -97.787826 30.197097, -97.7878 30.197138, -97.787767 30.19719, -97.787661 30.197144, -97.787084 30.196868, -97.785873 30.196264, -97.785389 30.19598, -97.785118 30.195773, -97.785028 30.1957, -97.78496 30.195645, -97.784421 30.195184, -97.784225 30.19507, -97.783848 30.194859, -97.783339 30.194642, -97.783245 30.194602, -97.78315 30.194572, -97.782938 30.194508, -97.781927 30.194369, -97.781524 30.194276, -97.78111 30.194109, -97.781008 30.194066, -97.780936 30.194031, -97.780095 30.193617, -97.78001 30.193581, -97.779921 30.19353, -97.779575 30.193352, -97.77895 30.193129, -97.778846 30.193092, -97.778875 30.193026, -97.778898 30.192964, -97.778907 30.19294, -97.779551 30.191176, -97.779947 30.189842, -97.780206 30.189054, -97.780697 30.187484, -97.780713 30.187436, -97.781223 30.185808, -97.781695 30.184301, -97.781978 30.183397, -97.782846 30.18329, -97.783822 30.183233, -97.784421 30.182967, -97.784864 30.182929, -97.785464 30.183131, -97.785387 30.183341, -97.785367 30.183704, -97.785387 30.18387, -97.785413 30.183976, -97.785528 30.184046, -97.785857 30.18434, -97.785969 30.184485, -97.785983 30.18478, -97.785943 30.185753, -97.784978 30.185734, -97.784997 30.187535, -97.784671 30.188101, -97.785418 30.188605, -97.786227 30.189007, -97.78727 30.189429, -97.787754 30.189474, -97.788663 30.189443, -97.78976 30.189883, -97.790435 30.190089, -97.790408 30.192052))",42.5,3060.0,111464.0,242.0,23.0,946653.9233728015,0.003232437878773722
"POLYGON ((-97.788565 30.167169, -97.788563 30.167217, -97.788516 30.16829, -97.788456 30.168484, -97.788396 30.168678, -97.78812 30.169116, -97.78775 30.169499, -97.786115 30.17084, -97.785971 30.171041, -97.785829 30.171313, -97.785635 30.171753, -97.785473 30.172289, -97.785277 30.172951, -97.784913 30.174156, -97.784004 30.177045, -97.783216 30.179563, -97.782745 30.181035, -97.781978 30.183397, -97.781695 30.184301, -97.781223 30.185808, -97.780713 30.187436, -97.780697 30.187484, -97.780206 30.189054, -97.779947 30.189842, -97.779551 30.191176, -97.778907 30.19294, -97.778898 30.192964, -97.778875 30.193026, -97.778846 30.193092, -97.778753 30.193071, -97.777668 30.192816, -97.77758 30.192788, -97.777385 30.192748, -97.776912 30.192623, -97.776539 30.192511, -97.776254 30.192382, -97.775839 30.192225, -97.775521 30.192086, -97.775361 30.192028, -97.775074 30.19193, -97.774935 30.191876, -97.77478 30.191832, -97.774535 30.191776, -97.774394 30.191747, -97.774191 30.191715, -97.773787 30.191636, -97.773579 30.191591, -97.773277 30.191495, -97.772273 30.191174, -97.771587 30.190955, -97.770857 30.190721, -97.770795 30.190679, -97.77062 30.190589, -97.770518 30.190537, -97.770561 30.190481, -97.770602 30.19043, -97.771686 30.189003, -97.772336 30.188149, -97.772955 30.187222, -97.773177 30.18689, -97.77471 30.184525, -97.77559 30.183236, -97.776317 30.182129, -97.777738 30.17997, -97.778106 30.179411, -97.779626 30.177101, -97.779941 30.176621, -97.780981 30.175041, -97.781776 30.17383, -97.782335 30.172975, -97.782851 30.172202, -97.783097 30.171835, -97.783536 30.171179, -97.783949 30.170524, -97.784747 30.169291, -97.785303 30.16843, -97.78585 30.167598, -97.786072 30.167257, -97.786167 30.16711, -97.786254 30.166975, -97.78644 30.166978, -97.786838 30.167007, -97.786944 30.167026, -97.787034 30.167031, -97.787363 30.167031, -97.788462 30.167031, -97.788571 30.167034, -97.788565 30.167169))",29.0,3228.0,75781.0,0.0,191.0,1428223.4023135523,0.0022601506142323558
"POLYGON ((-97.798909 30.174478, -97.798883 30.174915, -97.798595 30.175388, -97.797805 30.176588, -97.796074 30.179337, -97.794741 30.181145, -97.793463 30.1828, -97.793236 30.183122, -97.793066 30.183364, -97.793051 30.183385, -97.792672 30.183876, -97.790831 30.186348, -97.790593 30.187281, -97.790555 30.187949, -97.790435 30.190089, -97.78976 30.189883, -97.788663 30.189443, -97.787754 30.189474, -97.78727 30.189429, -97.786227 30.189007, -97.785418 30.188605, -97.784671 30.188101, -97.784997 30.187535, -97.784978 30.185734, -97.785943 30.185753, -97.785983 30.18478, -97.785969 30.184485, -97.785857 30.18434, -97.785528 30.184046, -97.785413 30.183976, -97.785387 30.18387, -97.785367 30.183704, -97.785387 30.183341, -97.785464 30.183131, -97.784864 30.182929, -97.784421 30.182967, -97.783822 30.183233, -97.782846 30.18329, -97.781978 30.183397, -97.782745 30.181035, -97.783216 30.179563, -97.784004 30.177045, -97.784913 30.174156, -97.785277 30.172951, -97.788276 30.174076, -97.788648 30.174247, -97.78877 30.174295, -97.788969 30.174318, -97.789644 30.174311, -97.791051 30.174278, -97.793431 30.174232, -97.794851 30.174205, -97.798907 30.174104, -97.798909 30.174478))",43.3,2254.0,61691.0,78.0,0.0,1654893.526456966,0.0013620211596486738
"POLYGON ((-97.819998 30.173889, -97.81865 30.176815, -97.818003 30.17802, -97.817224 30.179248, -97.8168 30.179903, -97.816448 30.18041, -97.814753 30.182852, -97.812848 30.185545, -97.812823 30.185581, -97.812127 30.185505, -97.81206 30.185498, -97.809528 30.185607, -97.807616 30.185634, -97.805936 30.185658, -97.804423 30.185679, -97.804413 30.185605, -97.804352 30.18515, -97.806387 30.185096, -97.806377 30.184447, -97.806248 30.18365, -97.807184 30.183542, -97.807117 30.182746, -97.807144 30.182404, -97.807147 30.182374, -97.807155 30.18227, -97.807724 30.181193, -97.807988 30.180642, -97.808158 30.180093, -97.808167 30.180054, -97.808464 30.178655, -97.808773 30.177126, -97.808779 30.177108, -97.808895 30.176448, -97.809333 30.174002, -97.809425 30.174008, -97.810816 30.173993, -97.810938 30.173992, -97.811072 30.173996, -97.812036 30.173976, -97.812594 30.173978, -97.812692 30.173972, -97.81279 30.173965, -97.814331 30.173939, -97.814404 30.173936, -97.814501 30.173939, -97.815206 30.173921, -97.816168 30.173916, -97.816892 30.173886, -97.816999 30.173871, -97.817127 30.173884, -97.8192 30.173899, -97.819998 30.173889))",35.7,2471.0,192652.0,47.0,19.0,1097352.0905892104,0.0022517841093948484
"POLYGON ((-97.805835 30.174206, -97.805824 30.174716, -97.805812 30.174812, -97.805772 30.175119, -97.805657 30.175549, -97.805597 30.175759, -97.805494 30.17591, -97.805372 30.17607, -97.805185 30.176263, -97.804457 30.17673, -97.80363 30.177429, -97.801938 30.176978, -97.801675 30.17769, -97.801058 30.179513, -97.800845 30.180237, -97.801632 30.180462, -97.802525 30.180699, -97.802284 30.181346, -97.80232 30.181685, -97.802405 30.182443, -97.802499 30.182712, -97.802555 30.182817, -97.802637 30.182968, -97.802966 30.183178, -97.803231 30.183299, -97.803612 30.183496, -97.804205 30.184069, -97.804285 30.18431, -97.804312 30.184445, -97.804325 30.18458, -97.804327 30.184717, -97.804352 30.18515, -97.804413 30.185605, -97.804423 30.185679, -97.803703 30.185717, -97.803366 30.185735, -97.80287 30.185761, -97.80148 30.185783, -97.800495 30.1858, -97.799406 30.185783, -97.799224 30.185758, -97.798432 30.185585, -97.798101 30.185546, -97.797745 30.185539, -97.796279 30.185554, -97.795482 30.185598, -97.795187 30.185618, -97.794685 30.185512, -97.794368 30.185372, -97.794106 30.185205, -97.793703 30.184854, -97.793008 30.184258, -97.792672 30.183876, -97.793051 30.183385, -97.793066 30.183364, -97.793236 30.183122, -97.793463 30.1828, -97.794741 30.181145, -97.796074 30.179337, -97.797805 30.176588, -97.798595 30.175388, -97.798883 30.174915, -97.798909 30.174478, -97.798907 30.174104, -97.798915 30.173235, -97.799134 30.172877, -97.799449 30.172555, -97.800481 30.173341, -97.802071 30.174004, -97.802401 30.174067, -97.802653 30.174097, -97.803105 30.174129, -97.803663 30.174101, -97.804137 30.174099, -97.805041 30.174091, -97.805833 30.174079, -97.805833 30.17411, -97.805835 30.174206))",39.0,1836.0,93750.0,20.0,0.0,952366.2320862279,0.0019278297971339323
"POLYGON ((-97.81278 30.185641, -97.812744 30.185692, -97.812237 30.186477, -97.811439 30.18766, -97.810806 30.188599, -97.808733 30.191606, -97.808547 30.191891, -97.807164 30.193919, -97.807019 30.194132, -97.804826 30.197348, -97.804323 30.198134, -97.804121 30.198422, -97.803424 30.198091, -97.802145 30.197518, -97.800287 30.196604, -97.799448 30.19626, -97.798876 30.195955, -97.798318 30.19574, -97.797585 30.195382, -97.796459 30.194853, -97.795247 30.19423, -97.794256 30.193723, -97.794197 30.191973, -97.794181 30.190967, -97.794163 30.18985, -97.79412 30.187267, -97.794096 30.185949, -97.794169 30.185701, -97.794368 30.185372, -97.794685 30.185512, -97.795187 30.185618, -97.795482 30.185598, -97.796279 30.185554, -97.797745 30.185539, -97.798101 30.185546, -97.798432 30.185585, -97.799224 30.185758, -97.799406 30.185783, -97.800495 30.1858, -97.80148 30.185783, -97.80287 30.185761, -97.803366 30.185735, -97.803703 30.185717, -97.804423 30.185679, -97.805936 30.185658, -97.807616 30.185634, -97.809528 30.185607, -97.81206 30.185498, -97.812127 30.185505, -97.812823 30.185581, -97.81278 30.185641))",42.9,1050.0,70168.0,5.0,14.0,1701022.7879252254,0.0006172756811098974
"POLYGON ((-97.804121 30.198422, -97.802033 30.201403, -97.801952 30.201518, -97.80075 30.201078, -97.799102 30.200548, -97.798737 30.200445, -97.797897 30.200131, -97.797806 30.200082, -97.796614 30.19971, -97.796191 30.199579, -97.795119 30.199433, -97.795009 30.199421, -97.793612 30.199327, -97.793525 30.199294, -97.792774 30.199151, -97.792043 30.198941, -97.791158 30.198598, -97.791089 30.198565, -97.791005 30.198535, -97.79036 30.198269, -97.789708 30.198002, -97.789486 30.197886, -97.788574 30.197543, -97.787845 30.197228, -97.787767 30.19719, -97.7878 30.197138, -97.787826 30.197097, -97.787842 30.197071, -97.78877 30.195597, -97.789471 30.194453, -97.790039 30.193571, -97.790283 30.192984, -97.790408 30.192052, -97.790435 30.190089, -97.790555 30.187949, -97.790593 30.187281, -97.790831 30.186348, -97.792672 30.183876, -97.793008 30.184258, -97.793703 30.184854, -97.794106 30.185205, -97.794368 30.185372, -97.794169 30.185701, -97.794096 30.185949, -97.79412 30.187267, -97.794163 30.18985, -97.794181 30.190967, -97.794197 30.191973, -97.794256 30.193723, -97.795247 30.19423, -97.796459 30.194853, -97.797585 30.195382, -97.798318 30.19574, -97.798876 30.195955, -97.799448 30.19626, -97.800287 30.196604, -97.802145 30.197518, -97.803424 30.198091, -97.804121 30.198422))",40.4,2299.0,68519.0,131.0,14.0,1062612.1043084685,0.0021635364312889635
"POLYGON ((-97.781039 30.332416, -97.780102 30.332476, -97.780012 30.332477, -97.779428 30.33248, -97.779138 30.332619, -97.778287 30.333623, -97.777673 30.334351, -97.77743 30.334499, -97.777156 30.334774, -97.776932 30.335087, -97.776932 30.33524, -97.777028 30.335355, -97.777219 30.335458, -97.777823 30.335544, -97.777853 30.335551, -97.778076 30.335628, -97.778127 30.335652, -97.778358 30.335788, -97.778694 30.336423, -97.778489 30.337145, -97.777459 30.337249, -97.777323 30.337155, -97.777278 30.33715, -97.777086 30.337099, -97.77696 30.33705, -97.776827 30.336982, -97.776665 30.336888, -97.776618 30.336855, -97.776568 30.336812, -97.776491 30.336725, -97.776453 30.336667, -97.776409 30.336569, -97.776387 30.336489, -97.776388 30.33643, -97.776388 30.336381, -97.776395 30.33634, -97.776392 30.336297, -97.776262 30.335888, -97.776223 30.335812, -97.776182 30.33576, -97.77614 30.335727, -97.776041 30.33568, -97.775971 30.335653, -97.775844 30.335614, -97.775794 30.335608, -97.775737 30.335612, -97.775689 30.335625, -97.775647 30.335648, -97.775436 30.335884, -97.775243 30.336167, -97.77514 30.336329, -97.775103 30.336394, -97.775076 30.336451, -97.774987 30.336669, -97.774959 30.336756, -97.774958 30.33681, -97.774977 30.336964, -97.775081 30.337294, -97.775086 30.337348, -97.775096 30.337395, -97.775157 30.337562, -97.775183 30.337601, -97.775397 30.337823, -97.775431 30.337871, -97.775456 30.337924, -97.775468 30.337971, -97.775474 30.338054, -97.775467 30.338104, -97.775447 30.338164, -97.775402 30.338237, -97.7753 30.33835, -97.775235 30.338405, -97.775036 30.338545, -97.774915 30.338619, -97.774807 30.338668, -97.774747 30.338687, -97.774652 30.3387, -97.774582 30.338701, -97.774446 30.338689, -97.774319 30.338667, -97.773891 30.338529, -97.77381 30.338509, -97.773715 30.338494, -97.773655 30.338496, -97.773488 30.338536, -97.773344 30.338566, -97.773264 30.338589, -97.773116 30.338643, -97.77306 30.338672, -97.772898 30.338829, -97.77284 30.33891, -97.772767 30.338996, -97.772633 30.339122, -97.772568 30.339159, -97.772512 30.339171, -97.772442 30.339167, -97.77242 30.339169, -97.772391 30.339181, -97.772339 30.339178, -97.772302 30.339166, -97.772247 30.339119, -97.772189 30.339098, -97.772162 30.339094, -97.772141 30.339102, -97.771998 30.339401, -97.771964 30.339442, -97.771931 30.339468, -97.771662 30.339635, -97.771534 30.339726, -97.771427 30.339823, -97.770993 30.340287, -97.770805 30.340496, -97.770377 30.340897, -97.77029 30.340954, -97.770209 30.340993, -97.770095 30.341032, -97.770079 30.341341, -97.769639 30.341315, -97.769339 30.341269, -97.769053 30.3412, -97.768607 30.341006, -97.76776 30.340605, -97.76717 30.340538, -97.766936 30.340547, -97.76674 30.340571, -97.766534 30.3406, -97.766329 30.340681, -97.766099 30.340791, -97.76586 30.340944, -97.764809 30.341842, -97.764569 30.342016, -97.764225 30.342197, -97.763705 30.342422, -97.763533 30.342484, -97.763288 30.342544, -97.763049 30.342575, -97.76287 30.342573, -97.762695 30.342525, -97.762488 30.34243, -97.762285 30.342302, -97.761685 30.341951, -97.76127 30.341706, -97.760948 30.341453, -97.760809 30.341337, -97.760595 30.341177, -97.760434 30.341019, -97.760297 30.340828, -97.760195 30.340644, -97.760138 30.340501, -97.760072 30.340299, -97.760006 30.340166, -97.759911 30.340039, -97.759332 30.339559, -97.759194 30.3394, -97.759092 30.33924, -97.759023 30.339086, -97.758972 30.338903, -97.758936 30.338734, -97.75891 30.338441, -97.757705 30.33779, -97.757077 30.337434, -97.75821 30.335918, -97.758334 30.33579, -97.758452 30.335709, -97.758562 30.335652, -97.758723 30.335614, -97.758832 30.335353, -97.758913 30.335196, -97.75907 30.334935, -97.759786 30.333866, -97.760366 30.333044, -97.760508 30.332858, -97.760684 30.332672, -97.760839 30.332564, -97.761056 30.332466, -97.761366 30.332373, -97.761826 30.332243, -97.762425 30.332062, -97.762746 30.331949, -97.762989 30.331836, -97.763128 30.331764, -97.763294 30.331661, -97.763568 30.331449, -97.763816 30.331227, -97.763981 30.33103, -97.764115 30.330839, -97.764255 30.33058, -97.764343 30.330332, -97.764482 30.329883, -97.764544 30.329707, -97.764645 30.329568, -97.764769 30.329472, -97.764891 30.329412, -97.765033 30.329374, -97.76533 30.329301, -97.765572 30.329182, -97.766062 30.328752, -97.766327 30.328367, -97.766353 30.328323, -97.766487 30.328095, -97.766501 30.327963, -97.766489 30.327872, -97.766454 30.3277, -97.766454 30.327584, -97.766497 30.327361, -97.766575 30.327154, -97.766673 30.326956, -97.766888 30.326608, -97.767151 30.326255, -97.767464 30.325793, -97.767809 30.325185, -97.76789 30.325064, -97.767994 30.324987, -97.768118 30.324931, -97.768299 30.324897, -97.768514 30.324849, -97.768667 30.324772, -97.769193 30.324125, -97.769279 30.323916, -97.769398 30.323675, -97.769585 30.323393, -97.770236 30.322502, -97.770765 30.32256, -97.771482 30.32289, -97.772207 30.323391, -97.772957 30.323632, -97.773407 30.323629, -97.773306 30.32256, -97.773155 30.322164, -97.772791 30.321219, -97.772801 30.320842, -97.772869 30.320544, -97.773445 30.319177, -97.773656 30.318679, -97.773836 30.318227, -97.77405 30.317625, -97.774274 30.316957, -97.774398 30.316698, -97.774525 30.316339, -97.774629 30.315876, -97.774612 30.315783, -97.77456 30.315725, -97.774438 30.315679, -97.774137 30.315586, -97.77372 30.315377, -97.773407 30.315198, -97.773187 30.315001, -97.772955 30.314752, -97.772521 30.314144, -97.772353 30.313918, -97.772098 30.313669, -97.7716 30.313164, -97.772277 30.312908, -97.772927 30.312739, -97.773834 30.312598, -97.774173 30.312646, -97.774711 30.312863, -97.775084 30.313106, -97.775884 30.313606, -97.775857 30.314138, -97.775661 30.31803, -97.776121 30.320918, -97.776072 30.322177, -97.776503 30.323838, -97.778601 30.328396, -97.779747 30.330537, -97.780923 30.332248, -97.781039 30.332416))",55.6,1471.0,162045.0,12.0,4.0,3053068.8358850656,0.0004818102961552016
"POLYGON ((-97.827963 30.299659, -97.82789 30.300047, -97.827675 30.300815, -97.82735 30.30159, -97.826485 30.303152, -97.82595 30.304117, -97.825836 30.304323, -97.825452 30.304499, -97.824948 30.30473, -97.824622 30.30488, -97.824462 30.304813, -97.824326 30.304774, -97.824312 30.304771, -97.824231 30.304756, -97.82422 30.304755, -97.824138 30.304753, -97.824108 30.304755, -97.824071 30.304759, -97.824036 30.304765, -97.823996 30.304776, -97.823941 30.304803, -97.823892 30.304842, -97.823833 30.30491, -97.823795 30.304979, -97.823773 30.305052, -97.823756 30.305085, -97.823649 30.305219, -97.823557 30.305365, -97.823503 30.305441, -97.82347 30.305471, -97.823403 30.30551, -97.823307 30.305546, -97.823143 30.305576, -97.823066 30.30558, -97.822998 30.305572, -97.822935 30.305551, -97.822892 30.305531, -97.822801 30.305473, -97.822774 30.305448, -97.822672 30.305353, -97.822619 30.305314, -97.82231 30.305152, -97.822187 30.305097, -97.822142 30.305093, -97.822089 30.305099, -97.82198 30.305132, -97.821784 30.305203, -97.821675 30.305249, -97.821469 30.305344, -97.821327 30.305355, -97.821282 30.305368, -97.821219 30.305406, -97.821078 30.305515, -97.820928 30.305601, -97.820798 30.305658, -97.820705 30.305682, -97.820557 30.305701, -97.8205 30.305701, -97.820338 30.305682, -97.8203 30.305683, -97.820265 30.305694, -97.820169 30.305749, -97.820133 30.305755, -97.820031 30.305734, -97.819786 30.305666, -97.819416 30.305587, -97.819188 30.305508, -97.819014 30.305458, -97.818963 30.305451, -97.818917 30.305455, -97.818863 30.305473, -97.818773 30.305515, -97.818765 30.305607, -97.818718 30.305832, -97.818687 30.305927, -97.818653 30.305989, -97.818619 30.306027, -97.818576 30.306057, -97.81853 30.306075, -97.818463 30.306084, -97.818301 30.306094, -97.817802 30.306158, -97.817656 30.306166, -97.817101 30.306177, -97.816946 30.306175, -97.816697 30.306162, -97.816552 30.306135, -97.816432 30.306134, -97.81602 30.306154, -97.815909 30.306168, -97.815734 30.306198, -97.81557 30.30622, -97.815436 30.306213, -97.81532 30.306191, -97.815199 30.306151, -97.815145 30.306129, -97.815009 30.306051, -97.81495 30.306002, -97.814888 30.305933, -97.81485 30.305876, -97.814778 30.305709, -97.814758 30.305688, -97.814676 30.305653, -97.814415 30.305562, -97.814313 30.305512, -97.814192 30.305472, -97.81404 30.30544, -97.813893 30.305425, -97.813578 30.305414, -97.81349 30.305417, -97.813428 30.305426, -97.813113 30.305434, -97.813061 30.305448, -97.813023 30.305474, -97.813011 30.305494, -97.813004 30.30557, -97.812931 30.305682, -97.812878 30.305739, -97.812835 30.305766, -97.812778 30.305788, -97.812637 30.305824, -97.812511 30.305847, -97.812348 30.305871, -97.812111 30.30594, -97.811965 30.305989, -97.811874 30.306003, -97.811655 30.305997, -97.811518 30.306016, -97.811463 30.306019, -97.811398 30.306013, -97.810895 30.306012, -97.810262 30.306001, -97.809799 30.306006, -97.809555 30.306014, -97.809441 30.306011, -97.809357 30.305997, -97.809282 30.305973, -97.809086 30.305892, -97.808937 30.305812, -97.808912 30.305788, -97.80886 30.305758, -97.808737 30.305696, -97.80858 30.305629, -97.808392 30.305536, -97.808317 30.305513, -97.808258 30.305489, -97.808195 30.305479, -97.807985 30.305479, -97.807798 30.305515, -97.807622 30.305567, -97.807554 30.305598, -97.807282 30.305802, -97.807261 30.305835, -97.807246 30.305907, -97.807233 30.306064, -97.807201 30.306242, -97.807181 30.30631, -97.807153 30.306397, -97.807121 30.30647, -97.807052 30.306604, -97.807022 30.306641, -97.80699 30.306667, -97.806955 30.306681, -97.806858 30.306696, -97.806758 30.306696, -97.806678 30.306683, -97.806616 30.306667, -97.806577 30.306673, -97.806525 30.306699, -97.806454 30.306789, -97.806368 30.306854, -97.806279 30.306914, -97.806118 30.307014, -97.805996 30.307121, -97.80593 30.307163, -97.805864 30.30719, -97.805821 30.3072, -97.805699 30.307206, -97.805631 30.307202, -97.805494 30.307195, -97.805393 30.307182, -97.80524 30.307142, -97.80504 30.307075, -97.804972 30.30704, -97.804866 30.306957, -97.804773 30.306864, -97.804719 30.306823, -97.80462 30.306719, -97.804578 30.306693, -97.804543 30.306678, -97.804484 30.306663, -97.804423 30.306661, -97.804362 30.306673, -97.804296 30.306706, -97.804253 30.306742, -97.804217 30.306787, -97.80415 30.306908, -97.804078 30.306995, -97.804007 30.307062, -97.803897 30.307152, -97.803813 30.307201, -97.803715 30.30724, -97.803519 30.307273, -97.803358 30.307335, -97.803219 30.307376, -97.803104 30.3074, -97.802735 30.307449, -97.802614 30.307473, -97.802333 30.307557, -97.802152 30.307601, -97.801822 30.307727, -97.801227 30.307921, -97.80115 30.307937, -97.801081 30.30794, -97.800957 30.307925, -97.800751 30.307881, -97.80068 30.307855, -97.800599 30.307812, -97.800126 30.307511, -97.799892 30.307356, -97.799667 30.307223, -97.799506 30.30714, -97.799426 30.307113, -97.799351 30.307102, -97.799183 30.3071, -97.798948 30.307111, -97.798873 30.30712, -97.798677 30.307155, -97.798584 30.307161, -97.798502 30.307155, -97.798403 30.307128, -97.798342 30.307104, -97.798265 30.307065, -97.798185 30.307006, -97.798146 30.306965, -97.798119 30.306922, -97.798109 30.306891, -97.798103 30.306832, -97.798108 30.306762, -97.798091 30.3065, -97.798071 30.306362, -97.798027 30.306252, -97.797966 30.306149, -97.797857 30.306011, -97.797808 30.305965, -97.797758 30.305937, -97.797699 30.305922, -97.797602 30.305909, -97.797408 30.305903, -97.797311 30.305908, -97.796715 30.30598, -97.796612 30.305977, -97.79654 30.305959, -97.796152 30.305788, -97.795912 30.305643, -97.795717 30.305419, -97.795653 30.305181, -97.795642 30.305026, -97.795655 30.304934, -97.795695 30.304859, -97.795753 30.304788, -97.795981 30.304652, -97.796394 30.304327, -97.796769 30.304057, -97.796827 30.304006, -97.796877 30.303941, -97.79695 30.303804, -97.797005 30.303658, -97.797012 30.30359, -97.79701 30.303545, -97.796992 30.303484, -97.796962 30.303446, -97.796716 30.303217, -97.796544 30.303105, -97.796477 30.30307, -97.796303 30.303003, -97.796113 30.302947, -97.79599 30.302928, -97.795895 30.302937, -97.795834 30.302947, -97.795652 30.303027, -97.79559 30.303053, -97.795736 30.303212, -97.795068 30.303308, -97.794847 30.303003, -97.794804 30.302943, -97.79437 30.302651, -97.794225 30.302398, -97.794248 30.30206, -97.794259 30.301919, -97.794343 30.301895, -97.794321 30.301852, -97.79431 30.301805, -97.794272 30.301626, -97.794263 30.301587, -97.794246 30.30155, -97.79421 30.301483, -97.794129 30.301345, -97.794083 30.301356, -97.794058 30.301318, -97.794038 30.301289, -97.794017 30.301258, -97.793995 30.301231, -97.793932 30.301167, -97.793912 30.301149, -97.793887 30.301123, -97.793591 30.300799, -97.793398 30.300607, -97.793358 30.300579, -97.793274 30.300534, -97.793224 30.300508, -97.793144 30.300463, -97.793111 30.300442, -97.793061 30.300406, -97.793025 30.300383, -97.792999 30.300366, -97.792979 30.300354, -97.792942 30.30033, -97.792902 30.300304, -97.79284 30.300264, -97.792809 30.300245, -97.792778 30.300226, -97.792736 30.300207, -97.792681 30.300184, -97.792532 30.300121, -97.792502 30.300109, -97.792451 30.300089, -97.792364 30.300054, -97.792293 30.300022, -97.792275 30.29999, -97.792255 30.299949, -97.79223 30.299895, -97.792188 30.299788, -97.792175 30.299748, -97.792164 30.299718, -97.792156 30.299695, -97.792084 30.299542, -97.792066 30.299501, -97.792035 30.299429, -97.792018 30.299382, -97.792015 30.299367, -97.792012 30.299348, -97.792007 30.299321, -97.792 30.299273, -97.791991 30.299217, -97.791993 30.29917, -97.791995 30.299147, -97.791997 30.299117, -97.79193 30.299026, -97.791934 30.298966, -97.791927 30.298904, -97.791926 30.298859, -97.791921 30.298745, -97.791849 30.298619, -97.791875 30.298538, -97.791852 30.298491, -97.791787 30.298442, -97.791805 30.298344, -97.791806 30.298126, -97.791753 30.298063, -97.791712 30.298064, -97.791509 30.298149, -97.790452 30.298544, -97.790446 30.298515, -97.790428 30.298426, -97.790421 30.29839, -97.790414 30.298354, -97.790283 30.297969, -97.790206 30.297745, -97.790191 30.297695, -97.790282 30.297587, -97.790325 30.297538, -97.790494 30.297426, -97.790596 30.297309, -97.790627 30.297274, -97.790694 30.297226, -97.790751 30.297186, -97.790861 30.297104, -97.790928 30.297055, -97.791028 30.296988, -97.791105 30.296937, -97.791206 30.29686, -97.791307 30.296786, -97.791667 30.296571, -97.791723 30.296536, -97.791836 30.296403, -97.79192 30.296196, -97.791934 30.296161, -97.791942 30.29614, -97.791798 30.295982, -97.791727 30.295905, -97.791707 30.295899, -97.791648 30.29589, -97.791595 30.29588, -97.791584 30.295877, -97.791388 30.295909, -97.791386 30.295954, -97.791386 30.295972, -97.791363 30.295986, -97.791339 30.296, -97.791229 30.296048, -97.79107 30.296117, -97.791051 30.296125, -97.791018 30.296136, -97.790938 30.296162, -97.790912 30.296146, -97.790852 30.296095, -97.790824 30.296076, -97.790805 30.296057, -97.79079 30.296044, -97.790751 30.296018, -97.790758 30.295995, -97.790769 30.295964, -97.790784 30.295925, -97.790798 30.295891, -97.790806 30.295869, -97.790833 30.295786, -97.79085 30.295708, -97.790857 30.295686, -97.790872 30.295639, -97.790821 30.295501, -97.790813 30.29547, -97.790797 30.295429, -97.790785 30.295399, -97.790776 30.295378, -97.790752 30.295356, -97.79064 30.295249, -97.790562 30.295177, -97.790545 30.295158, -97.790527 30.295139, -97.790422 30.295027, -97.790407 30.294995, -97.790377 30.294925, -97.790213 30.294557, -97.790218 30.294527, -97.790269 30.29435, -97.790281 30.29431, -97.790293 30.29427, -97.790299 30.294252, -97.790488 30.294115, -97.79057 30.29406, -97.790611 30.294047, -97.790782 30.294003, -97.790844 30.293988, -97.790885 30.293982, -97.790931 30.294008, -97.790979 30.294033, -97.791112 30.294104, -97.791216 30.29416, -97.791245 30.294175, -97.791286 30.294197, -97.791328 30.29422, -97.791938 30.294547, -97.792026 30.294607, -97.792057 30.29463, -97.792132 30.294686, -97.792276 30.294898, -97.792349 30.294925, -97.79294 30.29515, -97.793126 30.295219, -97.793434 30.295111, -97.793458 30.295098, -97.793491 30.294875, -97.79352 30.29471, -97.793534 30.29463, -97.793551 30.294537, -97.793584 30.294361, -97.79379 30.294235, -97.79412 30.294043, -97.794191 30.294003, -97.794319 30.293933, -97.794475 30.293847, -97.795016 30.293541, -97.795235 30.293229, -97.795302 30.293123, -97.7955 30.292855, -97.795668 30.292672, -97.795708 30.292628, -97.796004 30.292293, -97.796115 30.29226, -97.796373 30.292182, -97.796661 30.292095, -97.796747 30.292069, -97.796783 30.292055, -97.796865 30.292024, -97.797032 30.291962, -97.797263 30.291875, -97.797568 30.29181, -97.797763 30.291779, -97.797816 30.29177, -97.797836 30.291787, -97.798441 30.2923, -97.798277 30.292844, -97.797984 30.293149, -97.797873 30.293408, -97.797993 30.294093, -97.799004 30.293692, -97.799788 30.293523, -97.800263 30.293689, -97.800602 30.293905, -97.801369 30.294374, -97.801467 30.295196, -97.801472 30.296183, -97.802017 30.297651, -97.802304 30.298141, -97.802503 30.298346, -97.802832 30.298293, -97.803261 30.298223, -97.803757 30.298167, -97.804864 30.298266, -97.805473 30.298435, -97.806342 30.298309, -97.806822 30.298266, -97.807234 30.298027, -97.808264 30.298151, -97.808859 30.29832, -97.809094 30.29852, -97.809791 30.298792, -97.810305 30.29952, -97.810814 30.300506, -97.811236 30.300828, -97.811936 30.300993, -97.812847 30.300582, -97.813757 30.299769, -97.814537 30.299355, -97.814966 30.299184, -97.815572 30.299119, -97.816105 30.299739, -97.816722 30.300155, -97.816971 30.30092, -97.817366 30.301414, -97.817802 30.301258, -97.818272 30.300724, -97.818795 30.300583, -97.819293 30.299603, -97.820052 30.299571, -97.820857 30.299241, -97.82147 30.298746, -97.821904 30.298411, -97.822303 30.298103, -97.822338 30.297908, -97.822318 30.297545, -97.821895 30.296986, -97.821805 30.29691, -97.82148 30.296639, -97.821438 30.296603, -97.821961 30.2969, -97.823139 30.297118, -97.82425 30.297594, -97.826575 30.298844, -97.827162 30.29916, -97.827717 30.299399, -97.827991 30.299517, -97.827963 30.299659))",43.5,727.0,250001.0,13.0,10.0,3061960.6084953654,0.00023742957305947993
"POLYGON ((-97.681586 30.316067, -97.681576 30.316225, -97.681547 30.316354, -97.681505 30.31647, -97.681448 30.316594, -97.681378 30.31673, -97.681302 30.316858, -97.681128 30.317109, -97.680129 30.318675, -97.68002 30.318829, -97.679938 30.318967, -97.679621 30.319455, -97.679432 30.319755, -97.679317 30.319943, -97.679222 30.320108, -97.679152 30.320242, -97.679121 30.320348, -97.6791 30.320457, -97.679042 30.320751, -97.679036 30.320978, -97.679088 30.321264, -97.67918 30.321594, -97.679053 30.321655, -97.678637 30.321876, -97.678559 30.321895, -97.678514 30.321895, -97.678441 30.321876, -97.678347 30.321825, -97.678282 30.321772, -97.67765 30.321008, -97.676847 30.320111, -97.676568 30.31986, -97.676464 30.319391, -97.67657 30.318866, -97.676676 30.318346, -97.676585 30.31827, -97.676515 30.318193, -97.676439 30.318099, -97.676191 30.31776, -97.675905 30.317319, -97.675439 30.316594, -97.675269 30.316367, -97.674906 30.315951, -97.674481 30.315527, -97.674444 30.315482, -97.67402 30.314967, -97.673258 30.314211, -97.672767 30.313703, -97.67253 30.313482, -97.672361 30.313334, -97.672203 30.313211, -97.672095 30.313129, -97.671846 30.312966, -97.671067 30.312529, -97.670271 30.312089, -97.669457 30.311691, -97.668679 30.31133, -97.667913 30.310856, -97.667152 30.310063, -97.667996 30.309545, -97.66804 30.309522, -97.669063 30.308986, -97.669324 30.308912, -97.670766 30.308532, -97.671024 30.309093, -97.671533 30.309566, -97.672628 30.310023, -97.673588 30.310469, -97.673846 30.31059, -97.674142 30.310727, -97.675189 30.311215, -97.676008 30.31163, -97.676524 30.311914, -97.67657 30.311942, -97.676985 30.312374, -97.67728 30.312711, -97.677562 30.312974, -97.677674 30.313071, -97.677869 30.313216, -97.678188 30.313369, -97.679483 30.31401, -97.680925 30.314755, -97.681079 30.314889, -97.681208 30.315021, -97.681309 30.315144, -97.681368 30.315231, -97.681433 30.315345, -97.681487 30.315468, -97.681527 30.315599, -97.681564 30.315733, -97.681589 30.315881, -97.681586 30.316067))",35.3,1032.0,193345.0,20.0,10.0,672083.7151939311,0.0015355229961229076
"POLYGON ((-97.793622 30.200226, -97.79349 30.200724, -97.793193 30.201136, -97.792771 30.20181, -97.79238 30.202586, -97.792232 30.203394, -97.791841 30.204077, -97.791401 30.204783, -97.791023 30.205318, -97.790448 30.205724, -97.789714 30.206565, -97.789384 30.206476, -97.788951 30.206539, -97.787259 30.205752, -97.78705 30.205634, -97.786939 30.205473, -97.786891 30.205429, -97.786829 30.205392, -97.786299 30.205152, -97.786067 30.204947, -97.785808 30.204218, -97.785652 30.203547, -97.785435 30.20361, -97.784295 30.203941, -97.783823 30.203835, -97.784503 30.202424, -97.785677 30.200544, -97.786954 30.19846, -97.787201 30.198074, -97.787666 30.197347, -97.787767 30.19719, -97.787845 30.197228, -97.788574 30.197543, -97.789486 30.197886, -97.789708 30.198002, -97.79036 30.198269, -97.791005 30.198535, -97.791089 30.198565, -97.791158 30.198598, -97.792043 30.198941, -97.792774 30.199151, -97.793525 30.199294, -97.793612 30.199327, -97.793622 30.200226))",34.7,2028.0,39516.0,92.0,25.0,574100.3393426368,0.0035324835416786636
"POLYGON ((-97.767597 30.412094, -97.767528 30.412249, -97.767371 30.412609, -97.766777 30.412454, -97.766163 30.412466, -97.765283 30.412853, -97.764719 30.413219, -97.764453 30.413611, -97.763475 30.413442, -97.763357 30.413998, -97.763333 30.414156, -97.763499 30.414748, -97.762887 30.415025, -97.762548 30.415281, -97.761849 30.415757, -97.762018 30.415923, -97.762089 30.415983, -97.762166 30.416027, -97.762264 30.416074, -97.762341 30.416107, -97.762432 30.416136, -97.762516 30.416153, -97.763154 30.41624, -97.763835 30.416563, -97.764513 30.416899, -97.764615 30.416993, -97.763652 30.418499, -97.763516 30.418682, -97.76337 30.41859, -97.763246 30.418526, -97.762968 30.418395, -97.762368 30.418136, -97.762292 30.4181, -97.762028 30.417846, -97.761662 30.417401, -97.76156 30.417259, -97.761352 30.417098, -97.760909 30.416756, -97.760185 30.416282, -97.758969 30.415524, -97.759316 30.414824, -97.759156 30.414752, -97.758547 30.414646, -97.758274 30.414555, -97.758111 30.414388, -97.758096 30.414373, -97.758029 30.414099, -97.758091 30.41354, -97.758136 30.412968, -97.758043 30.412493, -97.757993 30.411604, -97.757934 30.411582, -97.757864 30.411562, -97.757737 30.41151, -97.757682 30.411478, -97.757571 30.411393, -97.757308 30.411167, -97.757261 30.411118, -97.757238 30.411079, -97.757231 30.41104, -97.757234 30.410994, -97.757281 30.410816, -97.757285 30.410762, -97.757262 30.410659, -97.757239 30.410602, -97.75723 30.410544, -97.757217 30.410496, -97.757201 30.410458, -97.757166 30.410409, -97.75713 30.41037, -97.757026 30.410286, -97.756918 30.410216, -97.756854 30.410189, -97.756727 30.410155, -97.756681 30.410153, -97.756551 30.410156, -97.756483 30.410163, -97.756353 30.410186, -97.756307 30.41019, -97.75623 30.410147, -97.756124 30.41007, -97.7561 30.410044, -97.756075 30.409993, -97.756021 30.409743, -97.755969 30.409578, -97.755943 30.409534, -97.755912 30.409498, -97.755862 30.409465, -97.755479 30.409327, -97.755427 30.409319, -97.755312 30.409314, -97.755286 30.409302, -97.755178 30.409284, -97.755141 30.409271, -97.755122 30.409252, -97.755101 30.409167, -97.755089 30.409053, -97.755061 30.408946, -97.755041 30.408888, -97.755014 30.408835, -97.754885 30.408707, -97.754841 30.408653, -97.754802 30.408593, -97.754782 30.408552, -97.754764 30.408497, -97.754756 30.408442, -97.754762 30.408406, -97.754816 30.408314, -97.754823 30.40827, -97.754796 30.408167, -97.754762 30.408121, -97.754718 30.408077, -97.754554 30.407939, -97.754435 30.407831, -97.754364 30.407781, -97.754278 30.407746, -97.75409 30.407523, -97.754152 30.407503, -97.755231 30.407106, -97.755383 30.407059, -97.755488 30.407044, -97.755631 30.407048, -97.755809 30.407064, -97.755951 30.407092, -97.758571 30.40845, -97.759448 30.408921, -97.76021 30.409323, -97.760516 30.409485, -97.760753 30.409603, -97.761095 30.409727, -97.761645 30.409876, -97.761812 30.409912, -97.761919 30.409927, -97.762064 30.409933, -97.762984 30.409777, -97.7636 30.409637, -97.763794 30.409556, -97.763957 30.409466, -97.764228 30.409297, -97.764417 30.40941, -97.764611 30.409511, -97.764765 30.409571, -97.765323 30.409777, -97.766001 30.41005, -97.7661 30.410099, -97.766173 30.410145, -97.766358 30.410301, -97.766457 30.410429, -97.766523 30.410568, -97.766566 30.410716, -97.766602 30.410923, -97.766625 30.411026, -97.766678 30.411161, -97.766733 30.411264, -97.76679 30.411339, -97.766821 30.411377, -97.767161 30.411579, -97.767436 30.41164, -97.767576 30.411672, -97.767597 30.412094))",45.7,1121.0,151435.0,0.0,26.0,634646.2114708947,0.001766338441384377
"POLYGON ((-97.764353 30.419236, -97.763899 30.419926, -97.763496 30.420551, -97.763344 30.420778, -97.763191 30.421004, -97.762738 30.420811, -97.762563 30.420736, -97.762011 30.4205, -97.761372 30.42033, -97.760807 30.420085, -97.759449 30.419519, -97.758972 30.419256, -97.758439 30.418871, -97.757314 30.418018, -97.756577 30.419109, -97.754717 30.417287, -97.753755 30.418035, -97.753638 30.417919, -97.753569 30.417871, -97.753456 30.417793, -97.753344 30.417742, -97.753167 30.417687, -97.752989 30.417621, -97.752798 30.417508, -97.752647 30.417341, -97.754623 30.415782, -97.755683 30.414941, -97.755882 30.414806, -97.755656 30.414595, -97.755544 30.414504, -97.755396 30.414409, -97.755206 30.414344, -97.755039 30.414309, -97.754854 30.4143, -97.754701 30.414328, -97.754448 30.414393, -97.753774 30.414589, -97.75363 30.414632, -97.753572 30.414636, -97.753531 30.414625, -97.753489 30.414585, -97.753459 30.414534, -97.753317 30.413901, -97.753281 30.41374, -97.753051 30.412715, -97.753279 30.411817, -97.753593 30.411315, -97.753156 30.411077, -97.752241 30.410581, -97.751692 30.41046, -97.751673 30.410451, -97.750761 30.41003, -97.749788 30.40958, -97.749277 30.409665, -97.749042 30.409705, -97.748952 30.409712, -97.748343 30.410018, -97.747574 30.410022, -97.747555 30.409455, -97.747867 30.407795, -97.749179 30.407744, -97.75069 30.406784, -97.751347 30.406732, -97.751958 30.407022, -97.752488 30.407283, -97.753255 30.407675, -97.753751 30.407633, -97.75409 30.407523, -97.754278 30.407746, -97.754364 30.407781, -97.754435 30.407831, -97.754554 30.407939, -97.754718 30.408077, -97.754762 30.408121, -97.754796 30.408167, -97.754823 30.40827, -97.754816 30.408314, -97.754762 30.408406, -97.754756 30.408442, -97.754764 30.408497, -97.754782 30.408552, -97.754802 30.408593, -97.754841 30.408653, -97.754885 30.408707, -97.755014 30.408835, -97.755041 30.408888, -97.755061 30.408946, -97.755089 30.409053, -97.755101 30.409167, -97.755122 30.409252, -97.755141 30.409271, -97.755178 30.409284, -97.755286 30.409302, -97.755312 30.409314, -97.755427 30.409319, -97.755479 30.409327, -97.755862 30.409465, -97.755912 30.409498, -97.755943 30.409534, -97.755969 30.409578, -97.756021 30.409743, -97.756075 30.409993, -97.7561 30.410044, -97.756124 30.41007, -97.75623 30.410147, -97.756307 30.41019, -97.756353 30.410186, -97.756483 30.410163, -97.756551 30.410156, -97.756681 30.410153, -97.756727 30.410155, -97.756854 30.410189, -97.756918 30.410216, -97.757026 30.410286, -97.75713 30.41037, -97.757166 30.410409, -97.757201 30.410458, -97.757217 30.410496, -97.75723 30.410544, -97.757239 30.410602, -97.757262 30.410659, -97.757285 30.410762, -97.757281 30.410816, -97.757234 30.410994, -97.757231 30.41104, -97.757238 30.411079, -97.757261 30.411118, -97.757308 30.411167, -97.757571 30.411393, -97.757682 30.411478, -97.757737 30.41151, -97.757864 30.411562, -97.757934 30.411582, -97.757993 30.411604, -97.758043 30.412493, -97.758136 30.412968, -97.758091 30.41354, -97.758029 30.414099, -97.758096 30.414373, -97.758111 30.414388, -97.758274 30.414555, -97.758547 30.414646, -97.759156 30.414752, -97.759316 30.414824, -97.758969 30.415524, -97.760185 30.416282, -97.760909 30.416756, -97.761352 30.417098, -97.76156 30.417259, -97.761662 30.417401, -97.762028 30.417846, -97.762292 30.4181, -97.762368 30.418136, -97.762968 30.418395, -97.763246 30.418526, -97.76337 30.41859, -97.763516 30.418682, -97.763551 30.418705, -97.763919 30.418997, -97.764019 30.419065, -97.764102 30.419109, -97.764353 30.419236))",31.7,1824.0,100213.0,77.0,0.0,782347.6769725406,0.0023314442589749264
"POLYGON ((-97.753279 30.411817, -97.753051 30.412715, -97.753281 30.41374, -97.753317 30.413901, -97.752942 30.41384, -97.752482 30.413764, -97.752038 30.413788, -97.751738 30.414182, -97.751398 30.414629, -97.750802 30.41541, -97.75013 30.416291, -97.750211 30.416338, -97.749989 30.416671, -97.749744 30.417011, -97.74832 30.41567, -97.748313 30.415653, -97.747908 30.415037, -97.747717 30.414456, -97.747692 30.414378, -97.747669 30.414026, -97.74764 30.413596, -97.747669 30.413346, -97.747867 30.412393, -97.747916 30.41202, -97.74792 30.411679, -97.747889 30.41136, -97.747834 30.411156, -97.747711 30.410701, -97.747574 30.410022, -97.748343 30.410018, -97.748952 30.409712, -97.749042 30.409705, -97.749277 30.409665, -97.749788 30.40958, -97.750761 30.41003, -97.751673 30.410451, -97.751692 30.41046, -97.752241 30.410581, -97.753156 30.411077, -97.753593 30.411315, -97.753279 30.411817))",39.4,954.0,84512.0,88.0,0.0,297463.9280212553,0.0032071115524697565
"POLYGON ((-97.762754 30.421723, -97.762693 30.421902, -97.762674 30.422066, -97.762677 30.42221, -97.762696 30.422336, -97.762723 30.422439, -97.762773 30.422709, -97.762776 30.422904, -97.762759 30.423163, -97.762326 30.423955, -97.761868 30.424685, -97.761403 30.425476, -97.760909 30.426239, -97.760429 30.426983, -97.76027 30.427234, -97.760112 30.427486, -97.760068 30.427556, -97.759999 30.427699, -97.759852 30.428003, -97.759781 30.428175, -97.759722 30.428339, -97.75968 30.42847, -97.759591 30.42871, -97.759531 30.428803, -97.75946 30.428884, -97.759343 30.429049, -97.759262 30.429166, -97.759178 30.429292, -97.75896 30.429183, -97.758301 30.428852, -97.755084 30.427231, -97.75494 30.427159, -97.754734 30.427052, -97.753633 30.426523, -97.753615 30.426514, -97.75359 30.426502, -97.753542 30.426479, -97.751636 30.425558, -97.750204 30.424853, -97.749747 30.424613, -97.749533 30.424487, -97.74933 30.424362, -97.748817 30.423969, -97.748602 30.423737, -97.748434 30.423557, -97.748171 30.423273, -97.748052 30.423145, -97.747837 30.422872, -97.747671 30.422621, -97.74749 30.42229, -97.747213 30.421575, -97.747142 30.42132, -97.746748 30.419314, -97.7467 30.419072, -97.746688 30.419009, -97.746655 30.418832, -97.746295 30.416919, -97.74599 30.41519, -97.745932 30.414863, -97.745524 30.412834, -97.745376 30.412096, -97.745254 30.411249, -97.745053 30.410208, -97.744979 30.409207, -97.744945 30.40883, -97.744946 30.408396, -97.744965 30.408094, -97.744978 30.407882, -97.745328 30.407917, -97.745549 30.407938, -97.745642 30.407962, -97.745823 30.407968, -97.745922 30.407956, -97.745984 30.407949, -97.74621 30.407874, -97.746737 30.407731, -97.746835 30.407711, -97.746995 30.407695, -97.747089 30.407699, -97.747867 30.407795, -97.747555 30.409455, -97.747574 30.410022, -97.747711 30.410701, -97.747834 30.411156, -97.747889 30.41136, -97.74792 30.411679, -97.747916 30.41202, -97.747867 30.412393, -97.747669 30.413346, -97.74764 30.413596, -97.747669 30.414026, -97.747692 30.414378, -97.747717 30.414456, -97.747908 30.415037, -97.748313 30.415653, -97.74832 30.41567, -97.749744 30.417011, -97.750035 30.417286, -97.751324 30.418404, -97.751837 30.418859, -97.753236 30.420428, -97.753343 30.420548, -97.753923 30.421195, -97.754213 30.421476, -97.754684 30.421917, -97.755296 30.422406, -97.755568 30.422089, -97.755735 30.421821, -97.755774 30.421758, -97.756003 30.421586, -97.75644 30.421452, -97.756723 30.421433, -97.757354 30.421418, -97.757493 30.421352, -97.757864 30.420909, -97.758012 30.420774, -97.75812 30.420479, -97.758697 30.420029, -97.758913 30.419953, -97.759056 30.419962, -97.759248 30.419864, -97.759449 30.419519, -97.760807 30.420085, -97.761372 30.42033, -97.762011 30.4205, -97.762563 30.420736, -97.762738 30.420811, -97.763191 30.421004, -97.762754 30.421723))",47.1,1081.0,123382.0,0.0,0.0,1338106.6834173978,0.0008078578587166371
"POLYGON ((-97.764864 30.305562, -97.764812 30.305681, -97.764686 30.305836, -97.764203 30.306524, -97.763932 30.306843, -97.763601 30.307195, -97.763397 30.307529, -97.763032 30.308276, -97.762914 30.308807, -97.762845 30.30935, -97.762674 30.31048, -97.762142 30.310208, -97.761624 30.30995, -97.760761 30.309734, -97.759889 30.309516, -97.759327 30.309376, -97.758224 30.309145, -97.757914 30.309088, -97.757808 30.309068, -97.75764 30.309037, -97.75758 30.309025, -97.757368 30.308996, -97.757179 30.308968, -97.757276 30.308547, -97.757631 30.306979, -97.757894 30.305684, -97.758029 30.305089, -97.758174 30.304388, -97.758266 30.303749, -97.75828 30.303519, -97.758307 30.303247, -97.758314 30.303002, -97.758294 30.302699, -97.758254 30.302291, -97.758227 30.302096, -97.758066 30.300428, -97.758231 30.300425, -97.758259 30.300424, -97.758452 30.300407, -97.758604 30.300398, -97.758836 30.300444, -97.758865 30.300835, -97.758869 30.300934, -97.764346 30.303395, -97.764746 30.304718, -97.764902 30.305338, -97.764864 30.305562))",55.7,228.0,169063.0,1.0,19.0,503545.2883074379,0.0004527894616318907
"POLYGON ((-97.680433 30.289263, -97.679923 30.290066, -97.679382 30.290875, -97.679363 30.290906, -97.678946 30.291607, -97.678459 30.292426, -97.67776 30.293602, -97.676766 30.295183, -97.675864 30.296617, -97.67549 30.297211, -97.674314 30.299062, -97.673206 30.300629, -97.672611 30.301598, -97.670338 30.3053, -97.670155 30.305824, -97.669972 30.306401, -97.669063 30.308986, -97.66804 30.309522, -97.667981 30.309413, -97.667749 30.308998, -97.667661 30.3089, -97.667577 30.308789, -97.667555 30.308739, -97.667531 30.308643, -97.667524 30.308584, -97.667529 30.308524, -97.667592 30.308175, -97.667579 30.308067, -97.667463 30.30759, -97.667427 30.307475, -97.667393 30.307367, -97.667336 30.307217, -97.667251 30.307025, -97.667171 30.306872, -97.667076 30.306716, -97.667003 30.30658, -97.66696 30.306485, -97.666946 30.306434, -97.666947 30.306348, -97.66696 30.306281, -97.666976 30.306268, -97.66705 30.306224, -97.667189 30.306163, -97.66747 30.306157, -97.667498 30.306149, -97.667677 30.30606, -97.66779 30.305971, -97.667823 30.305921, -97.667846 30.305861, -97.667886 30.305714, -97.667929 30.305532, -97.66794 30.305469, -97.667946 30.305338, -97.667973 30.305193, -97.66797 30.305102, -97.667942 30.30494, -97.667908 30.304836, -97.667893 30.304817, -97.667876 30.304805, -97.667697 30.304623, -97.667632 30.304571, -97.667575 30.304548, -97.667473 30.304522, -97.667327 30.3045, -97.667203 30.30446, -97.667107 30.304412, -97.667028 30.304361, -97.666955 30.304303, -97.666892 30.30424, -97.666849 30.30418, -97.666814 30.3041, -97.666803 30.304044, -97.666797 30.303692, -97.666782 30.303616, -97.666745 30.303541, -97.666628 30.303375, -97.666496 30.303164, -97.666467 30.30309, -97.666453 30.303025, -97.666449 30.302847, -97.666425 30.302711, -97.666397 30.302627, -97.666318 30.302448, -97.666168 30.302106, -97.666046 30.30187, -97.66602 30.301835, -97.665919 30.30177, -97.665854 30.301711, -97.665789 30.301632, -97.66568 30.301429, -97.665593 30.30124, -97.665563 30.301149, -97.665534 30.301025, -97.665501 30.300773, -97.665457 30.300615, -97.665372 30.300369, -97.665348 30.300332, -97.665313 30.300304, -97.665241 30.300261, -97.665097 30.300184, -97.665039 30.30014, -97.664989 30.300086, -97.664949 30.300022, -97.66491 30.299933, -97.664737 30.299455, -97.664647 30.299247, -97.664387 30.298751, -97.664292 30.298592, -97.664209 30.298439, -97.664102 30.298279, -97.66405 30.298187, -97.663985 30.298054, -97.663952 30.297959, -97.663946 30.29793, -97.663949 30.297876, -97.663963 30.297841, -97.664026 30.297798, -97.66404 30.29778, -97.664056 30.297725, -97.664056 30.297679, -97.664043 30.297652, -97.66402 30.297627, -97.663698 30.297392, -97.663554 30.297295, -97.663483 30.297262, -97.663415 30.297244, -97.663264 30.297222, -97.663149 30.297215, -97.663106 30.297206, -97.663031 30.297168, -97.662907 30.297086, -97.662845 30.297028, -97.662821 30.296999, -97.662795 30.296947, -97.662776 30.296877, -97.66272 30.296783, -97.662659 30.296708, -97.662605 30.296655, -97.662547 30.296604, -97.662442 30.296519, -97.662394 30.296486, -97.663449 30.292505, -97.663489 30.29232, -97.663499 30.29229, -97.663527 30.292202, -97.663664 30.291697, -97.66401 30.290368, -97.664108 30.289996, -97.664243 30.289482, -97.664382 30.288956, -97.664652 30.287931, -97.664924 30.286895, -97.66526 30.28562, -97.665352 30.285633, -97.665508 30.285658, -97.665952 30.285733, -97.666799 30.285872, -97.669407 30.286311, -97.67047 30.286465, -97.671515 30.286718, -97.672506 30.286809, -97.673957 30.286683, -97.675129 30.286567, -97.676403 30.286467, -97.677311 30.286393, -97.677827 30.286321, -97.677848 30.286319, -97.678834 30.286215, -97.682628 30.285862, -97.680433 30.289263))",27.8,4137.0,89459.0,121.0,272.0,2483543.240205378,0.0016657652393674003
"POLYGON ((-97.667996 30.309545, -97.667152 30.310063, -97.666631 30.310586, -97.666377 30.310917, -97.665988 30.311577, -97.665497 30.31235, -97.66501 30.313077, -97.66404 30.314671, -97.663572 30.315283, -97.66325 30.315738, -97.663218 30.315786, -97.663067 30.316013, -97.663016 30.316097, -97.662942 30.3159, -97.662893 30.31577, -97.662722 30.315166, -97.662675 30.314998, -97.662343 30.313512, -97.662197 30.312858, -97.661999 30.311974, -97.661824 30.311233, -97.661644 30.310469, -97.661453 30.30966, -97.661324 30.309114, -97.661055 30.307837, -97.660988 30.307517, -97.660832 30.30651, -97.660709 30.305135, -97.660724 30.304052, -97.660775 30.303456, -97.660838 30.302722, -97.660845 30.302622, -97.660866 30.302508, -97.661009 30.301646, -97.661725 30.298978, -97.662387 30.296512, -97.662394 30.296486, -97.662442 30.296519, -97.662547 30.296604, -97.662605 30.296655, -97.662659 30.296708, -97.66272 30.296783, -97.662776 30.296877, -97.662795 30.296947, -97.662821 30.296999, -97.662845 30.297028, -97.662907 30.297086, -97.663031 30.297168, -97.663106 30.297206, -97.663149 30.297215, -97.663264 30.297222, -97.663415 30.297244, -97.663483 30.297262, -97.663554 30.297295, -97.663698 30.297392, -97.66402 30.297627, -97.664043 30.297652, -97.664056 30.297679, -97.664056 30.297725, -97.66404 30.29778, -97.664026 30.297798, -97.663963 30.297841, -97.663949 30.297876, -97.663946 30.29793, -97.663952 30.297959, -97.663985 30.298054, -97.66405 30.298187, -97.664102 30.298279, -97.664209 30.298439, -97.664292 30.298592, -97.664387 30.298751, -97.664647 30.299247, -97.664737 30.299455, -97.66491 30.299933, -97.664949 30.300022, -97.664989 30.300086, -97.665039 30.30014, -97.665097 30.300184, -97.665241 30.300261, -97.665313 30.300304, -97.665348 30.300332, -97.665372 30.300369, -97.665457 30.300615, -97.665501 30.300773, -97.665534 30.301025, -97.665563 30.301149, -97.665593 30.30124, -97.66568 30.301429, -97.665789 30.301632, -97.665854 30.301711, -97.665919 30.30177, -97.66602 30.301835, -97.666046 30.30187, -97.666168 30.302106, -97.666318 30.302448, -97.666397 30.302627, -97.666425 30.302711, -97.666449 30.302847, -97.666453 30.303025, -97.666467 30.30309, -97.666496 30.303164, -97.666628 30.303375, -97.666745 30.303541, -97.666782 30.303616, -97.666797 30.303692, -97.666803 30.304044, -97.666814 30.3041, -97.666849 30.30418, -97.666892 30.30424, -97.666955 30.304303, -97.667028 30.304361, -97.667107 30.304412, -97.667203 30.30446, -97.667327 30.3045, -97.667473 30.304522, -97.667575 30.304548, -97.667632 30.304571, -97.667697 30.304623, -97.667876 30.304805, -97.667893 30.304817, -97.667908 30.304836, -97.667942 30.30494, -97.66797 30.305102, -97.667973 30.305193, -97.667946 30.305338, -97.66794 30.305469, -97.667929 30.305532, -97.667886 30.305714, -97.667846 30.305861, -97.667823 30.305921, -97.66779 30.305971, -97.667677 30.30606, -97.667498 30.306149, -97.66747 30.306157, -97.667189 30.306163, -97.66705 30.306224, -97.666976 30.306268, -97.66696 30.306281, -97.666947 30.306348, -97.666946 30.306434, -97.66696 30.306485, -97.667003 30.30658, -97.667076 30.306716, -97.667171 30.306872, -97.667251 30.307025, -97.667336 30.307217, -97.667393 30.307367, -97.667427 30.307475, -97.667463 30.30759, -97.667579 30.308067, -97.667592 30.308175, -97.667529 30.308524, -97.667524 30.308584, -97.667531 30.308643, -97.667555 30.308739, -97.667577 30.308789, -97.667661 30.3089, -97.667749 30.308998, -97.667981 30.309413, -97.66804 30.309522, -97.667996 30.309545))",33.3,1269.0,32313.0,128.0,3.0,892631.383117175,0.0014216394628301114
"POLYGON ((-97.706313 30.286265, -97.706041 30.286314, -97.704852 30.286526, -97.704199 30.286653, -97.702597 30.286928, -97.702045 30.287062, -97.701815 30.287209, -97.701302 30.287537, -97.701101 30.287623, -97.700294 30.28819, -97.698568 30.289089, -97.698444 30.289029, -97.698348 30.288637, -97.698208 30.288439, -97.696694 30.28507, -97.69629 30.284171, -97.696093 30.28373, -97.695836 30.283062, -97.695634 30.282095, -97.69551 30.281367, -97.695142 30.280592, -97.694574 30.277927, -97.694546 30.277793, -97.696093 30.27755, -97.697347 30.27732, -97.698652 30.277113, -97.700329 30.276862, -97.700825 30.277592, -97.701241 30.278297, -97.701715 30.279019, -97.702117 30.279734, -97.703036 30.281153, -97.703945 30.282572, -97.704415 30.283244, -97.704859 30.283919, -97.705285 30.284582, -97.705481 30.284946, -97.705723 30.285243, -97.705794 30.285364, -97.706293 30.286215, -97.706313 30.286265))",38.4,641.0,115288.0,52.0,0.0,856610.614312872,0.0007482979889458602
"POLYGON ((-97.700329 30.276862, -97.698652 30.277113, -97.697347 30.27732, -97.696093 30.27755, -97.694546 30.277793, -97.694574 30.277927, -97.695142 30.280592, -97.69551 30.281367, -97.695634 30.282095, -97.695836 30.283062, -97.696093 30.28373, -97.695395 30.283856, -97.695191 30.283893, -97.694042 30.284101, -97.693009 30.284277, -97.691431 30.284498, -97.690608 30.284599, -97.689821 30.284729, -97.689576 30.28477, -97.688968 30.284871, -97.68775 30.285057, -97.687711 30.285063, -97.687638 30.285074, -97.68706 30.285167, -97.686457 30.285264, -97.685534 30.285397, -97.684611 30.285537, -97.682628 30.285862, -97.683286 30.284861, -97.683717 30.284176, -97.684266 30.283327, -97.684786 30.282521, -97.685331 30.281765, -97.685801 30.280878, -97.687021 30.278983, -97.688769 30.27617, -97.689073 30.275945, -97.689464 30.275487, -97.689668 30.274929, -97.690159 30.274026, -97.690424 30.273561, -97.691235 30.273607, -97.69163 30.27363, -97.691852 30.273641, -97.692564 30.273677, -97.693135 30.273714, -97.694776 30.273821, -97.696423 30.27388, -97.697907 30.273556, -97.698437 30.274661, -97.698514 30.27475, -97.698848 30.27514, -97.699062 30.275388, -97.700329 30.276862))",33.0,1566.0,124000.0,58.0,9.0,1146563.535305714,0.0013658205165075737
"POLYGON ((-97.691399 30.272027, -97.690671 30.273156, -97.690424 30.273561, -97.690159 30.274026, -97.688689 30.27333, -97.687724 30.272919, -97.686375 30.272292, -97.685573 30.271954, -97.684731 30.271584, -97.683939 30.271224, -97.681972 30.270386, -97.681216 30.269768, -97.680506 30.269316, -97.679905 30.269064, -97.679665 30.268899, -97.680445 30.267637, -97.679431 30.267134, -97.679108 30.267155, -97.679061 30.267145, -97.678979 30.267139, -97.678845 30.267142, -97.67879 30.267151, -97.678759 30.267164, -97.678725 30.267195, -97.678693 30.267262, -97.678684 30.267314, -97.678686 30.267362, -97.67871 30.267492, -97.678726 30.267543, -97.678764 30.267608, -97.678887 30.267771, -97.678884 30.267793, -97.678817 30.267914, -97.678774 30.267962, -97.678745 30.267981, -97.678722 30.267988, -97.678495 30.267941, -97.678326 30.267895, -97.6781 30.267823, -97.678032 30.267788, -97.678002 30.26775, -97.677792 30.267321, -97.677706 30.267179, -97.67751 30.266884, -97.6775 30.266864, -97.67749 30.266814, -97.67748 30.266704, -97.677487 30.266679, -97.677503 30.266661, -97.677622 30.266593, -97.677673 30.26657, -97.677756 30.26657, -97.677792 30.266552, -97.677852 30.266495, -97.677896 30.266441, -97.677978 30.266324, -97.678021 30.266238, -97.67805 30.266106, -97.678078 30.266048, -97.678158 30.265908, -97.678246 30.265723, -97.678409 30.265343, -97.678436 30.265281, -97.678451 30.265209, -97.678466 30.265091, -97.679102 30.265238, -97.679881 30.265416, -97.680232 30.265498, -97.680597 30.265569, -97.680874 30.265613, -97.681245 30.265654, -97.681525 30.265674, -97.681806 30.265682, -97.682087 30.265682, -97.682367 30.265672, -97.682647 30.26565, -97.683019 30.265608, -97.683387 30.265547, -97.68366 30.265492, -97.68393 30.265426, -97.684109 30.265377, -97.684462 30.265267, -97.684496 30.265253, -97.685643 30.264927, -97.685772 30.265187, -97.686913 30.267383, -97.687103 30.267664, -97.687826 30.268499, -97.688252 30.268774, -97.689214 30.269861, -97.689708 30.270702, -97.690132 30.271423, -97.690859 30.271818, -97.691399 30.272027))",37.0,1291.0,127639.0,21.0,0.0,598069.1336779462,0.002158613322946022
"POLYGON ((-97.697907 30.273556, -97.696423 30.27388, -97.694776 30.273821, -97.693135 30.273714, -97.692564 30.273677, -97.691852 30.273641, -97.69163 30.27363, -97.691235 30.273607, -97.690424 30.273561, -97.690671 30.273156, -97.691399 30.272027, -97.690859 30.271818, -97.690132 30.271423, -97.689708 30.270702, -97.689214 30.269861, -97.688252 30.268774, -97.687826 30.268499, -97.687103 30.267664, -97.686913 30.267383, -97.685772 30.265187, -97.685643 30.264927, -97.690344 30.263589, -97.694547 30.262393, -97.694586 30.262516, -97.695509 30.26561, -97.696047 30.267359, -97.696272 30.268101, -97.696706 30.269557, -97.697907 30.273556))",29.3,2128.0,22439.0,93.0,0.0,888062.8381400503,0.002396226830588769
"POLYGON ((-97.704987 30.250976, -97.704881 30.251109, -97.704351 30.251814, -97.704545 30.251931, -97.704272 30.251917, -97.703641 30.252991, -97.703081 30.253856, -97.701948 30.255613, -97.701673 30.256036, -97.700908 30.257222, -97.700079 30.258506, -97.699517 30.259339, -97.699108 30.260062, -97.698712 30.260665, -97.698335 30.261221, -97.698271 30.26135, -97.698218 30.261364, -97.698165 30.261379, -97.698147 30.261384, -97.698125 30.26139, -97.698113 30.26139, -97.698076 30.261389, -97.697816 30.261463, -97.694547 30.262393, -97.694534 30.262353, -97.693864 30.260094, -97.69335 30.259718, -97.691545 30.258812, -97.69098 30.258525, -97.690851 30.25846, -97.690232 30.258147, -97.688869 30.257497, -97.686627 30.256518, -97.685869 30.256195, -97.685067 30.255862, -97.681489 30.254269, -97.680976 30.254022, -97.680051 30.253603, -97.67954 30.253371, -97.679769 30.253193, -97.68014 30.252905, -97.681312 30.25203, -97.682508 30.251412, -97.683267 30.251107, -97.684199 30.250925, -97.684644 30.250843, -97.6849 30.250793, -97.685733 30.250669, -97.686292 30.250672, -97.686565 30.250648, -97.687396 30.250497, -97.687489 30.250482, -97.689453 30.250174, -97.689993 30.250031, -97.690403 30.249841, -97.690778 30.249651, -97.690838 30.249605, -97.690902 30.249556, -97.69098 30.249504, -97.691059 30.249453, -97.69122 30.249278, -97.691384 30.249065, -97.691472 30.24895, -97.69172 30.248105, -97.691586 30.247159, -97.691442 30.246213, -97.691343 30.245573, -97.691312 30.245374, -97.69128 30.245176, -97.692202 30.245275, -97.693237 30.245387, -97.693483 30.245414, -97.694444 30.245346, -97.694849 30.245317, -97.694981 30.245309, -97.695625 30.245498, -97.697357 30.246008, -97.698381 30.246309, -97.699581 30.246909, -97.699833 30.247414, -97.700036 30.247818, -97.700481 30.248709, -97.701203 30.249592, -97.701381 30.249809, -97.701878 30.250204, -97.702066 30.250226, -97.705281 30.250609, -97.704987 30.250976))",40.1,1325.0,158594.0,10.0,38.0,2263439.917686776,0.0005853921677559453
"POLYGON ((-97.832768 30.243865, -97.832665 30.244253, -97.832606 30.245056, -97.832512 30.245084, -97.83239 30.245107, -97.832238 30.245114, -97.832092 30.245108, -97.831969 30.245112, -97.831851 30.245131, -97.831717 30.245185, -97.831441 30.245234, -97.831323 30.245259, -97.831095 30.245042, -97.830997 30.244948, -97.830743 30.244742, -97.830695 30.244709, -97.830348 30.245229, -97.830132 30.24561, -97.82985 30.245874, -97.830091 30.246203, -97.830699 30.246883, -97.831168 30.24705, -97.831653 30.247275, -97.831768 30.247346, -97.831865 30.247432, -97.831946 30.24753, -97.831998 30.247611, -97.832046 30.247735, -97.832075 30.247825, -97.832088 30.247906, -97.832069 30.248134, -97.832026 30.24829, -97.831473 30.248826, -97.831186 30.249021, -97.83105 30.249316, -97.831002 30.249544, -97.830981 30.24965, -97.830436 30.249749, -97.829902 30.249939, -97.829901 30.25002, -97.829883 30.250129, -97.829864 30.250199, -97.829844 30.2503, -97.829749 30.25045, -97.829667 30.250554, -97.82953 30.250705, -97.829364 30.250897, -97.829259 30.251006, -97.828928 30.251396, -97.82882 30.251498, -97.828742 30.25156, -97.828538 30.251693, -97.828335 30.251814, -97.828174 30.251902, -97.828113 30.251951, -97.828049 30.252044, -97.828013 30.252118, -97.827948 30.252218, -97.827875 30.252331, -97.827815 30.252452, -97.827688 30.25262, -97.827663 30.252642, -97.827615 30.252645, -97.827584 30.252634, -97.827182 30.252421, -97.82618 30.251929, -97.825987 30.251842, -97.825049 30.251365, -97.824643 30.25118, -97.824522 30.251118, -97.824354 30.251032, -97.824288 30.250999, -97.82423 30.250992, -97.82416 30.250995, -97.824111 30.251009, -97.823988 30.251066, -97.823746 30.251153, -97.823562 30.251195, -97.82344 30.251211, -97.82338 30.251231, -97.823299 30.251273, -97.822903 30.251523, -97.822772 30.251631, -97.822701 30.251726, -97.822671 30.251745, -97.822248 30.25188, -97.822169 30.251915, -97.822058 30.251993, -97.822007 30.252042, -97.821838 30.252234, -97.82174 30.252324, -97.821569 30.252449, -97.821374 30.252604, -97.821275 30.25267, -97.821136 30.25277, -97.821091 30.252792, -97.820924 30.252897, -97.820844 30.252938, -97.820703 30.252992, -97.820531 30.253033, -97.820392 30.253082, -97.820279 30.253133, -97.820226 30.253164, -97.820078 30.253256, -97.819955 30.253323, -97.81978 30.253406, -97.819662 30.253449, -97.819575 30.253472, -97.8194 30.253491, -97.819264 30.253532, -97.819095 30.253601, -97.818971 30.253665, -97.818826 30.253757, -97.818609 30.253912, -97.818513 30.253997, -97.81848 30.254038, -97.818453 30.254097, -97.818437 30.254114, -97.818415 30.254129, -97.818365 30.254142, -97.818241 30.254133, -97.818074 30.254093, -97.817918 30.254036, -97.817709 30.253916, -97.817679 30.253903, -97.81738 30.253798, -97.817187 30.253725, -97.81699 30.253647, -97.816714 30.253515, -97.816787 30.253407, -97.816833 30.253373, -97.81686 30.253362, -97.816951 30.253337, -97.817074 30.253315, -97.817324 30.253285, -97.817474 30.25326, -97.8177 30.253206, -97.818016 30.25312, -97.818378 30.252997, -97.818429 30.25297, -97.818452 30.252946, -97.818474 30.252903, -97.818484 30.252849, -97.818479 30.252724, -97.818466 30.252681, -97.818396 30.252584, -97.818342 30.252532, -97.818221 30.252452, -97.818021 30.252335, -97.817968 30.252286, -97.817928 30.252236, -97.817906 30.252192, -97.817887 30.252116, -97.817885 30.25204, -97.817902 30.251983, -97.817934 30.251936, -97.818029 30.251869, -97.818067 30.25185, -97.818732 30.251639, -97.818931 30.251587, -97.819041 30.251542, -97.81917 30.251469, -97.81933 30.251352, -97.819808 30.251079, -97.819898 30.251005, -97.819971 30.250923, -97.820029 30.250832, -97.820108 30.250675, -97.820154 30.250565, -97.820279 30.250062, -97.82031 30.24992, -97.820317 30.249885, -97.820341 30.249776, -97.820403 30.249573, -97.820484 30.24941, -97.820505 30.24932, -97.820514 30.249247, -97.820532 30.248933, -97.820538 30.248849, -97.820531 30.248741, -97.820436 30.248186, -97.820445 30.248133, -97.820507 30.247989, -97.820543 30.247795, -97.820579 30.247502, -97.820546 30.246792, -97.82055 30.246728, -97.82057 30.246661, -97.820616 30.246569, -97.820647 30.246524, -97.820723 30.246434, -97.820821 30.246343, -97.820907 30.246278, -97.82101 30.24622, -97.821102 30.246182, -97.821174 30.246164, -97.821285 30.246152, -97.821378 30.246155, -97.821485 30.246173, -97.821603 30.246211, -97.821749 30.246274, -97.821872 30.246344, -97.82195 30.246399, -97.822043 30.246481, -97.822113 30.246565, -97.822142 30.246616, -97.822157 30.24664, -97.822192 30.246726, -97.822246 30.246944, -97.82228 30.247028, -97.822324 30.247102, -97.822378 30.247161, -97.822567 30.247308, -97.82274 30.247466, -97.822807 30.247512, -97.822904 30.24755, -97.823289 30.24766, -97.823661 30.247752, -97.82375 30.247765, -97.823828 30.247766, -97.823867 30.247758, -97.823927 30.247726, -97.823999 30.247664, -97.824056 30.247602, -97.824111 30.247519, -97.824143 30.247435, -97.824158 30.247339, -97.824156 30.247277, -97.824139 30.247191, -97.824104 30.247082, -97.824048 30.246957, -97.824007 30.246881, -97.82396 30.246821, -97.823867 30.246737, -97.823715 30.246635, -97.823644 30.246573, -97.823617 30.246533, -97.823506 30.24617, -97.823503 30.246146, -97.82352 30.246104, -97.823551 30.246071, -97.823589 30.246045, -97.823729 30.245986, -97.823891 30.245938, -97.82432 30.245826, -97.824305 30.245781, -97.824137 30.245297, -97.823983 30.244513, -97.82406 30.244352, -97.824395 30.243652, -97.825074 30.243267, -97.825868 30.24293, -97.826628 30.242697, -97.827099 30.242621, -97.827484 30.24256, -97.827977 30.242553, -97.828902 30.242393, -97.829679 30.242259, -97.830767 30.241918, -97.83093 30.242182, -97.831239 30.242444, -97.831602 30.242701, -97.831844 30.242885, -97.832106 30.243019, -97.832454 30.243144, -97.832844 30.243234, -97.832768 30.243865))",50.9,1077.0,180161.0,0.0,70.0,944850.6336387728,0.0011398627059732167
"POLYGON ((-97.662197 30.312858, -97.661916 30.312872, -97.661771 30.312897, -97.661522 30.312878, -97.661279 30.312837, -97.661096 30.312767, -97.660874 30.312639, -97.660688 30.312484, -97.660553 30.312302, -97.660386 30.312175, -97.660033 30.311978, -97.659137 30.31153, -97.657813 30.310961, -97.657171 30.310647, -97.655054 30.309608, -97.654235 30.309192, -97.65347 30.308793, -97.65308 30.309487, -97.651259 30.312356, -97.650449 30.311984, -97.650293 30.312225, -97.649847 30.312023, -97.649897 30.311931, -97.650206 30.311301, -97.649388 30.31085, -97.648626 30.310436, -97.648255 30.31024, -97.64765 30.30992, -97.647044 30.309601, -97.647234 30.309266, -97.647522 30.308758, -97.648604 30.306851, -97.650004 30.304386, -97.650381 30.303789, -97.650726 30.303263, -97.651469 30.302786, -97.652381 30.302326, -97.652473 30.30224, -97.653014 30.302483, -97.653064 30.302507, -97.653887 30.302908, -97.655374 30.303239, -97.657127 30.303009, -97.658228 30.302836, -97.658334 30.302817, -97.65902 30.302693, -97.659601 30.302595, -97.660108 30.302565, -97.660845 30.302622, -97.660838 30.302722, -97.660775 30.303456, -97.660724 30.304052, -97.660709 30.305135, -97.660832 30.30651, -97.660988 30.307517, -97.661055 30.307837, -97.661324 30.309114, -97.661453 30.30966, -97.661644 30.310469, -97.661824 30.311233, -97.661999 30.311974, -97.662197 30.312858))",45.1,1020.0,100625.0,0.0,7.0,1058612.696004396,0.0009635251908935771
"POLYGON ((-97.737549 30.345416, -97.736611 30.346735, -97.73578 30.348256, -97.734934 30.349504, -97.734336 30.350572, -97.733237 30.350014, -97.732345 30.349578, -97.731452 30.349161, -97.731044 30.348971, -97.730544 30.348722, -97.728041 30.347523, -97.724804 30.345934, -97.725288 30.345155, -97.72534 30.345022, -97.725375 30.344822, -97.725375 30.344632, -97.725313 30.344327, -97.725237 30.344114, -97.725118 30.343791, -97.725076 30.343613, -97.725054 30.343457, -97.725044 30.343269, -97.725049 30.343005, -97.725096 30.342844, -97.725172 30.342641, -97.725261 30.342431, -97.7254 30.342201, -97.725929 30.341377, -97.726471 30.340521, -97.728132 30.341354, -97.728208 30.34139, -97.728309 30.341437, -97.731103 30.342809, -97.7322 30.343337, -97.732878 30.343532, -97.733565 30.343623, -97.734235 30.343895, -97.734933 30.344261, -97.73567 30.344616, -97.736144 30.344809, -97.736733 30.345013, -97.737549 30.345416))",40.9,1415.0,193043.0,11.0,10.0,703484.4672747584,0.002011416123346113
"POLYGON ((-97.731348 30.331284, -97.731118 30.331675, -97.731002 30.331943, -97.730916 30.332171, -97.730868 30.332331, -97.730821 30.33254, -97.730672 30.333454, -97.730585 30.333775, -97.730506 30.334001, -97.730372 30.334309, -97.729879 30.335058, -97.729373 30.335843, -97.726046 30.334229, -97.725361 30.333905, -97.723373 30.332965, -97.722903 30.333755, -97.722397 30.334537, -97.721241 30.333999, -97.722761 30.331591, -97.723566 30.330337, -97.723709 30.330117, -97.725192 30.327804, -97.726326 30.32596, -97.726638 30.326149, -97.726779 30.326254, -97.72688 30.32638, -97.727117 30.326745, -97.727147 30.326842, -97.727262 30.327166, -97.727314 30.327393, -97.727354 30.327592, -97.727379 30.327857, -97.727417 30.32803, -97.727604 30.328526, -97.72776 30.328791, -97.727868 30.32893, -97.727962 30.329035, -97.728183 30.32924, -97.728218 30.329265, -97.728938 30.329617, -97.729499 30.32989, -97.731593 30.330871, -97.731348 30.331284))",40.9,1363.0,99252.0,0.0,23.0,504962.33091653395,0.0026992112412149265
"POLYGON ((-97.739462 30.336927, -97.739249 30.33848, -97.739173 30.338717, -97.73853 30.339843, -97.737607 30.339403, -97.734155 30.337776, -97.733982 30.337695, -97.733867 30.337641, -97.732518 30.337086, -97.732342 30.337104, -97.732205 30.337118, -97.729373 30.335843, -97.729879 30.335058, -97.730372 30.334309, -97.730506 30.334001, -97.730585 30.333775, -97.730672 30.333454, -97.730821 30.33254, -97.730868 30.332331, -97.730916 30.332171, -97.731002 30.331943, -97.731118 30.331675, -97.731348 30.331284, -97.731593 30.330871, -97.732406 30.331264, -97.734567 30.332306, -97.734649 30.332331, -97.734763 30.332401, -97.735625 30.33282, -97.736757 30.333382, -97.738495 30.334209, -97.738917 30.334419, -97.739822 30.334852, -97.739462 30.336927))",40.5,984.0,185938.0,0.0,21.0,534697.8659594698,0.0018402916163398103
"POLYGON ((-97.936178 30.305105, -97.93604 30.305167, -97.935845 30.305255, -97.935542 30.3053, -97.935372 30.305312, -97.935024 30.305312, -97.934615 30.3053, -97.9343 30.3053, -97.933982 30.305306, -97.933749 30.305333, -97.933491 30.305373, -97.933246 30.30546, -97.933049 30.305536, -97.932837 30.305634, -97.932781 30.305677, -97.932673 30.305731, -97.93195 30.30614, -97.931278 30.306592, -97.930834 30.306852, -97.930292 30.307168, -97.93007 30.307287, -97.929895 30.307382, -97.92974 30.307455, -97.929331 30.307617, -97.928595 30.307862, -97.928147 30.30799, -97.92795 30.308044, -97.927738 30.308165, -97.926019 30.308561, -97.925486 30.308567, -97.925153 30.308554, -97.924653 30.308512, -97.924075 30.308448, -97.923888 30.308423, -97.923758 30.308431, -97.923587 30.308401, -97.923087 30.308323, -97.922706 30.308286, -97.922312 30.308256, -97.922033 30.308244, -97.921773 30.308253, -97.921617 30.308265, -97.921356 30.308295, -97.921141 30.308341, -97.92089 30.308392, -97.920623 30.308459, -97.91966 30.308801, -97.918867 30.309086, -97.918509 30.309216, -97.918318 30.309298, -97.918256 30.309311, -97.918225 30.309317, -97.918069 30.309349, -97.917946 30.309404, -97.917841 30.309439, -97.917793 30.309455, -97.917653 30.309503, -97.915412 30.310371, -97.914344 30.310652, -97.914067 30.310727, -97.913721 30.310757, -97.913376 30.31076, -97.91326 30.310751, -97.91284 30.3107, -97.912452 30.310618, -97.912119 30.310515, -97.911819 30.310385, -97.911507 30.310245, -97.911253 30.310139, -97.911086 30.310079, -97.910847 30.310024, -97.910484 30.309959, -97.91034 30.309949, -97.910117 30.309936, -97.909703 30.309893, -97.90954 30.30988, -97.909316 30.309864, -97.909204 30.309854, -97.908866 30.309833, -97.908192 30.309803, -97.90727 30.309671, -97.906916 30.309561, -97.906634 30.30944, -97.906346 30.309306, -97.906068 30.309164, -97.905789 30.308967, -97.905586 30.308825, -97.904858 30.308342, -97.904716 30.308247, -97.90467 30.308206, -97.904128 30.307806, -97.90325 30.30717, -97.902823 30.306861, -97.902441 30.306604, -97.902281 30.306512, -97.901947 30.30631, -97.901324 30.306143, -97.901003 30.306086, -97.900636 30.306044, -97.90036 30.306031, -97.900188 30.306044, -97.899985 30.306056, -97.8998 30.306074, -97.899621 30.306098, -97.899425 30.30614, -97.899276 30.306177, -97.899082 30.306269, -97.898378 30.306477, -97.897673 30.306684, -97.897508 30.306733, -97.89738 30.306764, -97.896833 30.306914, -97.893744 30.307992, -97.893206 30.308103, -97.892675 30.308338, -97.892154 30.308541, -97.891872 30.30862, -97.891574 30.308687, -97.890356 30.308912, -97.890117 30.308963, -97.889769 30.309006, -97.889478 30.309081, -97.889154 30.309187, -97.888936 30.309263, -97.888684 30.309393, -97.888415 30.309566, -97.888212 30.309693, -97.886832 30.31071, -97.886508 30.310936, -97.8861 30.311173, -97.885724 30.311346, -97.885348 30.311479, -97.884929 30.311592, -97.884686 30.311659, -97.884494 30.311716, -97.884135 30.311826, -97.883807 30.311945, -97.883553 30.312055, -97.883013 30.312281, -97.882359 30.312574, -97.881929 30.3128, -97.881664 30.312961, -97.88146 30.313111, -97.881271 30.313287, -97.881039 30.313545, -97.880635 30.313988, -97.88014 30.314617, -97.879637 30.315222, -97.879431 30.31542, -97.879233 30.315609, -97.87898 30.315791, -97.878802 30.315916, -97.87859 30.316032, -97.878372 30.316131, -97.878166 30.316215, -97.877999 30.316266, -97.877929 30.31628, -97.877674 30.31636, -97.877523 30.316399, -97.877367 30.316438, -97.877214 30.31645, -97.876926 30.316472, -97.876723 30.316473, -97.876525 30.316464, -97.876322 30.316458, -97.87609 30.316436, -97.875819 30.316405, -97.875485 30.31636, -97.875132 30.31632, -97.874893 30.316325, -97.87385 30.316302, -97.873127 30.316324, -97.872725 30.316364, -97.872465 30.316413, -97.872218 30.31648, -97.87116 30.31686, -97.870493 30.3171, -97.869867 30.317324, -97.8695 30.317439, -97.869277 30.317508, -97.869095 30.317547, -97.868868 30.317576, -97.868677 30.317612, -97.868493 30.317629, -97.868247 30.317646, -97.867973 30.317668, -97.867567 30.317673, -97.867071 30.317696, -97.866527 30.317718, -97.866033 30.317752, -97.865638 30.31781, -97.865549 30.317699, -97.865472 30.317576, -97.86526 30.317352, -97.865153 30.317232, -97.865058 30.317139, -97.864974 30.317053, -97.864912 30.316981, -97.864864 30.316915, -97.864729 30.316716, -97.864577 30.316426, -97.86446 30.316102, -97.864315 30.315591, -97.864163 30.315082, -97.86409 30.314808, -97.863977 30.314436, -97.863928 30.314311, -97.863889 30.314223, -97.863843 30.314176, -97.863737 30.314125, -97.863524 30.31401, -97.863424 30.313946, -97.863334 30.31388, -97.863294 30.313836, -97.86325 30.313782, -97.863221 30.313716, -97.863206 30.31365, -97.863204 30.313584, -97.863208 30.313524, -97.863238 30.313437, -97.863368 30.313082, -97.863424 30.312926, -97.863485 30.312784, -97.863547 30.312695, -97.86363 30.312627, -97.863735 30.312573, -97.863808 30.312561, -97.864078 30.312551, -97.864171 30.312549, -97.864261 30.312534, -97.864376 30.312502, -97.864504 30.312468, -97.864579 30.312431, -97.864638 30.312377, -97.864707 30.312297, -97.865179 30.311518, -97.865485 30.311026, -97.865603 30.310813, -97.865715 30.310554, -97.865808 30.310319, -97.865857 30.310165, -97.865884 30.310047, -97.865915 30.309873, -97.86594 30.309641, -97.865947 30.309507, -97.865994 30.309364, -97.866099 30.309095, -97.866161 30.308938, -97.86619 30.308838, -97.866188 30.308711, -97.866185 30.308615, -97.866178 30.308539, -97.866148 30.308454, -97.866063 30.308275, -97.865913 30.307976, -97.865779 30.307712, -97.865696 30.307558, -97.86536 30.306863, -97.865306 30.306772, -97.865243 30.306694, -97.865162 30.306628, -97.864961 30.306432, -97.864775 30.306273, -97.86469 30.306192, -97.864606 30.306092, -97.864286 30.305619, -97.864038 30.305208, -97.863877 30.304927, -97.863684 30.304525, -97.863591 30.304283, -97.863581 30.304212, -97.863591 30.30406, -97.863615 30.303911, -97.863681 30.303723, -97.863703 30.30361, -97.863704 30.303588, -97.863708 30.303475, -97.863605 30.303142, -97.863224 30.302751, -97.862809 30.3026, -97.862518 30.302267, -97.862366 30.30172, -97.862597 30.300294, -97.862845 30.300013, -97.863104 30.299814, -97.863735 30.299615, -97.864235 30.299473, -97.86442 30.299748, -97.864445 30.299796, -97.864457 30.299853, -97.864509 30.299961, -97.864532 30.300037, -97.864539 30.30011, -97.864528 30.300401, -97.864513 30.300509, -97.864495 30.300588, -97.864387 30.300893, -97.864369 30.300963, -97.864371 30.301064, -97.864364 30.301265, -97.864345 30.30135, -97.864316 30.301411, -97.86422 30.301539, -97.86413 30.301646, -97.864117 30.301681, -97.864174 30.302105, -97.864211 30.302321, -97.86424 30.302528, -97.864301 30.302857, -97.864327 30.302959, -97.86438 30.30312, -97.86456 30.303565, -97.864597 30.303639, -97.86485 30.304086, -97.865049 30.304372, -97.865141 30.30453, -97.865412 30.304947, -97.865535 30.305155, -97.865585 30.305208, -97.865679 30.305282, -97.865902 30.305425, -97.866003 30.305505, -97.866051 30.305566, -97.866095 30.305655, -97.866144 30.305802, -97.866201 30.305933, -97.866268 30.306051, -97.866324 30.306125, -97.86639 30.306194, -97.866424 30.306223, -97.866496 30.306274, -97.866639 30.306352, -97.867102 30.306539, -97.86727 30.306599, -97.867527 30.306703, -97.867691 30.306765, -97.86778 30.306789, -97.867883 30.306797, -97.868071 30.30679, -97.86821 30.306768, -97.868323 30.306737, -97.868444 30.306693, -97.868584 30.306626, -97.868715 30.306546, -97.868871 30.306423, -97.869006 30.306341, -97.869053 30.306302, -97.869095 30.306251, -97.869127 30.306191, -97.86918 30.306038, -97.869372 30.305663, -97.869391 30.305584, -97.869397 30.30549, -97.869394 30.305396, -97.869371 30.305244, -97.86931 30.304976, -97.869273 30.304873, -97.869224 30.304762, -97.869108 30.304546, -97.869061 30.304478, -97.868728 30.304145, -97.868491 30.303785, -97.868452 30.303713, -97.868429 30.303648, -97.868417 30.303553, -97.868416 30.303409, -97.868428 30.302696, -97.868447 30.30256, -97.86846 30.302525, -97.868518 30.302422, -97.868533 30.302363, -97.868548 30.30224, -97.868547 30.302114, -97.868551 30.302057, -97.868578 30.301956, -97.868588 30.301881, -97.868582 30.301816, -97.868565 30.301776, -97.868535 30.301741, -97.868494 30.301717, -97.86841 30.301696, -97.868156 30.301649, -97.868111 30.301624, -97.868068 30.301582, -97.868033 30.301532, -97.868005 30.301459, -97.867995 30.301371, -97.867995 30.301265, -97.868011 30.301078, -97.86803 30.300985, -97.868063 30.300895, -97.868111 30.300801, -97.868194 30.300667, -97.868286 30.300553, -97.868476 30.300334, -97.868622 30.300146, -97.868763 30.299987, -97.868776 30.299962, -97.868777 30.299926, -97.868852 30.299826, -97.868925 30.299696, -97.868961 30.299614, -97.869016 30.299466, -97.869079 30.299252, -97.869117 30.299141, -97.869202 30.298944, -97.869282 30.298778, -97.869369 30.298625, -97.869463 30.298486, -97.869586 30.298336, -97.869647 30.298284, -97.869715 30.29826, -97.869776 30.298226, -97.869814 30.298197, -97.869985 30.297942, -97.870094 30.297802, -97.870194 30.297641, -97.870303 30.297508, -97.870385 30.29739, -97.870436 30.297329, -97.870499 30.297279, -97.870575 30.297237, -97.870695 30.297192, -97.870838 30.297158, -97.871218 30.297135, -97.871303 30.297134, -97.871922 30.297162, -97.872072 30.297176, -97.87225 30.297212, -97.872404 30.29726, -97.873088 30.297282, -97.873181 30.297292, -97.873269 30.297316, -97.873379 30.297364, -97.87373 30.297558, -97.873804 30.29763, -97.87391 30.297715, -97.873971 30.297756, -97.87426 30.297917, -97.874317 30.297959, -97.874341 30.29799, -97.874427 30.298168, -97.874471 30.298212, -97.874654 30.29832, -97.875031 30.298525, -97.875198 30.298603, -97.875704 30.298873, -97.875839 30.298926, -97.875952 30.298959, -97.876171 30.298988, -97.876236 30.298988, -97.87632 30.298975, -97.876567 30.298921, -97.876767 30.298868, -97.87694 30.29881, -97.877284 30.29874, -97.877418 30.298727, -97.877543 30.298704, -97.877733 30.298651, -97.877832 30.298616, -97.878251 30.298406, -97.878403 30.298314, -97.878615 30.298163, -97.878772 30.298062, -97.878937 30.297944, -97.879196 30.297729, -97.879257 30.297662, -97.879303 30.297595, -97.879495 30.297247, -97.879528 30.297166, -97.879546 30.297055, -97.879553 30.296934, -97.879567 30.296889, -97.879602 30.29683, -97.8797 30.296705, -97.879878 30.296494, -97.880048 30.296311, -97.880168 30.296201, -97.880203 30.296173, -97.88029 30.296115, -97.880396 30.296058, -97.880496 30.296017, -97.880566 30.295998, -97.880721 30.295975, -97.880824 30.295944, -97.880893 30.295916, -97.881018 30.295844, -97.881059 30.295824, -97.881181 30.295786, -97.881202 30.295774, -97.881252 30.295735, -97.881276 30.295707, -97.881299 30.29566, -97.881319 30.295288, -97.881335 30.295214, -97.881475 30.294877, -97.881494 30.294805, -97.881514 30.294604, -97.881526 30.294356, -97.881506 30.294194, -97.881526 30.293852, -97.881521 30.293777, -97.881467 30.293574, -97.881267 30.293075, -97.881178 30.292865, -97.880895 30.292306, -97.880717 30.291992, -97.880605 30.291828, -97.880484 30.291635, -97.880454 30.291576, -97.880412 30.291462, -97.880388 30.291372, -97.880363 30.291318, -97.880289 30.291223, -97.880214 30.291105, -97.88016 30.290961, -97.880131 30.290848, -97.880131 30.290818, -97.880146 30.290772, -97.880165 30.290744, -97.880406 30.290509, -97.88047 30.290439, -97.880507 30.290379, -97.880525 30.29032, -97.880546 30.290102, -97.880562 30.289754, -97.880605 30.289326, -97.880624 30.289171, -97.880621 30.28911, -97.880605 30.289046, -97.880572 30.288979, -97.880517 30.288907, -97.880422 30.288817, -97.880367 30.288759, -97.880334 30.288709, -97.880322 30.288673, -97.880321 30.288633, -97.880349 30.28853, -97.880401 30.288427, -97.880461 30.288342, -97.880522 30.28828, -97.880536 30.288267, -97.880573 30.28824, -97.880687 30.288179, -97.880807 30.288083, -97.880876 30.288014, -97.881004 30.287846, -97.881175 30.287649, -97.88131 30.287521, -97.881516 30.287259, -97.881541 30.287238, -97.8816 30.287211, -97.88164 30.287187, -97.881741 30.287062, -97.881868 30.286916, -97.881948 30.286845, -97.882059 30.286774, -97.882361 30.286613, -97.882416 30.286588, -97.88241 30.286624, -97.882664 30.286502, -97.883037 30.286481, -97.883691 30.286631, -97.883852 30.286736, -97.884213 30.286971, -97.885002 30.287803, -97.886131 30.289191, -97.886207 30.289905, -97.886802 30.291443, -97.8872 30.292457, -97.887287 30.292684, -97.887409 30.293003, -97.887556 30.293223, -97.887972 30.293861, -97.888037 30.293951, -97.88829 30.294311, -97.888307 30.294332, -97.888836 30.294877, -97.889196 30.295248, -97.890608 30.295682, -97.891638 30.295415, -97.892206 30.294868, -97.892844 30.294183, -97.893106 30.293901, -97.894567 30.292389, -97.894622 30.292331, -97.894659 30.292293, -97.895219 30.291708, -97.895399 30.291522, -97.895611 30.2913, -97.895981 30.290961, -97.896407 30.290595, -97.896539 30.290479, -97.896883 30.290254, -97.897337 30.289978, -97.897509 30.289873, -97.897969 30.289623, -97.898517 30.289495, -97.898968 30.289389, -97.899945 30.289301, -97.9007 30.28926, -97.901232 30.290142, -97.901604 30.290801, -97.901728 30.291034, -97.901856 30.291276, -97.901951 30.291456, -97.901988 30.291534, -97.902012 30.291584, -97.90214 30.291839, -97.902029 30.292225, -97.90201 30.292293, -97.901837 30.292618, -97.901766 30.292726, -97.901703 30.292785, -97.90125 30.293205, -97.901223 30.293229, -97.900901 30.293529, -97.900601 30.293826, -97.900344 30.29408, -97.899802 30.29449, -97.899599 30.294599, -97.89926 30.294723, -97.898921 30.294848, -97.898907 30.294853, -97.898898 30.29486, -97.898186 30.295394, -97.898149 30.295422, -97.897844 30.295847, -97.896977 30.296928, -97.897287 30.297913, -97.897716 30.298451, -97.89788 30.298656, -97.898727 30.299333, -97.899378 30.299856, -97.899581 30.300044, -97.899778 30.300227, -97.899822 30.300266, -97.89989 30.30032, -97.901885 30.301952, -97.902702 30.30262, -97.903017 30.302852, -97.903587 30.30319, -97.904014 30.303407, -97.9045 30.303573, -97.904673 30.303619, -97.904779 30.303647, -97.905246 30.303873, -97.905692 30.304005, -97.906151 30.304102, -97.90634 30.304182, -97.906701 30.304365, -97.90714 30.304588, -97.90713 30.304707, -97.90726 30.304809, -97.9074 30.304939, -97.907511 30.30506, -97.907559 30.305119, -97.907993 30.305758, -97.908062 30.305845, -97.908403 30.306199, -97.908468 30.306285, -97.908502 30.306337, -97.90859 30.30649, -97.908613 30.306525, -97.908664 30.306587, -97.908719 30.306635, -97.908817 30.306693, -97.909053 30.306808, -97.909273 30.306927, -97.909478 30.307025, -97.90956 30.307055, -97.909678 30.307081, -97.909809 30.307092, -97.910053 30.307093, -97.910181 30.307081, -97.91039 30.307018, -97.910448 30.30701, -97.910604 30.307003, -97.910717 30.306987, -97.910839 30.306957, -97.91103 30.30688, -97.911183 30.306836, -97.911312 30.30679, -97.911391 30.306751, -97.911449 30.306704, -97.911486 30.306679, -97.911575 30.306642, -97.911637 30.30661, -97.911689 30.306561, -97.911826 30.306391, -97.911883 30.306305, -97.911958 30.306139, -97.912 30.306075, -97.912141 30.305858, -97.912206 30.305773, -97.912336 30.305637, -97.91241 30.305553, -97.912495 30.305445, -97.912571 30.305282, -97.912621 30.305211, -97.912652 30.305177, -97.912699 30.30514, -97.912831 30.305082, -97.912943 30.305025, -97.913043 30.304999, -97.913186 30.30491, -97.913361 30.304792, -97.913569 30.304659, -97.913736 30.304581, -97.91398 30.304415, -97.914059 30.304364, -97.914274 30.304235, -97.914585 30.304032, -97.914988 30.303816, -97.91506 30.303775, -97.91516 30.303718, -97.915384 30.303573, -97.915534 30.303465, -97.915595 30.303426, -97.915684 30.303378, -97.915983 30.303244, -97.916074 30.303213, -97.916193 30.303187, -97.916261 30.303179, -97.916393 30.303182, -97.916477 30.303174, -97.916572 30.303155, -97.916732 30.303102, -97.916858 30.303048, -97.9171 30.302925, -97.917272 30.302858, -97.917396 30.302801, -97.917516 30.30273, -97.917622 30.302651, -97.917714 30.302572, -97.917859 30.302431, -97.918121 30.302175, -97.918253 30.302068, -97.918421 30.301957, -97.918505 30.301879, -97.918578 30.301787, -97.918659 30.301648, -97.918896 30.301314, -97.91897 30.301201, -97.919046 30.301045, -97.919145 30.300822, -97.91918 30.300706, -97.919189 30.300627, -97.919177 30.300448, -97.919172 30.30013, -97.919155 30.29987, -97.919128 30.299778, -97.919117 30.299726, -97.919118 30.299676, -97.919143 30.299542, -97.919187 30.299156, -97.919209 30.299075, -97.919231 30.29903, -97.919441 30.298693, -97.919562 30.298519, -97.919687 30.298328, -97.919765 30.29822, -97.919836 30.298138, -97.92 30.297981, -97.920164 30.297816, -97.920275 30.297719, -97.920406 30.297626, -97.920681 30.297447, -97.920886 30.297311, -97.921378 30.297029, -97.921482 30.296985, -97.921574 30.296945, -97.921725 30.296858, -97.921814 30.29678, -97.921884 30.296728, -97.921958 30.296687, -97.922013 30.296669, -97.92214 30.296649, -97.922265 30.296617, -97.922319 30.296597, -97.922356 30.296568, -97.922419 30.296539, -97.922511 30.296486, -97.922526 30.296462, -97.92252 30.296401, -97.922534 30.296376, -97.922584 30.296338, -97.922985 30.296105, -97.923061 30.296075, -97.923218 30.296041, -97.923282 30.296028, -97.923343 30.296023, -97.923502 30.296037, -97.923627 30.296043, -97.92371 30.296038, -97.923853 30.295999, -97.923902 30.295989, -97.924006 30.295978, -97.924068 30.295981, -97.924124 30.295994, -97.924212 30.296045, -97.924532 30.296276, -97.92458 30.296302, -97.924654 30.296326, -97.924752 30.296347, -97.924845 30.296353, -97.9249 30.296346, -97.925054 30.296304, -97.925181 30.296283, -97.92526 30.29628, -97.92532 30.296288, -97.92541 30.296319, -97.925569 30.296365, -97.925592 30.296369, -97.925687 30.296368, -97.925708 30.296366, -97.925822 30.29634, -97.926872 30.29752, -97.926905 30.297557, -97.926976 30.297637, -97.927154 30.297837, -97.929179 30.299962, -97.929464 30.300256, -97.929591 30.300386, -97.92965 30.300447, -97.930153 30.300965, -97.930397 30.301181, -97.930739 30.301483, -97.931284 30.301965, -97.931398 30.30205, -97.931497 30.302123, -97.93309 30.303311, -97.933575 30.303594, -97.936051 30.305041, -97.936178 30.305105))",43.4,2450.0,250001.0,11.0,23.0,9066799.145410135,0.0002702166399307806
"POLYGON ((-97.712407 30.347856, -97.712357 30.347936, -97.712275 30.348057, -97.712224 30.348131, -97.711732 30.348726, -97.711354 30.349183, -97.710487 30.350057, -97.709454 30.350718, -97.709153 30.35081, -97.708069 30.350282, -97.707258 30.349903, -97.707133 30.349823, -97.707074 30.349781, -97.707015 30.349706, -97.706978 30.349631, -97.706956 30.349551, -97.706919 30.349423, -97.706892 30.349359, -97.706855 30.349311, -97.706796 30.34925, -97.706703 30.349199, -97.70319 30.34755, -97.703531 30.34693, -97.703958 30.346108, -97.704938 30.344197, -97.705073 30.344024, -97.705144 30.343949, -97.706705 30.344887, -97.7074 30.345303, -97.707541 30.345387, -97.708295 30.345784, -97.708859 30.346027, -97.709203 30.346166, -97.70957 30.346314, -97.710938 30.346809, -97.71153 30.347086, -97.711875 30.347296, -97.711962 30.34737, -97.712105 30.347492, -97.712336 30.347698, -97.71235 30.347712, -97.712439 30.347805, -97.712407 30.347856))",35.3,1290.0,44945.0,64.0,0.0,339013.266061084,0.0038051608274455124
"POLYGON ((-97.923606 30.321197, -97.923595 30.321323, -97.923606 30.321594, -97.923595 30.321665, -97.92358 30.321708, -97.923557 30.321736, -97.923524 30.321759, -97.923437 30.32179, -97.923234 30.321831, -97.923132 30.321859, -97.923048 30.321897, -97.922988 30.321938, -97.922944 30.321989, -97.922933 30.322021, -97.922935 30.322077, -97.922974 30.322161, -97.922984 30.322229, -97.923026 30.322506, -97.923021 30.322602, -97.923006 30.32266, -97.92298 30.32271, -97.92294 30.322754, -97.922891 30.322786, -97.922849 30.322799, -97.922771 30.322802, -97.92271 30.322791, -97.922644 30.322765, -97.922582 30.322723, -97.92253 30.322662, -97.922459 30.322578, -97.922357 30.322446, -97.922319 30.322415, -97.922276 30.322392, -97.922234 30.32238, -97.922172 30.322375, -97.922099 30.32238, -97.922039 30.322394, -97.921983 30.322424, -97.921952 30.322447, -97.921924 30.322474, -97.921795 30.32265, -97.921663 30.322866, -97.921454 30.323086, -97.921436 30.323108, -97.921381 30.323174, -97.921351 30.323236, -97.921324 30.323356, -97.921317 30.323547, -97.921294 30.323674, -97.921261 30.323764, -97.921209 30.32385, -97.921141 30.323937, -97.921015 30.32408, -97.920944 30.324161, -97.920876 30.324253, -97.920858 30.324288, -97.920833 30.324365, -97.920821 30.324423, -97.920818 30.324475, -97.920812 30.324541, -97.920776 30.324665, -97.920726 30.324791, -97.920669 30.324914, -97.920662 30.324942, -97.920648 30.324996, -97.920645 30.325041, -97.920652 30.325077, -97.920676 30.325535, -97.920961 30.325494, -97.921768 30.325459, -97.922586 30.32549, -97.922565 30.325913, -97.92256 30.326191, -97.917887 30.326603, -97.916223 30.327269, -97.914887 30.327803, -97.914123 30.328312, -97.91138 30.330141, -97.911046 30.330364, -97.910552 30.330694, -97.910057 30.331023, -97.909187 30.331603, -97.908765 30.331983, -97.90749 30.333131, -97.904187 30.336103, -97.903284 30.3369, -97.901972 30.33806, -97.899887 30.339903, -97.899241 30.340118, -97.897769 30.340609, -97.89691 30.340895, -97.894487 30.341703, -97.890395 30.342375, -97.89038 30.342157, -97.890369 30.342066, -97.890353 30.342019, -97.890347 30.341973, -97.890341 30.341762, -97.890337 30.341622, -97.890326 30.34157, -97.890306 30.341535, -97.890161 30.341389, -97.890111 30.341325, -97.889778 30.3408, -97.889697 30.340585, -97.889644 30.340459, -97.889598 30.340381, -97.889578 30.340335, -97.889571 30.340279, -97.889578 30.340217, -97.8896 30.340147, -97.889612 30.340045, -97.889616 30.33988, -97.889612 30.339809, -97.889596 30.339758, -97.889539 30.339664, -97.889483 30.339551, -97.889441 30.339448, -97.889423 30.33937, -97.889417 30.339293, -97.889428 30.339224, -97.889441 30.339192, -97.889476 30.339132, -97.889519 30.339085, -97.889605 30.339024, -97.889698 30.338975, -97.889805 30.338933, -97.889867 30.338918, -97.889895 30.338917, -97.890135 30.338933, -97.890199 30.338931, -97.890233 30.338917, -97.890271 30.338881, -97.890345 30.338766, -97.890407 30.338624, -97.890435 30.338535, -97.890451 30.338397, -97.890458 30.338136, -97.890459 30.338058, -97.890442 30.338014, -97.890432 30.337964, -97.890434 30.337914, -97.890447 30.337884, -97.890471 30.337861, -97.89051 30.337824, -97.890595 30.337763, -97.89072 30.337656, -97.890784 30.337588, -97.890842 30.337478, -97.890904 30.337403, -97.891004 30.337298, -97.891107 30.337204, -97.891243 30.337107, -97.891512 30.33694, -97.891714 30.336837, -97.891796 30.33679, -97.891885 30.336728, -97.891926 30.336678, -97.891958 30.336609, -97.891985 30.336519, -97.891993 30.336445, -97.891981 30.336383, -97.89195 30.336334, -97.891926 30.33631, -97.89184 30.336241, -97.891801 30.336216, -97.891745 30.336192, -97.891684 30.336182, -97.89159 30.336186, -97.891439 30.336214, -97.891177 30.336275, -97.89103 30.336282, -97.890997 30.336278, -97.890949 30.336263, -97.890909 30.336238, -97.890879 30.336203, -97.890859 30.336161, -97.89085 30.336088, -97.890856 30.336013, -97.891023 30.33556, -97.891071 30.33538, -97.891091 30.335283, -97.891093 30.335215, -97.891042 30.334847, -97.891017 30.334769, -97.890987 30.334719, -97.890883 30.334637, -97.89084 30.334588, -97.89077 30.33449, -97.890727 30.334404, -97.890668 30.33423, -97.890652 30.334137, -97.890653 30.334086, -97.890676 30.333952, -97.890704 30.333651, -97.890713 30.333425, -97.890736 30.333294, -97.89084 30.332937, -97.89086 30.332798, -97.890928 30.332479, -97.890971 30.332162, -97.890976 30.332056, -97.890968 30.332035, -97.890897 30.331968, -97.890869 30.331896, -97.890855 30.331826, -97.890853 30.331749, -97.890864 30.331678, -97.89089 30.331614, -97.890954 30.331509, -97.891029 30.331365, -97.891062 30.331279, -97.891069 30.331237, -97.891066 30.331191, -97.891041 30.331115, -97.890998 30.33104, -97.890945 30.330965, -97.890831 30.330849, -97.890454 30.330503, -97.89038 30.330446, -97.890344 30.330426, -97.890251 30.330399, -97.890156 30.330383, -97.89011 30.330378, -97.890013 30.330368, -97.889957 30.330355, -97.889777 30.330283, -97.88929 30.330107, -97.889212 30.330067, -97.8891 30.329983, -97.889048 30.329925, -97.889063 30.329864, -97.889096 30.329785, -97.889135 30.329729, -97.889188 30.329678, -97.889246 30.32964, -97.889326 30.329604, -97.889436 30.329567, -97.889633 30.329523, -97.889792 30.329498, -97.889881 30.329479, -97.890019 30.329434, -97.890265 30.329344, -97.890412 30.329268, -97.890544 30.329183, -97.890689 30.329069, -97.890792 30.328965, -97.890894 30.328839, -97.890994 30.328698, -97.89105 30.328627, -97.891109 30.328572, -97.891177 30.328529, -97.891264 30.328494, -97.891403 30.328459, -97.891541 30.328274, -97.891576 30.328203, -97.89158 30.328155, -97.891534 30.32791, -97.89151 30.327814, -97.89146 30.327669, -97.891388 30.327525, -97.891194 30.327175, -97.891088 30.327008, -97.891014 30.326853, -97.890986 30.326803, -97.890862 30.326619, -97.890792 30.326514, -97.89074 30.326429, -97.890568 30.325985, -97.890524 30.325814, -97.890512 30.325712, -97.890516 30.325596, -97.890533 30.325479, -97.890563 30.325389, -97.890666 30.325181, -97.890794 30.32495, -97.890857 30.324811, -97.890984 30.324488, -97.891111 30.323985, -97.891119 30.323913, -97.891117 30.323874, -97.891098 30.32378, -97.891058 30.323671, -97.890997 30.323548, -97.890705 30.323138, -97.890665 30.32306, -97.890508 30.322625, -97.890488 30.322522, -97.890483 30.322439, -97.890499 30.322326, -97.890536 30.322205, -97.890672 30.321917, -97.890731 30.321755, -97.890802 30.321587, -97.890875 30.321436, -97.890972 30.321271, -97.891079 30.321134, -97.891144 30.321039, -97.891173 30.320976, -97.891187 30.32092, -97.891189 30.32082, -97.891177 30.320685, -97.891147 30.32054, -97.891139 30.320469, -97.891145 30.320384, -97.891168 30.320298, -97.891205 30.320217, -97.891249 30.32015, -97.891302 30.320096, -97.891434 30.319994, -97.891764 30.319794, -97.891857 30.31973, -97.892159 30.319442, -97.892196 30.319387, -97.892217 30.319312, -97.892229 30.319182, -97.892229 30.319044, -97.892196 30.318836, -97.892195 30.318734, -97.89221 30.318631, -97.892238 30.318549, -97.892278 30.318487, -97.892311 30.318456, -97.892514 30.318324, -97.892584 30.318264, -97.89261 30.318228, -97.892639 30.318161, -97.892664 30.31805, -97.892702 30.317826, -97.892748 30.317701, -97.89274 30.31751, -97.892741 30.317384, -97.892759 30.317268, -97.892803 30.317133, -97.892878 30.316848, -97.892913 30.316661, -97.892986 30.316556, -97.893198 30.316229, -97.893266 30.316121, -97.893361 30.31595, -97.893459 30.315796, -97.893727 30.315235, -97.893922 30.314907, -97.893939 30.314857, -97.89395 30.314746, -97.894049 30.314362, -97.8941 30.314165, -97.894165 30.313985, -97.894204 30.31391, -97.89428 30.313791, -97.89436 30.313693, -97.894384 30.313642, -97.894419 30.313503, -97.894447 30.313281, -97.894479 30.313151, -97.894488 30.312988, -97.894485 30.312822, -97.894474 30.312783, -97.894468 30.312763, -97.894429 30.312706, -97.894363 30.312624, -97.894284 30.312527, -97.894268 30.312488, -97.894264 30.312425, -97.894287 30.312334, -97.894299 30.312265, -97.894299 30.312221, -97.894292 30.312202, -97.894264 30.312165, -97.894205 30.312117, -97.894134 30.312074, -97.89411 30.312052, -97.894096 30.312019, -97.894094 30.311966, -97.894114 30.311907, -97.894114 30.311885, -97.894094 30.311846, -97.894051 30.311801, -97.89398 30.311745, -97.893925 30.311691, -97.893883 30.31163, -97.893848 30.311535, -97.893849 30.311502, -97.893891 30.311424, -97.893919 30.311363, -97.892846 30.31045, -97.892415 30.310101, -97.892089 30.309859, -97.893744 30.307992, -97.896833 30.306914, -97.89738 30.306764, -97.897508 30.306733, -97.897673 30.306684, -97.898378 30.306477, -97.899082 30.306269, -97.899276 30.306177, -97.899425 30.30614, -97.899621 30.306098, -97.8998 30.306074, -97.899985 30.306056, -97.900188 30.306044, -97.90036 30.306031, -97.900636 30.306044, -97.901003 30.306086, -97.901324 30.306143, -97.901947 30.30631, -97.902281 30.306512, -97.902441 30.306604, -97.902823 30.306861, -97.90325 30.30717, -97.904128 30.307806, -97.90467 30.308206, -97.904716 30.308247, -97.904858 30.308342, -97.905586 30.308825, -97.905789 30.308967, -97.906068 30.309164, -97.906346 30.309306, -97.906634 30.30944, -97.906916 30.309561, -97.90727 30.309671, -97.908192 30.309803, -97.908866 30.309833, -97.909204 30.309854, -97.909316 30.309864, -97.90954 30.30988, -97.909703 30.309893, -97.910117 30.309936, -97.91034 30.309949, -97.910484 30.309959, -97.910847 30.310024, -97.911086 30.310079, -97.911253 30.310139, -97.911507 30.310245, -97.911819 30.310385, -97.912119 30.310515, -97.912452 30.310618, -97.91284 30.3107, -97.91326 30.310751, -97.913376 30.31076, -97.913721 30.310757, -97.914067 30.310727, -97.914344 30.310652, -97.915412 30.310371, -97.917653 30.309503, -97.917793 30.309455, -97.917841 30.309439, -97.917946 30.309404, -97.918069 30.309349, -97.918091 30.309416, -97.918162 30.309533, -97.918168 30.309542, -97.918227 30.309638, -97.918275 30.309717, -97.918359 30.309866, -97.918536 30.310103, -97.918704 30.310366, -97.918788 30.310564, -97.919677 30.310251, -97.919862 30.310211, -97.919943 30.310204, -97.919981 30.310385, -97.919993 30.310479, -97.920047 30.310648, -97.920058 30.310709, -97.920075 30.310868, -97.920081 30.310978, -97.920099 30.31102, -97.920076 30.311105, -97.92007 30.311232, -97.920083 30.311387, -97.920113 30.311513, -97.920159 30.311658, -97.920257 30.312004, -97.920329 30.312363, -97.920532 30.31271, -97.920652 30.312936, -97.920735 30.313158, -97.920793 30.313361, -97.920825 30.31345, -97.920931 30.313617, -97.920984 30.313758, -97.921015 30.313887, -97.921021 30.31394, -97.921025 30.31409, -97.921038 30.314141, -97.921071 30.314217, -97.921117 30.314289, -97.921199 30.314382, -97.921275 30.31445, -97.921395 30.31454, -97.9215 30.314599, -97.921845 30.31475, -97.922301 30.314939, -97.922423 30.314999, -97.922535 30.315073, -97.922883 30.315344, -97.92294 30.315397, -97.922974 30.315445, -97.923 30.315504, -97.923036 30.315644, -97.923065 30.3159, -97.923081 30.316081, -97.923099 30.316137, -97.923145 30.316217, -97.923249 30.316338, -97.923286 30.316403, -97.923307 30.316459, -97.923329 30.316553, -97.923338 30.316648, -97.923328 30.31681, -97.923308 30.316931, -97.923273 30.317102, -97.923251 30.31733, -97.923223 30.317462, -97.922906 30.31833, -97.922851 30.318522, -97.922815 30.318605, -97.922777 30.318667, -97.92269 30.318793, -97.922587 30.318963, -97.922571 30.319024, -97.922577 30.319066, -97.922592 30.319101, -97.922709 30.319261, -97.922754 30.319338, -97.922767 30.319393, -97.922772 30.3195, -97.922764 30.319623, -97.922745 30.319752, -97.92275 30.319813, -97.922767 30.319881, -97.922817 30.320005, -97.92282 30.320044, -97.922839 30.320108, -97.922878 30.320165, -97.922959 30.320266, -97.923106 30.320479, -97.92318 30.320621, -97.923204 30.320696, -97.923211 30.320742, -97.923228 30.320775, -97.923271 30.320815, -97.923361 30.320886, -97.923463 30.320978, -97.923602 30.32115, -97.923606 30.321197))",43.6,3211.0,250001.0,57.0,48.0,8185238.459578812,0.0003922915643639328
"POLYGON ((-98.037088 30.420487, -98.037059 30.421108, -98.037036 30.421579, -98.037025 30.421831, -98.037018 30.421856, -98.036714 30.423101, -98.036628 30.423457, -98.036566 30.423708, -98.036506 30.423958, -98.036496 30.423997, -98.036466 30.424118, -98.036426 30.424248, -98.036343 30.42452, -98.036251 30.42482, -98.036132 30.425206, -98.036004 30.425625, -98.035884 30.426014, -98.03553 30.426703, -98.035322 30.427158, -98.035073 30.427702, -98.03464 30.428648, -98.033377 30.430485, -98.033295 30.430606, -98.032898 30.431032, -98.032738 30.431209, -98.032488 30.431479, -98.032307 30.431752, -98.032174 30.431895, -98.032014 30.432067, -98.031854 30.432239, -98.031608 30.432415, -98.03156 30.432468, -98.031394 30.43262, -98.031245 30.432755, -98.031056 30.432923, -98.030865 30.433092, -98.030684 30.433254, -98.030348 30.43353, -98.030167 30.433695, -98.029949 30.433895, -98.029811 30.434018, -98.029633 30.43418, -98.029456 30.434341, -98.029276 30.434497, -98.029094 30.434655, -98.028877 30.434846, -98.02874 30.435029, -98.026545 30.437074, -98.02594 30.437637, -98.020115 30.442458, -98.018148 30.444085, -98.013716 30.447589, -98.01189 30.44918, -98.010443 30.449551, -98.009424 30.449814, -98.008503 30.449391, -98.008241 30.449271, -98.008065 30.449291, -98.008148 30.44922, -98.008353 30.44905, -98.008649 30.448861, -98.008151 30.448707, -98.008108 30.448757, -98.008004 30.448829, -98.007903 30.448878, -98.007799 30.448901, -98.007634 30.44891, -98.007446 30.448898, -98.007272 30.448852, -98.007107 30.448783, -98.006841 30.448641, -98.006407 30.448359, -98.006193 30.448213, -98.006049 30.44808, -98.005968 30.447967, -98.005913 30.447828, -98.005864 30.447681, -98.005841 30.447553, -98.005835 30.447426, -98.005849 30.447334, -98.005881 30.447212, -98.00591 30.447125, -98.005945 30.447059, -98.006078 30.446854, -98.00591 30.446741, -98.005745 30.446605, -98.005574 30.446428, -98.005438 30.446249, -98.005285 30.445965, -98.005118 30.445585, -98.005841 30.445252, -98.006526 30.444836, -98.006676 30.444709, -98.006798 30.444547, -98.006902 30.444344, -98.007083 30.443549, -98.007128 30.443394, -98.007157 30.443336, -98.007226 30.443244, -98.007452 30.442977, -98.00766 30.44274, -98.00777 30.442573, -98.007851 30.44237, -98.008192 30.44116, -98.008525 30.440072, -98.008676 30.439596, -98.008765 30.439256, -98.008776 30.439181, -98.008776 30.439083, -98.008759 30.438996, -98.008727 30.438915, -98.008519 30.438613, -98.008782 30.438457, -98.008933 30.43835, -98.009031 30.438266, -98.009123 30.43815, -98.009239 30.437979, -98.009411 30.438005, -98.009518 30.438022, -98.009617 30.438048, -98.009792 30.438115, -98.010891 30.438708, -98.011728 30.439141, -98.012386 30.438561, -98.012522 30.438468, -98.012651 30.438406, -98.012775 30.438367, -98.012959 30.438337, -98.013692 30.438332, -98.013863 30.438312, -98.01403 30.438274, -98.014158 30.438215, -98.014687 30.437866, -98.014889 30.437722, -98.014962 30.437656, -98.015029 30.437582, -98.015064 30.437524, -98.015083 30.437454, -98.015095 30.437364, -98.015098 30.437232, -98.015083 30.437166, -98.015009 30.436945, -98.014962 30.436754, -98.014955 30.436669, -98.014962 30.436607, -98.015001 30.436509, -98.015137 30.436253, -98.015175 30.436181, -98.015184 30.436166, -98.015184 30.43614, -98.015169 30.436097, -98.015146 30.436034, -98.015129 30.435887, -98.015077 30.435702, -98.01506 30.435642, -98.015045 30.435584, -98.015051 30.435541, -98.015068 30.4355, -98.015086 30.435457, -98.015089 30.435408, -98.015091 30.435373, -98.015103 30.435327, -98.015126 30.435293, -98.015203 30.435268, -98.015211 30.4352, -98.015219 30.435157, -98.015238 30.435111, -98.015281 30.435045, -98.015394 30.434928, -98.015747 30.434648, -98.015895 30.434524, -98.015984 30.434427, -98.016031 30.434345, -98.016043 30.434256, -98.016027 30.434135, -98.015981 30.434034, -98.015914 30.43396, -98.015705 30.433766, -98.015394 30.43349, -98.015339 30.433428, -98.015301 30.433358, -98.015273 30.433253, -98.015262 30.432888, -98.015277 30.432787, -98.015308 30.432686, -98.015374 30.43255, -98.015668 30.4321, -98.015707 30.431983, -98.015719 30.431899, -98.015717 30.43181, -98.015699 30.431731, -98.015661 30.431662, -98.015597 30.431604, -98.015416 30.431501, -98.017012 30.429873, -98.017169 30.42974, -98.017452 30.429565, -98.018069 30.429338, -98.018602 30.42916, -98.019594 30.428867, -98.021411 30.428596, -98.022545 30.427983, -98.023665 30.427435, -98.025025 30.426764, -98.025226 30.426645, -98.025325 30.426556, -98.025417 30.426451, -98.025483 30.426359, -98.025545 30.426253, -98.025641 30.426085, -98.025697 30.425921, -98.025759 30.425669, -98.025763 30.425493, -98.025743 30.425325, -98.025649 30.424934, -98.025535 30.424545, -98.025423 30.424222, -98.025327 30.423972, -98.025245 30.423768, -98.025143 30.42355, -98.025061 30.423409, -98.024982 30.423313, -98.024883 30.423037, -98.024827 30.422865, -98.0248 30.422681, -98.024791 30.42245, -98.024792 30.422166, -98.02484 30.421518, -98.026493 30.420793, -98.026951 30.420615, -98.027103 30.420546, -98.027192 30.42049, -98.027271 30.420427, -98.02734 30.420352, -98.027376 30.420286, -98.027406 30.420203, -98.02744 30.42006, -98.027525 30.419817, -98.027544 30.419707, -98.027555 30.419616, -98.027563 30.419536, -98.027548 30.419406, -98.027806 30.419224, -98.027936 30.419041, -98.028057 30.418801, -98.028172 30.418622, -98.02829 30.418466, -98.028381 30.418291, -98.028643 30.417759, -98.028701 30.417614, -98.028955 30.41762, -98.028998 30.416251, -98.029397 30.415792, -98.029423 30.415763, -98.02949 30.415768, -98.030498 30.415846, -98.032789 30.416548, -98.032937 30.416593, -98.033103 30.416644, -98.033181 30.416668, -98.033309 30.416732, -98.033457 30.416806, -98.033702 30.416929, -98.034192 30.417175, -98.034919 30.417541, -98.035308 30.417736, -98.035651 30.417909, -98.035994 30.418081, -98.036666 30.418419, -98.036886 30.419348, -98.036997 30.41982, -98.037062 30.420105, -98.037073 30.420143, -98.037099 30.420253, -98.037088 30.420487))",55.0,1670.0,99167.0,24.0,0.0,4120340.013851009,0.00040530635685067203
"POLYGON ((-98.029397 30.415792, -98.028998 30.416251, -98.028955 30.41762, -98.028701 30.417614, -98.028643 30.417759, -98.028381 30.418291, -98.02829 30.418466, -98.028172 30.418622, -98.028057 30.418801, -98.027936 30.419041, -98.027806 30.419224, -98.027548 30.419406, -98.027563 30.419536, -98.027555 30.419616, -98.027544 30.419707, -98.027525 30.419817, -98.02744 30.42006, -98.027406 30.420203, -98.027376 30.420286, -98.02734 30.420352, -98.027271 30.420427, -98.027192 30.42049, -98.027103 30.420546, -98.026951 30.420615, -98.026493 30.420793, -98.02484 30.421518, -98.024792 30.422166, -98.024791 30.42245, -98.0248 30.422681, -98.024827 30.422865, -98.024883 30.423037, -98.024982 30.423313, -98.025061 30.423409, -98.025143 30.42355, -98.025245 30.423768, -98.025327 30.423972, -98.025423 30.424222, -98.025535 30.424545, -98.025649 30.424934, -98.025743 30.425325, -98.025763 30.425493, -98.025759 30.425669, -98.025697 30.425921, -98.025641 30.426085, -98.025545 30.426253, -98.025483 30.426359, -98.025417 30.426451, -98.025325 30.426556, -98.025226 30.426645, -98.025025 30.426764, -98.023665 30.427435, -98.022545 30.427983, -98.021411 30.428596, -98.019594 30.428867, -98.018602 30.42916, -98.018069 30.429338, -98.017452 30.429565, -98.017169 30.42974, -98.017012 30.429873, -98.015416 30.431501, -98.014581 30.432146, -98.014102 30.432464, -98.013299 30.432849, -98.011854 30.432972, -98.011348 30.433007, -98.010341 30.433058, -98.009385 30.43315, -98.0089 30.433174, -98.008322 30.433129, -98.007421 30.433042, -98.007183 30.433051, -98.007076 30.433062, -98.006929 30.433101, -98.006827 30.433143, -98.006728 30.433191, -98.006614 30.433252, -98.006457 30.433368, -98.006354 30.43348, -98.006252 30.433588, -98.006168 30.433677, -98.006075 30.433756, -98.005985 30.433815, -98.005856 30.433871, -98.005718 30.43391, -98.005548 30.433931, -98.005369 30.433946, -98.005267 30.433944, -98.005152 30.433935, -98.005068 30.433923, -98.004921 30.433892, -98.003786 30.433552, -98.002832 30.433296, -98.001883 30.433067, -98.001403 30.43305, -98.001226 30.43305, -98.000962 30.433075, -98.00081 30.433115, -98.000691 30.433158, -98.000045 30.43339, -97.999883 30.433436, -97.999706 30.433462, -97.999471 30.433462, -97.998719 30.433419, -97.995206 30.433772, -97.994394 30.433977, -97.99269 30.434736, -97.992369 30.434794, -97.992177 30.434819, -97.991932 30.434816, -97.991701 30.43479, -97.991354 30.434747, -97.991099 30.434736, -97.990755 30.434779, -97.990445 30.434826, -97.989907 30.434957, -97.987964 30.435781, -97.987618 30.435937, -97.987157 30.436144, -97.987232 30.435874, -97.987518 30.435108, -97.987634 30.434805, -97.987729 30.434594, -97.987826 30.43442, -97.987915 30.434317, -97.988006 30.434217, -97.988129 30.434097, -97.988841 30.433545, -97.988917 30.433475, -97.989161 30.433188, -97.989205 30.433076, -97.989189 30.432996, -97.988781 30.432345, -97.9887 30.432107, -97.98865 30.431908, -97.988645 30.431691, -97.988739 30.431393, -97.988952 30.431105, -97.989165 30.430911, -97.989712 30.430443, -97.989727 30.430413, -97.989743 30.430347, -97.989743 30.430281, -97.989721 30.430206, -97.989699 30.430167, -97.989662 30.430123, -97.989595 30.430072, -97.989166 30.429894, -97.988243 30.429453, -97.98797 30.429308, -97.987859 30.429174, -97.987791 30.429074, -97.987764 30.428828, -97.987819 30.428154, -97.987841 30.427884, -97.987862 30.42773, -97.988076 30.426139, -97.988056 30.425868, -97.9877 30.425348, -97.98679 30.424421, -97.986618 30.42414, -97.986476 30.423852, -97.986341 30.423549, -97.985879 30.42309, -97.985775 30.42286, -97.985778 30.4227, -97.985892 30.422218, -97.986015 30.422056, -97.98618 30.42184, -97.986197 30.421817, -97.986392 30.421449, -97.986308 30.421395, -97.986357 30.421242, -97.986149 30.421202, -97.985974 30.421208, -97.985807 30.421242, -97.985571 30.421383, -97.985907 30.420647, -97.985923 30.419991, -97.985955 30.419527, -97.985968 30.419439, -97.986013 30.419107, -97.98595 30.419094, -97.985908 30.419086, -97.986094 30.419038, -97.986261 30.418995, -97.986514 30.418895, -97.986589 30.418866, -97.986781 30.418764, -97.987614 30.418458, -97.98788 30.418339, -97.988091 30.418184, -97.988364 30.417974, -97.988514 30.417818, -97.988675 30.417571, -97.98888 30.417275, -97.989091 30.416909, -97.989483 30.416253, -97.989595 30.416027, -97.989875 30.415387, -97.989956 30.415074, -97.989884 30.414836, -97.990006 30.414836, -97.990127 30.414837, -97.993517 30.414531, -97.993746 30.414494, -97.996889 30.414224, -97.99737 30.414217, -98.003742 30.41428, -98.003969 30.414283, -98.004294 30.414286, -98.006452 30.414388, -98.008879 30.414499, -98.009175 30.414525, -98.009836 30.414561, -98.010594 30.414604, -98.011055 30.414629, -98.011052 30.414743, -98.013834 30.414782, -98.016077 30.414849, -98.016451 30.414859, -98.017968 30.414899, -98.019504 30.414941, -98.023661 30.415314, -98.02453 30.415383, -98.02641 30.415529, -98.026697 30.415551, -98.026916 30.415568, -98.027376 30.415604, -98.027529 30.415616, -98.027702 30.415629, -98.027961 30.41565, -98.028124 30.415662, -98.028288 30.415675, -98.028791 30.415714, -98.029423 30.415763, -98.029397 30.415792))",55.8,2552.0,98250.0,60.0,1.0,7231805.426204604,0.00035288560042735285
"POLYGON ((-97.750897 30.380228, -97.74982 30.380743, -97.748795 30.38124, -97.747401 30.381907, -97.745554 30.382789, -97.744595 30.383245, -97.743725 30.38188, -97.742971 30.381232, -97.74094 30.380165, -97.740436 30.379946, -97.740344 30.379932, -97.740237 30.37988, -97.739974 30.379739, -97.739846 30.379656, -97.739715 30.379579, -97.73958 30.379508, -97.739432 30.379436, -97.739255 30.379363, -97.739164 30.379325, -97.739077 30.379289, -97.73892 30.379274, -97.738764 30.379293, -97.738713 30.379312, -97.738667 30.37933, -97.738572 30.379378, -97.738485 30.37945, -97.738409 30.379622, -97.738385 30.379679, -97.738318 30.379829, -97.738272 30.379946, -97.738299 30.379988, -97.738264 30.37997, -97.738187 30.379923, -97.738007 30.379818, -97.737952 30.379786, -97.737901 30.379756, -97.737855 30.379729, -97.737737 30.37966, -97.737616 30.379582, -97.737416 30.379453, -97.736351 30.378788, -97.736293 30.378753, -97.736176 30.378682, -97.736309 30.378306, -97.736362 30.378008, -97.736383 30.377887, -97.73644 30.377701, -97.73652 30.377579, -97.737475 30.375411, -97.738341 30.373446, -97.738542 30.372991, -97.739221 30.371356, -97.739344 30.371405, -97.739397 30.37144, -97.74066 30.371818, -97.74068 30.371824, -97.740892 30.371887, -97.741128 30.371958, -97.741155 30.371966, -97.741362 30.372028, -97.741328 30.372103, -97.740963 30.373092, -97.740567 30.374148, -97.740959 30.374412, -97.741568 30.375117, -97.742371 30.375942, -97.743116 30.37665, -97.744026 30.377029, -97.745141 30.377205, -97.7465 30.377134, -97.746926 30.377241, -97.747483 30.377643, -97.748226 30.378321, -97.748926 30.378954, -97.749334 30.379281, -97.750561 30.379905, -97.750897 30.380228))",35.6,806.0,71612.0,122.0,0.0,732982.715986476,0.0010996166518268504
"POLYGON ((-97.757073 30.37191, -97.756859 30.37228, -97.756388 30.372965, -97.755804 30.373839, -97.755454 30.374355, -97.753278 30.373298, -97.752234 30.37278, -97.752079 30.372704, -97.751904 30.37265, -97.751715 30.372607, -97.751696 30.372606, -97.75148 30.372598, -97.751204 30.372627, -97.75104 30.37268, -97.750647 30.37284, -97.750311 30.372982, -97.750125 30.373053, -97.749972 30.373083, -97.7498 30.373087, -97.749628 30.373049, -97.749325 30.372936, -97.747991 30.372309, -97.747283 30.371946, -97.74697 30.371587, -97.746735 30.370634, -97.747211 30.370454, -97.747261 30.370435, -97.747603 30.370082, -97.74771 30.369408, -97.747883 30.369111, -97.748204 30.368884, -97.74883 30.368457, -97.749157 30.367968, -97.749316 30.367622, -97.749593 30.367366, -97.750058 30.367147, -97.75049 30.366892, -97.750824 30.366392, -97.751826 30.36685, -97.752302 30.367154, -97.75276 30.367493, -97.753585 30.368263, -97.753868 30.368588, -97.754422 30.369436, -97.754585 30.369666, -97.755042 30.370314, -97.755082 30.370357, -97.755329 30.370624, -97.755482 30.37077, -97.755566 30.370834, -97.755668 30.370913, -97.755856 30.371034, -97.755967 30.371094, -97.756083 30.371148, -97.756212 30.371195, -97.756491 30.371296, -97.756899 30.371452, -97.757223 30.371566, -97.757073 30.37191))",36.9,1151.0,133828.0,0.0,15.0,464797.79043301154,0.0024763456791128758
"POLYGON ((-97.763369 30.364746, -97.76268 30.365278, -97.761442 30.366061, -97.760693 30.366603, -97.759897 30.367503, -97.759401 30.368098, -97.759347 30.368156, -97.758997 30.36863, -97.758733 30.368989, -97.758421 30.369444, -97.758191 30.369789, -97.757695 30.370538, -97.757262 30.371465, -97.757223 30.371566, -97.756899 30.371452, -97.756491 30.371296, -97.756212 30.371195, -97.756083 30.371148, -97.755967 30.371094, -97.755856 30.371034, -97.755668 30.370913, -97.755566 30.370834, -97.755482 30.37077, -97.755329 30.370624, -97.755082 30.370357, -97.755042 30.370314, -97.754585 30.369666, -97.754422 30.369436, -97.753868 30.368588, -97.753585 30.368263, -97.75276 30.367493, -97.752302 30.367154, -97.751826 30.36685, -97.750824 30.366392, -97.750245 30.366021, -97.750124 30.365915, -97.750052 30.365833, -97.749976 30.365735, -97.74985 30.365556, -97.749774 30.365388, -97.74973 30.365279, -97.749695 30.365175, -97.749663 30.365071, -97.749641 30.36496, -97.749591 30.364737, -97.749567 30.364619, -97.749524 30.364408, -97.74948 30.364267, -97.749423 30.364124, -97.749359 30.363995, -97.749266 30.363837, -97.749364 30.363825, -97.749451 30.363815, -97.749808 30.363783, -97.750057 30.363756, -97.75027 30.363716, -97.75054 30.363637, -97.751066 30.363284, -97.751542 30.362568, -97.752449 30.361177, -97.75277 30.360725, -97.752956 30.360442, -97.753141 30.360158, -97.75401 30.358923, -97.75533 30.35942, -97.757005 30.360546, -97.75746 30.361028, -97.757663 30.361192, -97.761831 30.363242, -97.762173 30.363395, -97.762389 30.363501, -97.762543 30.363666, -97.762796 30.364116, -97.762875 30.364274, -97.762954 30.364385, -97.763008 30.364452, -97.763105 30.364544, -97.763221 30.364633, -97.763369 30.364746))",52.6,1225.0,174063.0,15.0,9.0,930827.3348818677,0.0013160335478926025
"POLYGON ((-97.753141 30.360158, -97.752956 30.360442, -97.75277 30.360725, -97.752449 30.361177, -97.751542 30.362568, -97.751066 30.363284, -97.75054 30.363637, -97.75027 30.363716, -97.750057 30.363756, -97.749808 30.363783, -97.749451 30.363815, -97.749364 30.363825, -97.749266 30.363837, -97.749147 30.363678, -97.749028 30.363552, -97.748892 30.36342, -97.748672 30.363228, -97.748344 30.362978, -97.748112 30.362774, -97.747758 30.36249, -97.746907 30.361834, -97.746811 30.361772, -97.7467 30.361703, -97.746375 30.361564, -97.745807 30.361396, -97.74521 30.361304, -97.74488 30.361297, -97.744859 30.3613, -97.744736 30.361297, -97.744438 30.361299, -97.743983 30.361301, -97.743419 30.361301, -97.743448 30.361195, -97.743479 30.361131, -97.743784 30.360439, -97.743816 30.360378, -97.743863 30.36031, -97.744125 30.359885, -97.744314 30.359578, -97.744926 30.358146, -97.745331 30.357338, -97.745959 30.35596, -97.746178 30.356168, -97.74641 30.356315, -97.746916 30.356699, -97.747313 30.356855, -97.747543 30.357226, -97.749321 30.357938, -97.750179 30.358343, -97.750793 30.358356, -97.752414 30.358231, -97.75401 30.358923, -97.753141 30.360158))",33.5,1651.0,72273.0,38.0,116.0,447310.759427175,0.0036909463168609364
"POLYGON ((-97.695388 30.321472, -97.695184 30.321736, -97.695049 30.321873, -97.694892 30.322126, -97.694296 30.322932, -97.694241 30.323002, -97.6942 30.323074, -97.6937 30.323906, -97.693644 30.323987, -97.693123 30.324856, -97.692377 30.326105, -97.691725 30.3271, -97.69148 30.32746, -97.691292 30.327788, -97.690459 30.329062, -97.690378 30.329186, -97.689951 30.329678, -97.68958 30.329943, -97.68926 30.330082, -97.688286 30.330466, -97.687826 30.33077, -97.687489 30.331198, -97.686917 30.331926, -97.686708 30.332192, -97.686643 30.332275, -97.686576 30.33236, -97.686526 30.332411, -97.686384 30.332617, -97.686345 30.332598, -97.686255 30.332568, -97.686199 30.332549, -97.685682 30.332376, -97.68443 30.331877, -97.684581 30.331629, -97.684619 30.331493, -97.68463 30.331454, -97.68465 30.331396, -97.684672 30.331364, -97.684728 30.331306, -97.684747 30.331272, -97.684793 30.331131, -97.684823 30.331037, -97.684856 30.331005, -97.684918 30.330957, -97.684947 30.330921, -97.684992 30.330834, -97.685003 30.330773, -97.685 30.330676, -97.68502 30.330615, -97.685056 30.330509, -97.684574 30.330268, -97.684642 30.32972, -97.684791 30.329101, -97.684751 30.329065, -97.684697 30.328996, -97.684666 30.32894, -97.684646 30.328895, -97.684621 30.3288, -97.684608 30.328668, -97.684633 30.327847, -97.684655 30.326961, -97.684664 30.326412, -97.684688 30.325966, -97.684705 30.325857, -97.684729 30.325789, -97.684801 30.325708, -97.684296 30.325281, -97.684633 30.324301, -97.684619 30.324054, -97.684613 30.323941, -97.6846 30.323707, -97.684574 30.323012, -97.68454 30.322058, -97.684294 30.32197, -97.684876 30.321856, -97.687042 30.321634, -97.687884 30.321576, -97.688725 30.321517, -97.688888 30.321507, -97.688982 30.321501, -97.689084 30.321491, -97.689207 30.32148, -97.690098 30.321397, -97.690791 30.321379, -97.693017 30.321322, -97.694155 30.32142, -97.695026 30.321454, -97.695175 30.32146, -97.69532 30.321466, -97.695388 30.321472))",28.4,1368.0,25788.0,3.0,0.0,791530.4348422714,0.0017282974094010699
"POLYGON ((-97.796826 30.349986, -97.796508 30.350523, -97.796397 30.35076, -97.796343 30.350914, -97.796286 30.351054, -97.796194 30.351213, -97.796003 30.351473, -97.795898 30.35163, -97.795676 30.352007, -97.795417 30.352432, -97.795374 30.352498, -97.795334 30.352566, -97.7935 30.355528, -97.792981 30.356328, -97.792632 30.356864, -97.791907 30.358063, -97.791549 30.358834, -97.791352 30.359289, -97.791318 30.359283, -97.791194 30.359276, -97.791056 30.359262, -97.790525 30.359251, -97.789124 30.359201, -97.788018 30.358937, -97.787766 30.358873, -97.787007 30.358574, -97.786522 30.358352, -97.786065 30.358146, -97.7858 30.358001, -97.785625 30.357886, -97.785446 30.357738, -97.78514 30.357458, -97.784881 30.357196, -97.784812 30.35713, -97.784738 30.357062, -97.784655 30.357005, -97.784581 30.356962, -97.784352 30.356819, -97.784174 30.356716, -97.78362 30.356419, -97.783494 30.356343, -97.783341 30.356229, -97.783226 30.356135, -97.783152 30.356046, -97.783032 30.355854, -97.782977 30.355739, -97.782922 30.355571, -97.782833 30.355346, -97.782698 30.355002, -97.782578 30.354664, -97.782554 30.354596, -97.78255 30.354476, -97.782543 30.354337, -97.782524 30.354187, -97.782498 30.353977, -97.782463 30.353823, -97.782413 30.353648, -97.782391 30.353519, -97.782391 30.353426, -97.782413 30.35335, -97.782454 30.353288, -97.782528 30.353184, -97.782809 30.352877, -97.783073 30.35258, -97.783266 30.352317, -97.783313 30.35227, -97.783481 30.352149, -97.78371 30.352, -97.783888 30.351922, -97.784549 30.351667, -97.784795 30.351573, -97.784887 30.35151, -97.785017 30.351379, -97.785067 30.351311, -97.785142 30.351226, -97.785185 30.351133, -97.785225 30.350999, -97.785381 30.350125, -97.785395 30.349814, -97.785492 30.348642, -97.785509 30.348388, -97.785506 30.348202, -97.7855 30.347999, -97.785486 30.347898, -97.785453 30.347754, -97.785391 30.347609, -97.785176 30.347246, -97.784916 30.346856, -97.784845 30.346744, -97.784798 30.346626, -97.784786 30.346538, -97.784786 30.346437, -97.78481 30.346315, -97.784872 30.346166, -97.784946 30.346021, -97.785067 30.345856, -97.785211 30.345646, -97.785267 30.345478, -97.785315 30.345283, -97.785356 30.345026, -97.785365 30.344879, -97.785365 30.344752, -97.785329 30.344589, -97.785241 30.344318, -97.785173 30.344138, -97.785054 30.343919, -97.784946 30.34373, -97.784845 30.343606, -97.784745 30.343512, -97.784612 30.3434, -97.784273 30.343158, -97.783653 30.342697, -97.783197 30.342329, -97.782876 30.34204, -97.782701 30.34191, -97.782563 30.341827, -97.782306 30.341692, -97.780739 30.341468, -97.780707 30.341464, -97.779819 30.341338, -97.779363 30.341278, -97.778904 30.341259, -97.777256 30.341221, -97.776947 30.341214, -97.77257 30.341274, -97.771388 30.341313, -97.770134 30.341343, -97.770079 30.341341, -97.770095 30.341032, -97.770209 30.340993, -97.77029 30.340954, -97.770377 30.340897, -97.770805 30.340496, -97.770993 30.340287, -97.771427 30.339823, -97.771534 30.339726, -97.771662 30.339635, -97.771931 30.339468, -97.771964 30.339442, -97.771998 30.339401, -97.772141 30.339102, -97.772162 30.339094, -97.772189 30.339098, -97.772247 30.339119, -97.772302 30.339166, -97.772339 30.339178, -97.772391 30.339181, -97.77242 30.339169, -97.772442 30.339167, -97.772512 30.339171, -97.772568 30.339159, -97.772633 30.339122, -97.772767 30.338996, -97.77284 30.33891, -97.772898 30.338829, -97.77306 30.338672, -97.773116 30.338643, -97.773264 30.338589, -97.773344 30.338566, -97.773488 30.338536, -97.773655 30.338496, -97.773715 30.338494, -97.77381 30.338509, -97.773891 30.338529, -97.774319 30.338667, -97.774446 30.338689, -97.774582 30.338701, -97.774652 30.3387, -97.774747 30.338687, -97.774807 30.338668, -97.774915 30.338619, -97.775036 30.338545, -97.775235 30.338405, -97.7753 30.33835, -97.775402 30.338237, -97.775447 30.338164, -97.775467 30.338104, -97.775474 30.338054, -97.775468 30.337971, -97.775456 30.337924, -97.775431 30.337871, -97.775397 30.337823, -97.775183 30.337601, -97.775157 30.337562, -97.775096 30.337395, -97.775086 30.337348, -97.775081 30.337294, -97.774977 30.336964, -97.774958 30.33681, -97.774959 30.336756, -97.774987 30.336669, -97.775076 30.336451, -97.775103 30.336394, -97.77514 30.336329, -97.775243 30.336167, -97.775436 30.335884, -97.775647 30.335648, -97.775689 30.335625, -97.775737 30.335612, -97.775794 30.335608, -97.775844 30.335614, -97.775971 30.335653, -97.776041 30.33568, -97.77614 30.335727, -97.776182 30.33576, -97.776223 30.335812, -97.776262 30.335888, -97.776392 30.336297, -97.776395 30.33634, -97.776388 30.336381, -97.776388 30.33643, -97.776387 30.336489, -97.776409 30.336569, -97.776453 30.336667, -97.776491 30.336725, -97.776568 30.336812, -97.776618 30.336855, -97.776665 30.336888, -97.776827 30.336982, -97.77696 30.33705, -97.777086 30.337099, -97.777278 30.33715, -97.777323 30.337155, -97.777459 30.337249, -97.778489 30.337145, -97.778694 30.336423, -97.778358 30.335788, -97.778127 30.335652, -97.778076 30.335628, -97.777853 30.335551, -97.777823 30.335544, -97.777219 30.335458, -97.777028 30.335355, -97.776932 30.33524, -97.776932 30.335087, -97.777156 30.334774, -97.77743 30.334499, -97.777673 30.334351, -97.778287 30.333623, -97.779138 30.332619, -97.779428 30.33248, -97.780012 30.332477, -97.780102 30.332476, -97.781039 30.332416, -97.780923 30.332248, -97.781046 30.332229, -97.781243 30.332556, -97.781899 30.333646, -97.781975 30.333772, -97.782706 30.33491, -97.783103 30.335561, -97.783885 30.3369, -97.784322 30.337648, -97.784738 30.33836, -97.785074 30.338936, -97.786231 30.340917, -97.786551 30.341369, -97.787388 30.342384, -97.78768 30.34276, -97.788302 30.343561, -97.789688 30.344826, -97.791459 30.346246, -97.791505 30.346281, -97.793587 30.347692, -97.7937 30.347768, -97.794861 30.348599, -97.796204 30.349565, -97.796573 30.349747, -97.796763 30.34982, -97.796819 30.349842, -97.796759 30.349921, -97.796738 30.349949, -97.796781 30.349969, -97.796826 30.349986))",53.5,1365.0,187865.0,115.0,6.0,2350094.976577999,0.0005808275893545344
"POLYGON ((-97.840601 30.233641, -97.840558 30.233891, -97.840481 30.234087, -97.840414 30.234201, -97.840293 30.234353, -97.839912 30.235006, -97.839805 30.235361, -97.839757 30.235682, -97.839818 30.236153, -97.839824 30.236448, -97.839831 30.236764, -97.839612 30.236755, -97.839034 30.236733, -97.838366 30.236731, -97.837769 30.236729, -97.835408 30.236733, -97.831903 30.236742, -97.830156 30.236709, -97.829283 30.236677, -97.828607 30.236664, -97.828512 30.236662, -97.827876 30.236571, -97.827723 30.236542, -97.827217 30.236446, -97.825573 30.235991, -97.825537 30.235982, -97.825298 30.235883, -97.825151 30.235823, -97.824716 30.235643, -97.824775 30.235524, -97.824827 30.235416, -97.82488 30.235344, -97.825063 30.235026, -97.825176 30.234804, -97.82537 30.234421, -97.826012 30.233293, -97.826703 30.23214, -97.827673 30.230471, -97.827885 30.230573, -97.828013 30.230623, -97.830409 30.231795, -97.830434 30.231805, -97.830541 30.231822, -97.83073 30.231833, -97.830864 30.23183, -97.831415 30.231784, -97.831813 30.231767, -97.8321 30.231773, -97.832257 30.231789, -97.832313 30.231805, -97.832458 30.231875, -97.832527 30.231892, -97.832639 30.231908, -97.832857 30.231915, -97.833024 30.231943, -97.833185 30.231963, -97.83333 30.231969, -97.833515 30.231962, -97.833769 30.231932, -97.833876 30.231931, -97.834199 30.231954, -97.834303 30.231977, -97.834356 30.232003, -97.834418 30.232049, -97.834458 30.232078, -97.834619 30.232165, -97.834691 30.232193, -97.834838 30.232222, -97.835373 30.232288, -97.83546 30.232294, -97.835952 30.232249, -97.836095 30.232229, -97.836197 30.232221, -97.836337 30.232219, -97.836498 30.232239, -97.836606 30.232248, -97.836675 30.232253, -97.836752 30.232246, -97.836828 30.232227, -97.837331 30.232063, -97.837379 30.232051, -97.837426 30.232049, -97.837455 30.23206, -97.837648 30.232254, -97.837683 30.232281, -97.837725 30.232299, -97.837788 30.232309, -97.83799 30.232306, -97.838083 30.232297, -97.838175 30.232277, -97.83829 30.232239, -97.838811 30.232024, -97.838923 30.231968, -97.838991 30.231921, -97.839143 30.231779, -97.839184 30.231729, -97.839262 30.231596, -97.839687 30.231797, -97.839815 30.231857, -97.840006 30.232074, -97.840123 30.232206, -97.84044 30.232565, -97.840598 30.232932, -97.840622 30.233342, -97.840601 30.233641))",25.0,1356.0,88486.0,0.0,35.0,751264.0781775604,0.0018049578562167204
"POLYGON ((-97.781253 30.347909, -97.781236 30.348021, -97.781213 30.348084, -97.781193 30.348141, -97.781146 30.348234, -97.781107 30.348307, -97.78105 30.348374, -97.780972 30.348471, -97.78095 30.348496, -97.780868 30.348574, -97.780764 30.348644, -97.780669 30.348704, -97.780497 30.348766, -97.780259 30.348856, -97.780135 30.348892, -97.780059 30.348909, -97.779988 30.348925, -97.779884 30.348938, -97.779766 30.348952, -97.77963 30.348957, -97.779439 30.348973, -97.77928 30.348982, -97.779061 30.348991, -97.778905 30.348998, -97.778506 30.349017, -97.778359 30.349031, -97.778262 30.349045, -97.77816 30.349068, -97.778075 30.349091, -97.777789 30.349227, -97.778047 30.349588, -97.778264 30.349915, -97.778335 30.350028, -97.778389 30.350137, -97.778409 30.350206, -97.778416 30.350282, -97.778416 30.350383, -97.778414 30.350439, -97.778398 30.35053, -97.778366 30.350632, -97.778303 30.350816, -97.778252 30.350975, -97.778216 30.351044, -97.778163 30.351114, -97.7781 30.351171, -97.778017 30.351224, -97.777916 30.351266, -97.777737 30.351316, -97.777677 30.351358, -97.777034 30.351325, -97.776721 30.351434, -97.776577 30.35144, -97.776488 30.351362, -97.776142 30.351174, -97.776045 30.351116, -97.775963 30.35104, -97.775843 30.350909, -97.775716 30.350793, -97.775589 30.350706, -97.775437 30.350616, -97.77534 30.350568, -97.775195 30.35051, -97.775114 30.35048, -97.775039 30.350455, -97.774953 30.350436, -97.774877 30.350427, -97.774753 30.350422, -97.774488 30.350409, -97.774151 30.350404, -97.774039 30.350394, -97.773903 30.35036, -97.773783 30.350321, -97.773681 30.35027, -97.773566 30.350196, -97.773387 30.350054, -97.77322 30.349895, -97.772979 30.34965, -97.772788 30.349469, -97.772603 30.349225, -97.77252 30.349144, -97.772403 30.349072, -97.77229 30.348999, -97.772237 30.348973, -97.772175 30.348957, -97.772053 30.348909, -97.772069 30.348784, -97.772069 30.348624, -97.772052 30.348474, -97.771998 30.348233, -97.771766 30.34764, -97.771749 30.34756, -97.771727 30.347485, -97.771707 30.347152, -97.77171 30.347062, -97.771867 30.346059, -97.771865 30.345838, -97.771813 30.344799, -97.771778 30.344047, -97.771724 30.343775, -97.77165 30.343587, -97.771521 30.343399, -97.771279 30.343191, -97.770878 30.342944, -97.770428 30.342676, -97.770141 30.342444, -97.769958 30.342236, -97.769795 30.341974, -97.769711 30.341746, -97.769639 30.341315, -97.770079 30.341341, -97.770134 30.341343, -97.771388 30.341313, -97.77257 30.341274, -97.776947 30.341214, -97.776966 30.341765, -97.777098 30.34214, -97.777162 30.342321, -97.777264 30.342661, -97.777301 30.342727, -97.777336 30.342782, -97.777441 30.342932, -97.777541 30.34307, -97.777578 30.34313, -97.777603 30.343174, -97.777654 30.3433, -97.777668 30.34342, -97.777658 30.343632, -97.778331 30.343929, -97.778819 30.344183, -97.778911 30.344236, -97.778985 30.344279, -97.77904 30.344324, -97.779121 30.344402, -97.779195 30.344491, -97.779264 30.344577, -97.779372 30.34474, -97.779448 30.34483, -97.779495 30.344886, -97.779637 30.344999, -97.779945 30.345238, -97.780386 30.345607, -97.780469 30.345711, -97.780515 30.345775, -97.78063 30.346015, -97.780818 30.346569, -97.78096 30.347051, -97.781193 30.347521, -97.781229 30.347614, -97.78125 30.34771, -97.781259 30.347789, -97.781253 30.347909))",62.3,887.0,122546.0,26.0,0.0,755113.477661369,0.0011746578841991952
"POLYGON ((-97.677519 30.345931, -97.677233 30.346915, -97.677163 30.347154, -97.67708 30.347432, -97.67631 30.350086, -97.676093 30.350675, -97.676055 30.350746, -97.676025 30.350802, -97.676005 30.350839, -97.675967 30.350912, -97.675202 30.352228, -97.675153 30.352302, -97.675117 30.352348, -97.675095 30.352383, -97.675033 30.352481, -97.674955 30.352604, -97.674477 30.353364, -97.67443 30.353438, -97.674376 30.353524, -97.673673 30.354602, -97.673469 30.354924, -97.67227 30.356723, -97.672237 30.356766, -97.672205 30.35682, -97.670964 30.358768, -97.670915 30.358837, -97.670869 30.358912, -97.669007 30.361766, -97.668741 30.362258, -97.668624 30.362473, -97.668518 30.362912, -97.66854 30.3633, -97.668587 30.363779, -97.668647 30.364166, -97.668716 30.364492, -97.668753 30.364788, -97.668861 30.367002, -97.668869 30.367422, -97.668839 30.367625, -97.668793 30.367825, -97.668717 30.368033, -97.668631 30.368248, -97.668615 30.368276, -97.66811 30.369144, -97.667616 30.369882, -97.667535 30.370013, -97.667422 30.370219, -97.666817 30.371182, -97.666506 30.371672, -97.6663 30.371963, -97.666246 30.372024, -97.666134 30.372155, -97.665999 30.3723, -97.665823 30.372461, -97.665668 30.37259, -97.6655 30.372705, -97.66533 30.372806, -97.66513 30.372906, -97.664999 30.372962, -97.663655 30.373614, -97.661258 30.37477, -97.661095 30.374857, -97.660999 30.374918, -97.660895 30.374992, -97.66068 30.375159, -97.660546 30.375275, -97.660185 30.375524, -97.659895 30.375829, -97.659434 30.376389, -97.659128 30.376855, -97.658791 30.377273, -97.658674 30.37718, -97.658423 30.377001, -97.65824 30.376865, -97.658114 30.376754, -97.657957 30.376616, -97.657855 30.376505, -97.6577 30.37632, -97.657616 30.376201, -97.657493 30.376009, -97.657288 30.37558, -97.656523 30.373954, -97.655939 30.372701, -97.655277 30.371318, -97.655171 30.371115, -97.655095 30.370975, -97.654961 30.37075, -97.654847 30.370593, -97.654733 30.370453, -97.654567 30.370271, -97.654443 30.370152, -97.654179 30.369949, -97.653934 30.369758, -97.652414 30.368664, -97.652291 30.368562, -97.651884 30.368263, -97.651541 30.368044, -97.6512 30.367854, -97.650852 30.367672, -97.650578 30.367545, -97.65025 30.367417, -97.650047 30.367347, -97.649698 30.367236, -97.649575 30.367197, -97.64943 30.367151, -97.649406 30.367142, -97.649362 30.367127, -97.649301 30.367106, -97.649156 30.367055, -97.649022 30.367008, -97.64888 30.366959, -97.648808 30.366933, -97.648783 30.366925, -97.648692 30.366893, -97.648637 30.366873, -97.648596 30.366859, -97.648563 30.366847, -97.64852 30.366832, -97.648475 30.366817, -97.648415 30.366796, -97.64835 30.366773, -97.648341 30.366768, -97.648316 30.366755, -97.648276 30.366734, -97.648239 30.366714, -97.648205 30.366696, -97.648195 30.366691, -97.648163 30.366674, -97.64813 30.366657, -97.648085 30.366633, -97.648031 30.366605, -97.648004 30.366591, -97.64797 30.366573, -97.647814 30.36649, -97.647849 30.366388, -97.648027 30.365863, -97.648292 30.364796, -97.648257 30.36465, -97.647117 30.359813, -97.647068 30.359606, -97.647054 30.359545, -97.646641 30.357795, -97.646587 30.357565, -97.64657 30.35749, -97.646552 30.357416, -97.646407 30.3568, -97.646162 30.355762, -97.646028 30.355194, -97.645972 30.354957, -97.6459 30.354653, -97.645681 30.353721, -97.64565 30.353554, -97.645365 30.352581, -97.645344 30.352508, -97.646074 30.352332, -97.646427 30.352243, -97.647172 30.352096, -97.647564 30.352291, -97.647641 30.352328, -97.649514 30.353235, -97.650294 30.353607, -97.65045 30.353674, -97.650596 30.353723, -97.650679 30.353743, -97.650758 30.353762, -97.65102 30.353788, -97.651195 30.35378, -97.651365 30.353766, -97.651565 30.353728, -97.651719 30.353685, -97.651905 30.353618, -97.653099 30.353084, -97.653197 30.35304, -97.653238 30.353022, -97.653554 30.352894, -97.653699 30.352816, -97.65391 30.35266, -97.654083 30.352482, -97.654234 30.352282, -97.654458 30.351896, -97.654651 30.351524, -97.654688 30.351444, -97.654791 30.351248, -97.654843 30.351153, -97.654974 30.35095, -97.655088 30.350807, -97.655288 30.350646, -97.655582 30.350506, -97.656005 30.350394, -97.656609 30.350305, -97.65739 30.350145, -97.657587 30.350072, -97.657846 30.349896, -97.657928 30.349824, -97.658014 30.349711, -97.658182 30.349468, -97.658522 30.348961, -97.659218 30.347892, -97.661824 30.343792, -97.663062 30.341908, -97.663597 30.342158, -97.664316 30.342503, -97.668549 30.344493, -97.669995 30.345209, -97.670162 30.345282, -97.670347 30.345336, -97.670586 30.345363, -97.670807 30.345336, -97.670926 30.345291, -97.67106 30.345241, -97.671213 30.345151, -97.671349 30.345015, -97.671457 30.34488, -97.671648 30.344589, -97.671782 30.344426, -97.671836 30.344379, -97.671908 30.344332, -97.672017 30.344278, -97.672105 30.344239, -97.672222 30.344205, -97.672339 30.344185, -97.67247 30.344185, -97.672612 30.34419, -97.672757 30.344214, -97.672933 30.344273, -97.674176 30.344866, -97.676006 30.3458, -97.676056 30.345825, -97.676358 30.345856, -97.676725 30.345814, -97.67685 30.3458, -97.67718 30.345776, -97.67732 30.345795, -97.677432 30.34581, -97.677485 30.345814, -97.677549 30.345818, -97.677519 30.345931))",35.5,6001.0,117738.0,110.0,130.0,6315632.880536726,0.0009501818920624171
"POLYGON ((-97.645319 30.352512, -97.644651 30.352628, -97.644583 30.352637, -97.64265 30.352884, -97.64125 30.353061, -97.641012 30.353077, -97.640786 30.353066, -97.640521 30.353034, -97.640127 30.352948, -97.639744 30.35284, -97.639496 30.352775, -97.639323 30.352743, -97.639226 30.352737, -97.639151 30.352748, -97.639053 30.35277, -97.638924 30.352828, -97.638821 30.352892, -97.637815 30.353807, -97.636544 30.354954, -97.635822 30.355604, -97.63556 30.355842, -97.63518 30.356185, -97.634039 30.357192, -97.631778 30.359193, -97.630775 30.360149, -97.62969 30.362944, -97.629266 30.362944, -97.628511 30.362909, -97.628032 30.362849, -97.62781 30.362862, -97.62737 30.362888, -97.626093 30.36348, -97.62469 30.36425, -97.624067 30.364518, -97.621277 30.364992, -97.621186 30.365006, -97.619898 30.365212, -97.619829 30.365223, -97.616746 30.365939, -97.616228 30.366214, -97.616017 30.366478, -97.615662 30.366923, -97.615371 30.367329, -97.614504 30.368683, -97.614369 30.368665, -97.6133 30.368425, -97.613134 30.368397, -97.613098 30.36839, -97.613269 30.367742, -97.613278 30.367692, -97.613369 30.367258, -97.613389 30.366802, -97.613353 30.366478, -97.613286 30.365875, -97.613281 30.36578, -97.613293 30.365695, -97.613273 30.365584, -97.613252 30.36533, -97.613226 30.365064, -97.613233 30.364808, -97.613276 30.364532, -97.613524 30.363282, -97.613589 30.362926, -97.613795 30.362018, -97.613877 30.361671, -97.613993 30.361335, -97.614121 30.361019, -97.614218 30.360839, -97.614317 30.360683, -97.61438 30.360616, -97.614458 30.360511, -97.61522 30.35931, -97.615545 30.358799, -97.616651 30.356854, -97.616811 30.35618, -97.616843 30.356078, -97.616859 30.355958, -97.616881 30.355503, -97.616766 30.354803, -97.616522 30.35415, -97.616484 30.354069, -97.615878 30.35277, -97.615805 30.352596, -97.615741 30.352508, -97.614337 30.349552, -97.614027 30.348877, -97.613956 30.348699, -97.613884 30.348462, -97.613825 30.348237, -97.613772 30.347997, -97.61375 30.347806, -97.61374 30.347597, -97.613737 30.347384, -97.613778 30.346923, -97.613781 30.346514, -97.613756 30.346196, -97.613722 30.345918, -97.613669 30.345662, -97.613602 30.345402, -97.613577 30.345299, -97.613537 30.345206, -97.61333 30.344766, -97.613273 30.344589, -97.613186 30.344374, -97.613142 30.344221, -97.613108 30.344006, -97.613073 30.343725, -97.61307 30.343481, -97.613089 30.343172, -97.613145 30.342585, -97.613197 30.342369, -97.613223 30.342111, -97.613223 30.341914, -97.613211 30.34173, -97.613167 30.341496, -97.61309 30.341266, -97.613039 30.341086, -97.612763 30.340602, -97.612418 30.34013, -97.611856 30.339619, -97.611317 30.339218, -97.609851 30.338555, -97.609536 30.338419, -97.608914 30.33796, -97.608619 30.337632, -97.608247 30.337004, -97.607697 30.335612, -97.607642 30.335443, -97.607523 30.335075, -97.607481 30.334943, -97.607431 30.334799, -97.607639 30.334745, -97.607789 30.334704, -97.608452 30.334523, -97.609017 30.334364, -97.60933 30.334277, -97.610647 30.333907, -97.614006 30.333004, -97.615686 30.332556, -97.61728 30.332128, -97.618498 30.33181, -97.61952 30.331541, -97.620541 30.331304, -97.62144 30.331146, -97.622609 30.330996, -97.623071 30.330948, -97.623218 30.330933, -97.623386 30.330921, -97.623604 30.330906, -97.623673 30.330901, -97.624492 30.330839, -97.625377 30.330772, -97.627946 30.330581, -97.629442 30.330471, -97.638081 30.329891, -97.638792 30.329848, -97.641352 30.329696, -97.641606 30.329681, -97.641931 30.329662, -97.643998 30.329539, -97.643991 30.329666, -97.643999 30.329741, -97.644004 30.32979, -97.644011 30.329851, -97.644046 30.330179, -97.644072 30.330424, -97.644081 30.330506, -97.644089 30.331098, -97.644095 30.331582, -97.64411 30.331776, -97.644117 30.331866, -97.644144 30.332496, -97.644201 30.33312, -97.644212 30.333246, -97.644261 30.333728, -97.644314 30.334242, -97.644944 30.340431, -97.644966 30.340649, -97.644974 30.340832, -97.644984 30.340818, -97.645026 30.341234, -97.645045 30.341421, -97.645206 30.343, -97.645211 30.34305, -97.645228 30.343218, -97.645181 30.3456, -97.645184 30.347673, -97.645129 30.348095, -97.645172 30.349241, -97.645183 30.349527, -97.645213 30.350326, -97.645218 30.350465, -97.64524 30.351042, -97.645247 30.351228, -97.645288 30.352318, -97.645344 30.352508, -97.645319 30.352512))",34.5,3559.0,150968.0,107.0,154.0,9938217.13854702,0.00035811252163084963
"POLYGON ((-97.869571 30.195867, -97.86929 30.196284, -97.869083 30.196626, -97.868992 30.196783, -97.86877 30.197168, -97.868223 30.198216, -97.867441 30.199805, -97.867284 30.200148, -97.867102 30.200488, -97.867043 30.20062, -97.866922 30.200873, -97.866896 30.200932, -97.866869 30.200995, -97.866834 30.201063, -97.866775 30.201052, -97.866518 30.200997, -97.866347 30.200949, -97.866241 30.20092, -97.865954 30.200835, -97.865749 30.200762, -97.865631 30.200721, -97.865492 30.200666, -97.865394 30.200629, -97.865297 30.200586, -97.864949 30.200441, -97.864556 30.200251, -97.864116 30.199991, -97.863666 30.199639, -97.862803 30.198868, -97.862714 30.198783, -97.862639 30.198723, -97.860444 30.196772, -97.86033 30.196654, -97.860276 30.196596, -97.860213 30.196514, -97.860119 30.19642, -97.85989 30.196152, -97.859732 30.195913, -97.859562 30.19559, -97.858966 30.194319, -97.858516 30.193217, -97.858491 30.193162, -97.856996 30.189872, -97.856569 30.188933, -97.856343 30.188539, -97.856195 30.18831, -97.855973 30.187974, -97.855521 30.187393, -97.85495 30.186739, -97.854887 30.186676, -97.854108 30.186027, -97.852968 30.185199, -97.85119 30.184281, -97.8499 30.183689, -97.849754 30.183613, -97.849766 30.183593, -97.849844 30.183476, -97.849859 30.183454, -97.849869 30.183439, -97.850563 30.182405, -97.85138 30.181164, -97.852466 30.179449, -97.853172 30.178346, -97.85324 30.178241, -97.853297 30.178153, -97.853441 30.177925, -97.853601 30.177663, -97.853677 30.177539, -97.853839 30.177277, -97.854987 30.175414, -97.856017 30.173795, -97.856437 30.173189, -97.857012 30.172395, -97.857373 30.17175, -97.857599 30.171361, -97.857782 30.171094, -97.857913 30.170947, -97.858056 30.170828, -97.858573 30.170502, -97.858913 30.170335, -97.859112 30.170183, -97.859296 30.169981, -97.859798 30.169121, -97.859811 30.169097, -97.859891 30.169102, -97.86027 30.169133, -97.860488 30.16916, -97.860638 30.169198, -97.860831 30.169211, -97.861505 30.169228, -97.861664 30.169215, -97.862259 30.169206, -97.86273 30.169211, -97.862862 30.169192, -97.862916 30.169192, -97.863042 30.169211, -97.86314 30.169238, -97.863183 30.16925, -97.863456 30.169281, -97.863512 30.169296, -97.863802 30.169414, -97.86388 30.169441, -97.863958 30.169475, -97.864008 30.16951, -97.864089 30.169584, -97.864253 30.169781, -97.864276 30.169818, -97.864325 30.16993, -97.864364 30.170004, -97.864378 30.170039, -97.864451 30.17035, -97.864483 30.170394, -97.864461 30.170426, -97.864434 30.170511, -97.864396 30.170583, -97.864316 30.170681, -97.864114 30.170961, -97.864043 30.171034, -97.863761 30.171248, -97.863669 30.171291, -97.863627 30.171335, -97.863482 30.171519, -97.863292 30.171802, -97.863233 30.171905, -97.863191 30.171968, -97.863136 30.172023, -97.863094 30.172049, -97.863012 30.172064, -97.862949 30.172108, -97.862908 30.172147, -97.862842 30.172235, -97.862762 30.172304, -97.862702 30.172365, -97.862584 30.172522, -97.862532 30.172607, -97.86247 30.172745, -97.862446 30.17279, -97.862307 30.172954, -97.862261 30.172999, -97.862175 30.173053, -97.862081 30.173127, -97.862041 30.173198, -97.862008 30.173229, -97.86193 30.173278, -97.861854 30.173308, -97.861639 30.173415, -97.861559 30.173468, -97.861356 30.173655, -97.861287 30.173733, -97.861199 30.173823, -97.861105 30.173869, -97.860999 30.173955, -97.860965 30.173982, -97.860932 30.174023, -97.860893 30.174124, -97.860861 30.174209, -97.860844 30.174242, -97.860666 30.174445, -97.860447 30.174677, -97.860357 30.174753, -97.860187 30.174858, -97.860047 30.174951, -97.859954 30.175037, -97.859703 30.175244, -97.859567 30.175343, -97.85952 30.175391, -97.859476 30.175457, -97.85932 30.175744, -97.859295 30.175789, -97.859273 30.175854, -97.859243 30.175924, -97.859049 30.176199, -97.859005 30.176252, -97.858927 30.176328, -97.858713 30.176511, -97.858682 30.176557, -97.858604 30.176715, -97.85846 30.176932, -97.858392 30.177011, -97.85837 30.177055, -97.858357 30.177121, -97.858361 30.177199, -97.85838 30.177313, -97.858404 30.177383, -97.858432 30.177437, -97.85847 30.177507, -97.858588 30.177667, -97.858652 30.177738, -97.858735 30.177809, -97.858861 30.177892, -97.858955 30.17796, -97.859029 30.178037, -97.859245 30.178318, -97.859316 30.178421, -97.859386 30.178524, -97.859449 30.178609, -97.8595 30.178662, -97.859536 30.178681, -97.859618 30.178699, -97.859649 30.17871, -97.85981 30.178798, -97.860127 30.179044, -97.860625 30.179405, -97.860696 30.179472, -97.860725 30.179508, -97.860779 30.179601, -97.860836 30.179679, -97.860891 30.179725, -97.861029 30.179783, -97.861089 30.179821, -97.861171 30.179884, -97.861203 30.179919, -97.861225 30.17995, -97.861266 30.180031, -97.861302 30.180072, -97.861381 30.180138, -97.861414 30.180154, -97.861478 30.180169, -97.861566 30.180167, -97.861637 30.180172, -97.86171 30.180185, -97.861766 30.180204, -97.861816 30.180233, -97.861864 30.180273, -97.86193 30.180344, -97.861998 30.180453, -97.86204 30.180489, -97.862089 30.180512, -97.862208 30.180609, -97.862345 30.180733, -97.862456 30.180812, -97.862619 30.180948, -97.862781 30.181111, -97.86288 30.181201, -97.863144 30.181558, -97.863319 30.181781, -97.863375 30.181876, -97.863435 30.182011, -97.863492 30.1821, -97.863548 30.182203, -97.863575 30.182276, -97.863596 30.182365, -97.863716 30.182724, -97.863782 30.182875, -97.863853 30.183061, -97.863883 30.183186, -97.863909 30.183324, -97.863911 30.18343, -97.86389 30.183631, -97.86387 30.183689, -97.863784 30.183838, -97.863662 30.184081, -97.863532 30.18431, -97.86337 30.184532, -97.863226 30.184738, -97.86319 30.184775, -97.86306 30.184858, -97.862955 30.184931, -97.862907 30.184987, -97.862876 30.185038, -97.862869 30.185062, -97.862869 30.185109, -97.862884 30.185164, -97.862951 30.185306, -97.86298 30.185403, -97.862974 30.185436, -97.862961 30.185457, -97.862863 30.185504, -97.862557 30.185603, -97.862487 30.18564, -97.862236 30.185846, -97.862167 30.185905, -97.86208 30.185988, -97.86197 30.186112, -97.861816 30.186272, -97.861736 30.186344, -97.861689 30.186408, -97.861548 30.186563, -97.861465 30.186672, -97.861355 30.186806, -97.861281 30.186912, -97.861221 30.187021, -97.861139 30.187201, -97.861085 30.187296, -97.861059 30.187355, -97.860965 30.187694, -97.860927 30.187778, -97.86087 30.187866, -97.860833 30.18795, -97.86078 30.18821, -97.860779 30.188264, -97.8608 30.188349, -97.860858 30.188471, -97.860911 30.188553, -97.860948 30.18858, -97.860985 30.188591, -97.861098 30.188591, -97.861169 30.188598, -97.861193 30.188609, -97.86124 30.18866, -97.861297 30.188747, -97.861359 30.188828, -97.861475 30.188955, -97.86168 30.189197, -97.86176 30.189309, -97.861817 30.189371, -97.861987 30.189588, -97.862138 30.189726, -97.862203 30.189807, -97.862321 30.189912, -97.862348 30.189949, -97.862401 30.190214, -97.862417 30.190259, -97.862493 30.190394, -97.862523 30.190425, -97.862584 30.190465, -97.862826 30.190571, -97.862869 30.190584, -97.862961 30.190602, -97.863139 30.190611, -97.863669 30.190614, -97.863833 30.190586, -97.864012 30.19058, -97.864123 30.190565, -97.864182 30.190549, -97.86449 30.190407, -97.864608 30.190343, -97.864802 30.190272, -97.864861 30.190258, -97.864914 30.190255, -97.864973 30.190268, -97.865147 30.190333, -97.865278 30.190389, -97.86531 30.190394, -97.86538 30.190386, -97.865409 30.190388, -97.865493 30.190411, -97.865561 30.190445, -97.865701 30.190548, -97.865865 30.190692, -97.866003 30.190843, -97.866043 30.1909, -97.866053 30.190927, -97.866131 30.191283, -97.866196 30.191509, -97.866247 30.191716, -97.866252 30.191801, -97.866232 30.192141, -97.866206 30.192467, -97.866195 30.192514, -97.866029 30.192853, -97.865994 30.192968, -97.865961 30.19304, -97.865886 30.193156, -97.865778 30.193299, -97.865742 30.193372, -97.865723 30.193451, -97.865715 30.19357, -97.865659 30.193974, -97.865626 30.194145, -97.865609 30.194317, -97.865608 30.194414, -97.865597 30.19447, -97.865558 30.194527, -97.865524 30.194594, -97.86552 30.194637, -97.865525 30.194664, -97.865543 30.1947, -97.865626 30.194794, -97.865837 30.194989, -97.865921 30.195057, -97.86633 30.195328, -97.866452 30.195401, -97.866552 30.19545, -97.866737 30.195517, -97.867099 30.195659, -97.867346 30.19577, -97.867511 30.195843, -97.867621 30.195886, -97.867706 30.195901, -97.868163 30.195908, -97.86837 30.195924, -97.868491 30.195965, -97.868587 30.195977, -97.868651 30.195973, -97.868812 30.195928, -97.869009 30.195903, -97.869085 30.195896, -97.869259 30.195879, -97.869488 30.195866, -97.869571 30.195867))",44.3,2324.0,171071.0,70.0,6.0,2398706.38491837,0.0009688555525644661
"POLYGON ((-97.700142 30.339341, -97.700081 30.339432, -97.699968 30.339599, -97.699449 30.340421, -97.699235 30.340763, -97.69894 30.341236, -97.697739 30.343137, -97.69719 30.344018, -97.697159 30.344068, -97.696888 30.344504, -97.696806 30.344635, -97.696274 30.345483, -97.695249 30.34709, -97.695074 30.347371, -97.694901 30.34765, -97.694896 30.347658, -97.694557 30.348203, -97.69393 30.349172, -97.693602 30.349704, -97.693384 30.3496, -97.693181 30.349503, -97.693107 30.349468, -97.693006 30.349401, -97.69297 30.349383, -97.692897 30.349352, -97.69279 30.349323, -97.692726 30.349318, -97.692611 30.34933, -97.692366 30.349348, -97.692306 30.349379, -97.692215 30.349387, -97.691365 30.349373, -97.691205 30.349387, -97.690527 30.349508, -97.690364 30.349519, -97.690175 30.349519, -97.690124 30.34951, -97.690061 30.349487, -97.689838 30.349385, -97.689744 30.349325, -97.689649 30.349251, -97.689565 30.349179, -97.689525 30.349156, -97.689362 30.349098, -97.689079 30.349018, -97.688976 30.348991, -97.688883 30.348967, -97.68876 30.348911, -97.688602 30.348823, -97.688229 30.348646, -97.687956 30.348479, -97.687882 30.348448, -97.687585 30.348362, -97.687484 30.348343, -97.687425 30.348325, -97.687385 30.348305, -97.687297 30.348238, -97.687183 30.348144, -97.687123 30.348106, -97.687031 30.348065, -97.686877 30.348011, -97.686752 30.347975, -97.686653 30.347956, -97.686562 30.347947, -97.686272 30.347936, -97.686132 30.347943, -97.685883 30.34799, -97.685826 30.348017, -97.685724 30.348092, -97.685676 30.348135, -97.685615 30.348163, -97.685572 30.348174, -97.685499 30.348185, -97.685636 30.347999, -97.685644 30.347973, -97.685622 30.347931, -97.685629 30.347824, -97.685676 30.347741, -97.685746 30.34758, -97.685809 30.347485, -97.68589 30.347389, -97.685923 30.347343, -97.685935 30.347323, -97.685963 30.347253, -97.686092 30.347088, -97.686098 30.347038, -97.686117 30.346982, -97.686127 30.346966, -97.686533 30.346323, -97.687991 30.344062, -97.688078 30.343939, -97.688196 30.343825, -97.688342 30.343738, -97.688557 30.343656, -97.688858 30.343581, -97.689101 30.343495, -97.689351 30.343343, -97.689514 30.343202, -97.689628 30.343063, -97.689715 30.342914, -97.68977 30.342773, -97.689813 30.342564, -97.689794 30.342318, -97.689756 30.342114, -97.689702 30.341924, -97.689679 30.341774, -97.68967 30.341628, -97.689698 30.341459, -97.689775 30.341267, -97.690172 30.340601, -97.687272 30.339257, -97.683322 30.337336, -97.686051 30.333107, -97.686211 30.33286, -97.686222 30.332839, -97.686384 30.332617, -97.686712 30.332777, -97.687358 30.333055, -97.688487 30.333574, -97.689387 30.333988, -97.691179 30.334831, -97.692259 30.335321, -97.692363 30.335368, -97.693271 30.335828, -97.695464 30.33687, -97.697076 30.337672, -97.699005 30.338616, -97.699395 30.338863, -97.699422 30.338879, -97.699512 30.338932, -97.699625 30.338999, -97.699958 30.339195, -97.700054 30.339251, -97.70016 30.339315, -97.700142 30.339341))",49.5,1141.0,84632.0,40.0,15.0,1553474.0553048989,0.0007344828168218471
"POLYGON ((-97.686384 30.332617, -97.686222 30.332839, -97.686211 30.33286, -97.686051 30.333107, -97.683322 30.337336, -97.68238 30.338803, -97.682296 30.338939, -97.682244 30.339019, -97.680778 30.341212, -97.680696 30.341311, -97.680647 30.341391, -97.680079 30.342101, -97.679398 30.342862, -97.679375 30.342888, -97.679353 30.342911, -97.678588 30.343793, -97.678497 30.343898, -97.678389 30.344026, -97.67834 30.343988, -97.678309 30.343964, -97.678291 30.343949, -97.678226 30.343895, -97.678062 30.343759, -97.677834 30.343452, -97.676823 30.340837, -97.676654 30.339535, -97.676469 30.338113, -97.676421 30.33775, -97.676381 30.337581, -97.676321 30.337409, -97.676248 30.337249, -97.676159 30.337093, -97.675989 30.336875, -97.675795 30.336677, -97.67563 30.336532, -97.675416 30.3364, -97.675047 30.336229, -97.674671 30.336132, -97.673486 30.335997, -97.670575 30.335675, -97.669408 30.335418, -97.669148 30.335265, -97.668954 30.335122, -97.668786 30.334969, -97.668648 30.334801, -97.668515 30.334592, -97.668393 30.334337, -97.668332 30.334112, -97.668226 30.333442, -97.668147 30.33324, -97.668058 30.332825, -97.667979 30.332503, -97.667761 30.331489, -97.667662 30.330989, -97.667578 30.330702, -97.667489 30.33046, -97.667282 30.329987, -97.66695 30.329549, -97.666797 30.32936, -97.666635 30.329192, -97.666451 30.329008, -97.666264 30.328796, -97.666158 30.328639, -97.66606 30.328399, -97.665976 30.32807, -97.665929 30.327855, -97.665877 30.327694, -97.66705 30.327471, -97.668694 30.327127, -97.668898 30.327068, -97.669557 30.32693, -97.670255 30.326745, -97.670785 30.326578, -97.671717 30.326284, -97.672779 30.325878, -97.672925 30.325827, -97.673228 30.32572, -97.673759 30.326068, -97.67392 30.326152, -97.674101 30.32628, -97.674169 30.326333, -97.675278 30.327185, -97.675958 30.327626, -97.676855 30.328153, -97.677517 30.328505, -97.678352 30.328961, -97.678892 30.329217, -97.679034 30.329303, -97.680138 30.329864, -97.680626 30.330116, -97.680757 30.330183, -97.681339 30.330475, -97.681992 30.330817, -97.683803 30.331599, -97.68443 30.331877, -97.685682 30.332376, -97.686199 30.332549, -97.686255 30.332568, -97.686345 30.332598, -97.686384 30.332617))",25.6,1285.0,59537.0,57.0,0.0,1810918.383877944,0.0007095847120665207
"POLYGON ((-97.835248 30.176599, -97.835244 30.176734, -97.835057 30.1767, -97.83484 30.176673, -97.834485 30.176662, -97.833986 30.176629, -97.833967 30.176717, -97.833958 30.176939, -97.833951 30.177193, -97.833918 30.177384, -97.833883 30.177552, -97.833865 30.177645, -97.8338 30.177804, -97.83376 30.177897, -97.833682 30.178043, -97.833575 30.178231, -97.833515 30.178613, -97.833526 30.179903, -97.832943 30.18105, -97.83285 30.181337, -97.832819 30.181737, -97.832815 30.181793, -97.832789 30.182196, -97.832668 30.182474, -97.832453 30.18285, -97.831928 30.182609, -97.831118 30.182238, -97.831324 30.181908, -97.832074 30.180754, -97.831187 30.180314, -97.828851 30.179198, -97.829113 30.178607, -97.829066 30.177979, -97.829224 30.176777, -97.82918 30.175888, -97.829353 30.175531, -97.829368 30.1755, -97.829282 30.175466, -97.828701 30.175165, -97.828185 30.174779, -97.828096 30.174713, -97.827936 30.174589, -97.827589 30.174308, -97.827157 30.17402, -97.827214 30.173942, -97.827403 30.173627, -97.827635 30.173623, -97.828431 30.173582, -97.829565 30.173371, -97.829629 30.173358, -97.830666 30.173159, -97.83185 30.173396, -97.832299 30.173534, -97.832994 30.173699, -97.834239 30.174216, -97.834863 30.175009, -97.835039 30.175705, -97.835171 30.176013, -97.835246 30.17624, -97.835247 30.176353, -97.835248 30.176581, -97.835248 30.176599))",37.3,1471.0,162651.0,26.0,0.0,411747.8476215476,0.0035725748379674582
"POLYGON ((-97.84136 30.17365, -97.841291 30.173847, -97.840749 30.17519, -97.840632 30.175578, -97.840381 30.17603, -97.839752 30.176603, -97.839274 30.177389, -97.838812 30.17812, -97.838737 30.178239, -97.838647 30.178209, -97.837414 30.177625, -97.836974 30.177417, -97.836901 30.177381, -97.836249 30.177106, -97.835983 30.177001, -97.835498 30.176809, -97.835244 30.176734, -97.835248 30.176599, -97.835248 30.176581, -97.835247 30.176353, -97.835246 30.17624, -97.835171 30.176013, -97.835039 30.175705, -97.834863 30.175009, -97.834239 30.174216, -97.832994 30.173699, -97.832299 30.173534, -97.83185 30.173396, -97.830666 30.173159, -97.829629 30.173358, -97.829565 30.173371, -97.828431 30.173582, -97.827635 30.173623, -97.827403 30.173627, -97.827214 30.173942, -97.827157 30.17402, -97.826977 30.173941, -97.826702 30.173861, -97.826387 30.173782, -97.826215 30.173758, -97.826087 30.173751, -97.825949 30.173747, -97.82579 30.173747, -97.825521 30.173751, -97.824834 30.173755, -97.823874 30.173763, -97.823801 30.173764, -97.823827 30.173705, -97.823842 30.173649, -97.823846 30.173635, -97.824223 30.172266, -97.824246 30.172183, -97.824691 30.17091, -97.824707 30.170864, -97.825563 30.169346, -97.826303 30.168033, -97.826499 30.167685, -97.826831 30.167096, -97.827079 30.166757, -97.827468 30.166223, -97.828102 30.165663, -97.828645 30.165238, -97.829479 30.164585, -97.830001 30.164138, -97.830447 30.163814, -97.83082 30.163483, -97.83116 30.163132, -97.831557 30.162624, -97.832004 30.162018, -97.832348 30.162147, -97.833018 30.162586, -97.833127 30.162657, -97.833181 30.162703, -97.833226 30.162762, -97.833268 30.162791, -97.833393 30.162845, -97.833586 30.162937, -97.833691 30.163007, -97.83379 30.16306, -97.833851 30.163079, -97.833935 30.163086, -97.834101 30.163079, -97.834218 30.163062, -97.834282 30.163059, -97.834373 30.163078, -97.83473 30.163104, -97.834848 30.163121, -97.835279 30.163232, -97.835393 30.163269, -97.835495 30.163302, -97.835632 30.163337, -97.835722 30.163342, -97.835755 30.163351, -97.835783 30.163373, -97.835815 30.163421, -97.835848 30.163492, -97.835865 30.163516, -97.835922 30.163565, -97.836003 30.163617, -97.836074 30.163651, -97.836141 30.163707, -97.836504 30.163958, -97.836587 30.163993, -97.836614 30.16401, -97.836692 30.164081, -97.836764 30.164139, -97.836927 30.164292, -97.836946 30.164305, -97.836988 30.164344, -97.837004 30.164377, -97.837001 30.164397, -97.836966 30.164431, -97.836949 30.164465, -97.836949 30.16449, -97.836979 30.164544, -97.837053 30.164625, -97.837182 30.164789, -97.837255 30.164873, -97.837469 30.165177, -97.837637 30.165487, -97.837728 30.165693, -97.837808 30.165979, -97.837848 30.166235, -97.837866 30.166299, -97.837908 30.166393, -97.837969 30.166502, -97.838054 30.166614, -97.838095 30.166651, -97.838298 30.166776, -97.838603 30.166955, -97.838735 30.167013, -97.838888 30.167093, -97.83906 30.167157, -97.839199 30.167226, -97.839276 30.167282, -97.839514 30.167402, -97.839563 30.167422, -97.839611 30.167419, -97.839679 30.167425, -97.839732 30.167438, -97.839753 30.167448, -97.839647 30.167592, -97.839456 30.16785, -97.839176 30.168182, -97.838979 30.168325, -97.839203 30.168625, -97.83935 30.169256, -97.83937 30.169392, -97.839445 30.170106, -97.838926 30.170175, -97.838662 30.170176, -97.83865 30.170423, -97.838656 30.170539, -97.838667 30.170621, -97.838734 30.1709, -97.838843 30.171081, -97.83891 30.171169, -97.83897 30.171237, -97.839268 30.1715, -97.839942 30.171999, -97.840349 30.172306, -97.840384 30.172328, -97.840493 30.172396, -97.840955 30.17266, -97.840986 30.172686, -97.841173 30.172845, -97.841299 30.173027, -97.841356 30.173209, -97.841372 30.173439, -97.84136 30.17365))",42.6,1429.0,90755.0,107.0,183.0,1611969.2359805675,0.0008864933449742504
"POLYGON ((-97.849722 30.183664, -97.849707 30.183795, -97.847697 30.186977, -97.845268 30.190798, -97.84488 30.19143, -97.843062 30.194254, -97.843036 30.194306, -97.842644 30.194925, -97.84235 30.195341, -97.842236 30.195292, -97.842211 30.195281, -97.842124 30.195243, -97.841487 30.194921, -97.840831 30.194589, -97.837564 30.192991, -97.836142 30.192262, -97.834636 30.19154, -97.83342 30.190957, -97.834 30.190181, -97.834135 30.190037, -97.834368 30.189892, -97.834646 30.189696, -97.834867 30.189438, -97.835043 30.189261, -97.835151 30.189091, -97.83539 30.188611, -97.835643 30.188094, -97.835952 30.187463, -97.836154 30.187039, -97.836901 30.185855, -97.837528 30.184863, -97.837793 30.184552, -97.838112 30.184258, -97.838703 30.183645, -97.838796 30.183518, -97.838929 30.183334, -97.839144 30.183012, -97.839167 30.182978, -97.839256 30.182832, -97.839302 30.182758, -97.839454 30.182469, -97.839656 30.182017, -97.839762 30.181737, -97.839787 30.18167, -97.84047 30.180105, -97.841002 30.179298, -97.841834 30.179701, -97.84193 30.179759, -97.842952 30.18025, -97.844253 30.180896, -97.845041 30.181288, -97.845416 30.181474, -97.845529 30.181518, -97.845624 30.181579, -97.848377 30.182949, -97.848733 30.18312, -97.849572 30.183524, -97.849754 30.183613, -97.849722 30.183664))",38.7,2124.0,124338.0,44.0,0.0,1423208.0300904096,0.0014924030465631032
"POLYGON ((-97.842301 30.195417, -97.840242 30.198601, -97.840196 30.198675, -97.840159 30.198732, -97.839648 30.199552, -97.83887 30.200806, -97.838832 30.200862, -97.838805 30.200911, -97.83859 30.201241, -97.838559 30.20129, -97.838525 30.201343, -97.838147 30.201956, -97.838101 30.202009, -97.837706 30.202658, -97.837442 30.203126, -97.837198 30.203444, -97.83717 30.203499, -97.836791 30.204079, -97.836735 30.204175, -97.836229 30.205026, -97.835915 30.205561, -97.835705 30.20592, -97.835667 30.205902, -97.83559 30.205863, -97.83395 30.205021, -97.832299 30.204214, -97.83175 30.203953, -97.831498 30.204404, -97.831032 30.205044, -97.830644 30.204865, -97.830142 30.204633, -97.830678 30.203838, -97.831171 30.203056, -97.831597 30.202335, -97.831827 30.201944, -97.832078 30.201682, -97.832339 30.20145, -97.832793 30.200706, -97.832447 30.20052, -97.831607 30.200154, -97.830885 30.199761, -97.830479 30.200363, -97.829324 30.199843, -97.830325 30.198421, -97.830897 30.197467, -97.831272 30.196905, -97.831342 30.196802, -97.832258 30.19536, -97.831953 30.195208, -97.831602 30.195033, -97.830948 30.194709, -97.831015 30.194573, -97.831254 30.194036, -97.831288 30.193934, -97.831377 30.19367, -97.831525 30.193099, -97.831545 30.193051, -97.831632 30.192839, -97.831825 30.192562, -97.832089 30.192237, -97.832299 30.192038, -97.832638 30.191786, -97.832912 30.1916, -97.833039 30.191478, -97.833182 30.191315, -97.83342 30.190957, -97.834636 30.19154, -97.836142 30.192262, -97.837564 30.192991, -97.840831 30.194589, -97.841487 30.194921, -97.842124 30.195243, -97.842211 30.195281, -97.842236 30.195292, -97.84235 30.195341, -97.842301 30.195417))",39.6,1993.0,109048.0,0.0,0.0,1117873.0255756045,0.0017828500683016153
"POLYGON ((-97.754888 30.237206, -97.753519 30.23876, -97.751493 30.237514, -97.750426 30.237064, -97.750095 30.236991, -97.748804 30.236704, -97.747954 30.236587, -97.74793 30.236584, -97.747199 30.236418, -97.746801 30.236262, -97.746494 30.236137, -97.746222 30.236019, -97.745807 30.235779, -97.743685 30.23468, -97.743196 30.234338, -97.742558 30.234066, -97.741797 30.233894, -97.741652 30.23385, -97.741273 30.233771, -97.741898 30.232689, -97.742295 30.232037, -97.742623 30.231499, -97.744434 30.228417, -97.744814 30.227772, -97.745065 30.227899, -97.746141 30.228415, -97.746445 30.228636, -97.747031 30.229643, -97.747454 30.229839, -97.747633 30.229919, -97.749758 30.230873, -97.751085 30.231469, -97.751888 30.231884, -97.752833 30.232324, -97.753734 30.232746, -97.754291 30.232994, -97.754591 30.233124, -97.752454 30.235749, -97.752923 30.23603, -97.753911 30.236621, -97.754888 30.237206))",37.0,1374.0,130658.0,40.0,0.0,752182.8327391219,0.0018266835404850855
"POLYGON ((-97.763898 30.222942, -97.763838 30.223034, -97.763794 30.223102, -97.763598 30.223409, -97.763127 30.224274, -97.762505 30.225381, -97.762265 30.225913, -97.761789 30.226856, -97.761626 30.227179, -97.761191 30.228058, -97.760208 30.22965, -97.758679 30.228888, -97.757507 30.228348, -97.756358 30.227818, -97.754584 30.226988, -97.754088 30.226752, -97.754069 30.226743, -97.753121 30.226287, -97.751197 30.22539, -97.751267 30.225349, -97.751305 30.22533, -97.751334 30.225325, -97.751387 30.225337, -97.751435 30.225338, -97.751484 30.225332, -97.751721 30.225156, -97.75178 30.225101, -97.7518 30.225073, -97.751825 30.225019, -97.75186 30.224966, -97.75189 30.224947, -97.751915 30.224941, -97.752177 30.224975, -97.752205 30.224971, -97.752237 30.224987, -97.752282 30.225025, -97.752472 30.225112, -97.75251 30.225122, -97.752537 30.225118, -97.752686 30.22506, -97.752771 30.225036, -97.753115 30.224983, -97.753343 30.224961, -97.753423 30.224988, -97.75355 30.224956, -97.753808 30.224945, -97.75395 30.22494, -97.753999 30.224934, -97.754086 30.224903, -97.754246 30.224857, -97.754275 30.224828, -97.754396 30.224756, -97.754547 30.224681, -97.754862 30.224493, -97.75498 30.224411, -97.755365 30.224197, -97.755402 30.224182, -97.755442 30.224177, -97.755702 30.2243, -97.755761 30.224349, -97.755813 30.224373, -97.755882 30.22439, -97.755921 30.224387, -97.755978 30.224364, -97.756129 30.224279, -97.756191 30.224231, -97.756216 30.224192, -97.756253 30.224002, -97.756323 30.223958, -97.756178 30.223873, -97.756382 30.223529, -97.756598 30.223167, -97.758314 30.220509, -97.758477 30.220287, -97.758526 30.220207, -97.758687 30.220032, -97.759141 30.220253, -97.760427 30.220878, -97.761567 30.221457, -97.761667 30.221508, -97.76251 30.221941, -97.762582 30.221978, -97.763688 30.222676, -97.763955 30.222844, -97.763898 30.222942))",27.1,1962.0,108224.0,148.0,18.0,589565.7286661007,0.0033278732202413597
"POLYGON ((-97.616859 30.355958, -97.616843 30.356078, -97.616811 30.35618, -97.616651 30.356854, -97.615545 30.358799, -97.61522 30.35931, -97.614458 30.360511, -97.61438 30.360616, -97.614317 30.360683, -97.614218 30.360839, -97.614121 30.361019, -97.613993 30.361335, -97.613877 30.361671, -97.613795 30.362018, -97.613589 30.362926, -97.613524 30.363282, -97.613276 30.364532, -97.613233 30.364808, -97.613226 30.365064, -97.613252 30.36533, -97.613273 30.365584, -97.613293 30.365695, -97.613281 30.36578, -97.613286 30.365875, -97.613353 30.366478, -97.613389 30.366802, -97.613369 30.367258, -97.613278 30.367692, -97.613269 30.367742, -97.613098 30.36839, -97.613035 30.368595, -97.613013 30.368638, -97.612832 30.369338, -97.612803 30.369453, -97.612209 30.371558, -97.61205 30.372122, -97.611867 30.372499, -97.61144 30.373151, -97.610015 30.375349, -97.609252 30.376607, -97.609292 30.376666, -97.608485 30.378006, -97.608402 30.378144, -97.608017 30.378726, -97.607492 30.379546, -97.607196 30.379974, -97.607013 30.380234, -97.606805 30.380564, -97.606391 30.381044, -97.606147 30.381326, -97.605952 30.381494, -97.605636 30.381739, -97.605397 30.381902, -97.605084 30.38207, -97.604768 30.38221, -97.604389 30.382375, -97.604024 30.382528, -97.60367 30.382704, -97.603092 30.382959, -97.602858 30.383071, -97.602631 30.383201, -97.60243 30.383341, -97.602109 30.383614, -97.601953 30.38375, -97.601763 30.383957, -97.601594 30.384193, -97.601361 30.384569, -97.601171 30.384928, -97.59994 30.38714, -97.595868 30.393596, -97.59465 30.395454, -97.594294 30.395991, -97.594075 30.396231, -97.593761 30.396471, -97.593501 30.396573, -97.593313 30.396621, -97.593137 30.396661, -97.592995 30.396681, -97.592809 30.396682, -97.592643 30.396673, -97.592488 30.39665, -97.592275 30.396609, -97.59202 30.396499, -97.590094 30.39559, -97.589805 30.395465, -97.589646 30.395705, -97.585722 30.401911, -97.585565 30.40216, -97.584883 30.403238, -97.58458 30.403718, -97.583847 30.404877, -97.583577 30.405303, -97.583359 30.4045, -97.582627 30.40211, -97.582079 30.400321, -97.581825 30.399647, -97.579629 30.393801, -97.579276 30.392739, -97.579035 30.390865, -97.578998 30.38951, -97.579035 30.387506, -97.579266 30.385634, -97.579573 30.38443, -97.580141 30.382749, -97.580957 30.380475, -97.581868 30.377591, -97.582489 30.375334, -97.583191 30.371974, -97.583651 30.369773, -97.583848 30.368908, -97.584219 30.367129, -97.584323 30.366495, -97.584417 30.365918, -97.584788 30.364657, -97.585381 30.363372, -97.58585 30.362655, -97.586647 30.361477, -97.587132 30.360804, -97.588063 30.359298, -97.589944 30.356439, -97.592329 30.35271, -97.592506 30.352475, -97.592756 30.352094, -97.593422 30.351037, -97.59377 30.350175, -97.594045 30.349314, -97.594173 30.348252, -97.594136 30.346969, -97.594017 30.346251, -97.593729 30.345208, -97.593477 30.344532, -97.59311 30.343879, -97.592909 30.343524, -97.592205 30.342162, -97.591526 30.340819, -97.591383 30.340537, -97.59174 30.340411, -97.593518 30.339732, -97.597514 30.338205, -97.599391 30.337504, -97.599466 30.337467, -97.599793 30.33734, -97.601787 30.336584, -97.602393 30.33635, -97.603546 30.335918, -97.604406 30.335608, -97.605168 30.335369, -97.605193 30.335363, -97.607255 30.334843, -97.607431 30.334799, -97.607481 30.334943, -97.607523 30.335075, -97.607642 30.335443, -97.607697 30.335612, -97.608247 30.337004, -97.608619 30.337632, -97.608914 30.33796, -97.609536 30.338419, -97.609851 30.338555, -97.611317 30.339218, -97.611856 30.339619, -97.612418 30.34013, -97.612763 30.340602, -97.613039 30.341086, -97.61309 30.341266, -97.613167 30.341496, -97.613211 30.34173, -97.613223 30.341914, -97.613223 30.342111, -97.613197 30.342369, -97.613145 30.342585, -97.613089 30.343172, -97.61307 30.343481, -97.613073 30.343725, -97.613108 30.344006, -97.613142 30.344221, -97.613186 30.344374, -97.613273 30.344589, -97.61333 30.344766, -97.613537 30.345206, -97.613577 30.345299, -97.613602 30.345402, -97.613669 30.345662, -97.613722 30.345918, -97.613756 30.346196, -97.613781 30.346514, -97.613778 30.346923, -97.613737 30.347384, -97.61374 30.347597, -97.61375 30.347806, -97.613772 30.347997, -97.613825 30.348237, -97.613884 30.348462, -97.613956 30.348699, -97.614027 30.348877, -97.614337 30.349552, -97.615741 30.352508, -97.615805 30.352596, -97.615878 30.35277, -97.616484 30.354069, -97.616522 30.35415, -97.616766 30.354803, -97.616881 30.355503, -97.616859 30.355958))",35.2,5463.0,114246.0,146.0,71.0,15207090.340304764,0.00035924031999210945
"POLYGON ((-97.759819 30.180032, -97.758734 30.181762, -97.758535 30.182142, -97.75836 30.182475, -97.758182 30.182967, -97.757937 30.18319, -97.757529 30.183823, -97.756997 30.184681, -97.756667 30.185052, -97.756654 30.185165, -97.756573 30.185177, -97.756413 30.185044, -97.756207 30.184895, -97.756014 30.184776, -97.754859 30.18411, -97.754414 30.183847, -97.754178 30.183687, -97.753987 30.183531, -97.753498 30.18308, -97.753436 30.183021, -97.753368 30.18297, -97.752445 30.182274, -97.75188 30.18185, -97.751802 30.181788, -97.751727 30.181741, -97.751706 30.181727, -97.751604 30.181655, -97.751582 30.181641, -97.751417 30.181536, -97.751192 30.181427, -97.750311 30.181052, -97.750229 30.181012, -97.75029 30.180887, -97.750518 30.180423, -97.750796 30.180076, -97.751228 30.179777, -97.751675 30.179643, -97.752445 30.179356, -97.753468 30.179, -97.754065 30.17875, -97.754591 30.178524, -97.754729 30.178302, -97.754794 30.178206, -97.754993 30.177917, -97.755227 30.178028, -97.756022 30.178406, -97.75702 30.178912, -97.757076 30.17894, -97.757223 30.179015, -97.758036 30.179468, -97.758851 30.17979, -97.759819 30.180032))",42.1,842.0,67417.0,43.0,0.0,379838.5836591046,0.0022167310963745416
"POLYGON ((-98.019525 30.290821, -98.019067 30.290946, -98.018543 30.291181, -98.018098 30.291553, -98.01781 30.291762, -98.017535 30.292092, -98.01731 30.292421, -98.017013 30.292938, -98.016639 30.29393, -98.016429 30.294319, -98.01624 30.294574, -98.016191 30.29464, -98.015911 30.294918, -98.015712 30.295134, -98.015336 30.295301, -98.014905 30.295521, -98.014232 30.295666, -98.013979 30.29573, -98.013632 30.295817, -98.012772 30.295887, -98.01069 30.296055, -98.009621 30.296174, -98.008258 30.296666, -98.007733 30.297194, -98.007556 30.297372, -98.007208 30.297723, -98.006918 30.298014, -98.006776 30.29812, -98.006614 30.298242, -98.006239 30.298458, -98.005726 30.298674, -98.005504 30.298722, -98.005281 30.298769, -98.0047 30.298892, -98.00412 30.299016, -98.002654 30.299338, -98.00244 30.299385, -98.00205 30.299455, -98.001643 30.299578, -98.0014 30.299652, -98.000894 30.299865, -98.000357 30.300161, -97.999967 30.300453, -97.999694 30.300682, -97.999379 30.30099, -97.999164 30.301231, -97.998713 30.301974, -97.997774 30.304049, -97.997583 30.304472, -97.997401 30.304804, -97.997126 30.305102, -97.996116 30.305873, -97.994927 30.30644, -97.993901 30.306929, -97.993298 30.307178, -97.992846 30.307398, -97.99238 30.307614, -97.992129 30.30772, -97.991837 30.307811, -97.991707 30.30785, -97.99144 30.307925, -97.991287 30.307952, -97.99115 30.307965, -97.99098 30.307976, -97.990722 30.307978, -97.990489 30.307976, -97.990188 30.307973, -97.987535 30.307875, -97.986076 30.307843, -97.98593 30.307836, -97.985685 30.307836, -97.984433 30.307837, -97.983946 30.307787, -97.983182 30.307677, -97.98262 30.307433, -97.98212 30.307088, -97.981161 30.306551, -97.980453 30.30637, -97.979438 30.306272, -97.97934 30.30628, -97.978344 30.30637, -97.97744 30.30665, -97.976128 30.307107, -97.974851 30.307356, -97.973626 30.307295, -97.97165 30.306975, -97.970923 30.307091, -97.970563 30.307148, -97.969098 30.307742, -97.966587 30.308895, -97.96607 30.309235, -97.965927 30.309408, -97.965382 30.309963, -97.964173 30.309716, -97.961718 30.309215, -97.957827 30.308422, -97.956616 30.308175, -97.956171 30.308084, -97.954229 30.308096, -97.952718 30.308105, -97.952329 30.308128, -97.952169 30.308137, -97.94914 30.308318, -97.948336 30.308353, -97.945358 30.308482, -97.944792 30.308399, -97.944353 30.308284, -97.944189 30.308237, -97.943972 30.308176, -97.943533 30.308036, -97.942857 30.30778, -97.942312 30.30757, -97.940663 30.306911, -97.939973 30.306636, -97.937798 30.305766, -97.936319 30.305176, -97.936178 30.305105, -97.936051 30.305041, -97.933575 30.303594, -97.93309 30.303311, -97.931497 30.302123, -97.931398 30.30205, -97.931284 30.301965, -97.930739 30.301483, -97.930397 30.301181, -97.930153 30.300965, -97.92965 30.300447, -97.929591 30.300386, -97.929464 30.300256, -97.929179 30.299962, -97.927154 30.297837, -97.926976 30.297637, -97.926905 30.297557, -97.926872 30.29752, -97.925822 30.29634, -97.925963 30.296303, -97.926033 30.296276, -97.926083 30.296248, -97.926184 30.29619, -97.926298 30.296109, -97.926413 30.296009, -97.926504 30.295939, -97.926722 30.295842, -97.926774 30.295794, -97.926814 30.295743, -97.926842 30.295669, -97.926854 30.295624, -97.926859 30.295591, -97.926884 30.295547, -97.9269 30.295534, -97.926915 30.295531, -97.92695 30.295457, -97.926946 30.295392, -97.926938 30.295244, -97.926935 30.295182, -97.926956 30.29502, -97.92697 30.29461, -97.926981 30.294314, -97.926962 30.294191, -97.926928 30.294069, -97.926905 30.293967, -97.926892 30.293873, -97.926896 30.293338, -97.926918 30.29322, -97.926946 30.293111, -97.926948 30.293025, -97.926926 30.292856, -97.926901 30.292767, -97.926862 30.292689, -97.926829 30.29265, -97.926731 30.292583, -97.926507 30.292419, -97.926489 30.292384, -97.92649 30.292266, -97.926491 30.292181, -97.926478 30.292158, -97.926441 30.292134, -97.926266 30.292077, -97.926074 30.291998, -97.925826 30.29191, -97.925654 30.291826, -97.925399 30.291712, -97.925134 30.291603, -97.92504 30.291572, -97.925012 30.291563, -97.924704 30.291462, -97.924493 30.291403, -97.924142 30.291323, -97.923931 30.29126, -97.923843 30.291217, -97.92382 30.291212, -97.923786 30.291216, -97.923721 30.291249, -97.923659 30.291271, -97.923646 30.291271, -97.923585 30.291273, -97.923541 30.291283, -97.923465 30.291296, -97.923369 30.291303, -97.92329 30.291298, -97.922844 30.291225, -97.922697 30.291214, -97.922402 30.29118, -97.921713 30.291039, -97.921449 30.29098, -97.921337 30.290949, -97.921146 30.290883, -97.921022 30.29083, -97.920812 30.290727, -97.920676 30.290649, -97.920499 30.290523, -97.919937 30.290231, -97.919522 30.290091, -97.919375 30.289998, -97.919235 30.289914, -97.919047 30.289719, -97.918834 30.289544, -97.918716 30.289406, -97.918603 30.289229, -97.918479 30.289008, -97.918465 30.288919, -97.918458 30.288829, -97.91845 30.288717, -97.91848 30.288549, -97.918498 30.288457, -97.918519 30.288321, -97.91855 30.288204, -97.918583 30.28812, -97.918678 30.287958, -97.91877 30.287784, -97.918811 30.28773, -97.918868 30.287681, -97.91896 30.287627, -97.919059 30.28759, -97.919238 30.28755, -97.919344 30.287537, -97.919522 30.28753, -97.919734 30.287534, -97.919876 30.287552, -97.920067 30.287602, -97.920161 30.287629, -97.92031 30.28768, -97.920417 30.287727, -97.920586 30.28782, -97.920761 30.287949, -97.921392 30.288328, -97.921424 30.288348, -97.921563 30.288434, -97.921806 30.288584, -97.921952 30.288649, -97.922165 30.288728, -97.922372 30.288792, -97.922557 30.288864, -97.922691 30.2889, -97.922881 30.288938, -97.923071 30.288964, -97.92324 30.288972, -97.923342 30.288967, -97.92349 30.288947, -97.923703 30.288903, -97.923989 30.288823, -97.924135 30.288773, -97.924199 30.288755, -97.924313 30.28874, -97.924394 30.288723, -97.92455 30.288659, -97.924759 30.288584, -97.92483 30.288551, -97.92486 30.288524, -97.924916 30.288415, -97.92496 30.288339, -97.924986 30.288318, -97.925049 30.288299, -97.925083 30.288285, -97.92514 30.288226, -97.925307 30.288009, -97.925429 30.287826, -97.925469 30.287782, -97.925527 30.287738, -97.925691 30.287666, -97.92573 30.287631, -97.925777 30.287562, -97.925854 30.287472, -97.925914 30.287403, -97.925957 30.287354, -97.926006 30.287276, -97.92602 30.287232, -97.926032 30.287139, -97.926029 30.287056, -97.925989 30.28696, -97.92591 30.286589, -97.925871 30.286467, -97.92582 30.286355, -97.925788 30.286315, -97.925679 30.286229, -97.925562 30.286148, -97.925532 30.286133, -97.925458 30.286105, -97.925142 30.286019, -97.925093 30.28599, -97.925038 30.285918, -97.92497 30.285858, -97.924931 30.285815, -97.924871 30.285719, -97.924812 30.285608, -97.924776 30.285493, -97.924728 30.285229, -97.924634 30.284622, -97.924624 30.284474, -97.924638 30.284002, -97.924659 30.283672, -97.924671 30.28358, -97.924687 30.283512, -97.924757 30.283295, -97.924789 30.283216, -97.924847 30.283116, -97.924933 30.283003, -97.925069 30.282859, -97.925347 30.282548, -97.925443 30.282461, -97.925569 30.282366, -97.925645 30.282321, -97.925684 30.28229, -97.925751 30.282215, -97.925802 30.282166, -97.925876 30.28211, -97.925933 30.282083, -97.925992 30.28207, -97.926192 30.282064, -97.926235 30.282069, -97.926291 30.282089, -97.926357 30.282132, -97.926806 30.282455, -97.926875 30.282482, -97.927099 30.28254, -97.927291 30.282611, -97.927481 30.282672, -97.9277 30.282752, -97.927893 30.282809, -97.928453 30.28304, -97.928673 30.283146, -97.928806 30.283199, -97.928882 30.283234, -97.929138 30.283377, -97.929235 30.283438, -97.929284 30.28347, -97.929329 30.283504, -97.929417 30.28357, -97.929515 30.283652, -97.929608 30.283716, -97.929745 30.283785, -97.930124 30.283946, -97.930335 30.284045, -97.930681 30.284222, -97.930746 30.284251, -97.931256 30.284428, -97.931466 30.284486, -97.931826 30.284574, -97.932017 30.28461, -97.932111 30.284619, -97.932286 30.284625, -97.932401 30.284619, -97.932546 30.284583, -97.932698 30.284558, -97.932817 30.284539, -97.932849 30.284532, -97.932991 30.28448, -97.933088 30.284434, -97.933187 30.28437, -97.933304 30.28427, -97.933501 30.28413, -97.933631 30.284029, -97.933768 30.283871, -97.933858 30.283774, -97.93389 30.283758, -97.933983 30.283742, -97.934087 30.283745, -97.934129 30.283739, -97.934163 30.28372, -97.934195 30.283684, -97.934261 30.283584, -97.934346 30.283475, -97.934413 30.283391, -97.934453 30.283315, -97.934492 30.283188, -97.934511 30.283053, -97.934512 30.282952, -97.934483 30.282544, -97.934497 30.282479, -97.934491 30.28242, -97.934473 30.282372, -97.934408 30.282254, -97.934281 30.28207, -97.934013 30.281747, -97.933942 30.281669, -97.933911 30.281613, -97.933837 30.2815, -97.933707 30.281348, -97.933625 30.28124, -97.933518 30.281075, -97.933428 30.280905, -97.933339 30.280759, -97.933224 30.280592, -97.933124 30.280463, -97.932945 30.280265, -97.932864 30.280182, -97.932821 30.280157, -97.932728 30.280123, -97.932692 30.280106, -97.932597 30.280045, -97.932526 30.279985, -97.932504 30.27995, -97.932477 30.279845, -97.932437 30.279713, -97.932319 30.27939, -97.932289 30.279275, -97.932256 30.278949, -97.932235 30.278693, -97.932244 30.278588, -97.932337 30.278158, -97.932404 30.277694, -97.93242 30.277632, -97.932444 30.27758, -97.932484 30.277527, -97.932606 30.277405, -97.932648 30.277371, -97.932693 30.277353, -97.932741 30.277346, -97.933076 30.277332, -97.933177 30.277335, -97.933345 30.277349, -97.93361 30.277402, -97.933668 30.277429, -97.933755 30.27748, -97.933802 30.277509, -97.934349 30.277703, -97.934696 30.277809, -97.934938 30.277897, -97.935232 30.278018, -97.935443 30.278099, -97.935632 30.278178, -97.935854 30.278291, -97.936369 30.2786, -97.936507 30.27867, -97.936637 30.278748, -97.936916 30.278935, -97.937211 30.279169, -97.937454 30.279376, -97.937761 30.279622, -97.937942 30.279787, -97.93812 30.279928, -97.93836 30.280098, -97.938606 30.280282, -97.938899 30.280481, -97.939082 30.280589, -97.939181 30.280653, -97.939358 30.280788, -97.93944 30.280873, -97.939494 30.280915, -97.939562 30.280956, -97.93962 30.280981, -97.939681 30.280998, -97.93989 30.281031, -97.939977 30.28104, -97.940317 30.281064, -97.940465 30.281068, -97.940937 30.28103, -97.941527 30.280996, -97.941722 30.280979, -97.941886 30.280957, -97.941984 30.280934, -97.942092 30.280893, -97.942227 30.280828, -97.942299 30.280787, -97.942374 30.280723, -97.942447 30.280639, -97.942518 30.280533, -97.942565 30.2804, -97.942613 30.28032, -97.94266 30.28027, -97.942791 30.28017, -97.943083 30.279914, -97.943169 30.279828, -97.943196 30.279771, -97.943209 30.279704, -97.943208 30.279616, -97.943192 30.279529, -97.943165 30.279444, -97.943137 30.279386, -97.943065 30.27929, -97.94302 30.279222, -97.94296 30.279111, -97.942893 30.278924, -97.942843 30.27882, -97.942804 30.278767, -97.942515 30.278457, -97.942404 30.278351, -97.942368 30.27831, -97.942314 30.278225, -97.942282 30.278146, -97.942138 30.277594, -97.942033 30.277309, -97.94199 30.277225, -97.941976 30.277188, -97.941986 30.277139, -97.941927 30.276883, -97.941909 30.276773, -97.941903 30.276649, -97.941914 30.276534, -97.941937 30.276451, -97.94208 30.276165, -97.942108 30.276136, -97.942303 30.276008, -97.94243 30.275933, -97.942582 30.275869, -97.942729 30.275795, -97.942845 30.275729, -97.943363 30.275349, -97.943523 30.275246, -97.943592 30.275211, -97.943676 30.275184, -97.943734 30.275179, -97.943783 30.275184, -97.943823 30.275197, -97.943891 30.275242, -97.944066 30.275412, -97.944251 30.275579, -97.944436 30.275707, -97.944525 30.275791, -97.944583 30.275839, -97.944638 30.275872, -97.944759 30.275906, -97.944801 30.275923, -97.944936 30.276006, -97.945091 30.276113, -97.94521 30.276189, -97.945314 30.276246, -97.945511 30.276334, -97.945738 30.276443, -97.9459 30.276513, -97.946194 30.276624, -97.946362 30.276678, -97.9466 30.276732, -97.946817 30.276772, -97.947036 30.276795, -97.947513 30.276828, -97.94775 30.276839, -97.947846 30.276835, -97.94794 30.27682, -97.948451 30.276705, -97.949034 30.276528, -97.949288 30.276466, -97.94992 30.276298, -97.950381 30.27613, -97.950569 30.276038, -97.950819 30.275923, -97.950977 30.275863, -97.951525 30.275641, -97.951614 30.275611, -97.951806 30.27556, -97.95187 30.275553, -97.95193 30.275567, -97.951964 30.27559, -97.95203 30.275677, -97.952153 30.275811, -97.952208 30.275891, -97.952234 30.275913, -97.952262 30.275927, -97.952456 30.275976, -97.952609 30.276006, -97.953077 30.27604, -97.95331 30.276046, -97.953439 30.27604, -97.953908 30.276068, -97.95403 30.276046, -97.954206 30.276046, -97.954324 30.276058, -97.954421 30.276083, -97.954478 30.276106, -97.954715 30.276268, -97.95482 30.276327, -97.954992 30.276401, -97.955073 30.276441, -97.95513 30.276462, -97.955433 30.276507, -97.955591 30.276535, -97.955958 30.276617, -97.956239 30.276691, -97.956651 30.276787, -97.956707 30.276804, -97.956939 30.276887, -97.957004 30.276896, -97.957098 30.276888, -97.957164 30.276887, -97.957211 30.276892, -97.957262 30.276909, -97.957346 30.276953, -97.957368 30.276958, -97.957424 30.276958, -97.957547 30.276937, -97.957675 30.2769, -97.957747 30.276869, -97.958076 30.27663, -97.958253 30.276523, -97.958409 30.276423, -97.958477 30.276388, -97.958634 30.276327, -97.958788 30.27628, -97.959001 30.276241, -97.959147 30.276197, -97.959646 30.276004, -97.959664 30.275993, -97.959689 30.275964, -97.959775 30.275787, -97.959819 30.275719, -97.959865 30.275672, -97.959921 30.275636, -97.960193 30.275523, -97.960219 30.2755, -97.960258 30.27543, -97.960444 30.275135, -97.960476 30.275068, -97.960491 30.275, -97.960508 30.274607, -97.960505 30.274431, -97.960455 30.273894, -97.960437 30.273826, -97.96035 30.273612, -97.960259 30.273409, -97.960158 30.273232, -97.960088 30.27314, -97.960038 30.273092, -97.959887 30.272976, -97.959799 30.272927, -97.95973 30.272904, -97.959657 30.272891, -97.959304 30.272881, -97.959231 30.272871, -97.959167 30.272853, -97.958861 30.272724, -97.958419 30.272553, -97.957852 30.272307, -97.95751 30.272102, -97.957229 30.271914, -97.957124 30.271852, -97.957058 30.271804, -97.956961 30.271704, -97.956793 30.271508, -97.956746 30.271439, -97.956527 30.270987, -97.956503 30.270917, -97.956495 30.27085, -97.956509 30.270718, -97.956502 30.270564, -97.956482 30.270437, -97.956491 30.270378, -97.95649 30.270334, -97.95648 30.270316, -97.956385 30.270245, -97.956296 30.270172, -97.956267 30.270132, -97.956248 30.270095, -97.956185 30.269919, -97.956179 30.269874, -97.956187 30.269799, -97.956239 30.269583, -97.956274 30.269495, -97.956328 30.269434, -97.95636 30.269416, -97.956744 30.269303, -97.956971 30.269221, -97.957032 30.269202, -97.957131 30.26918, -97.95722 30.269172, -97.957505 30.269172, -97.957581 30.269177, -97.957728 30.269205, -97.957869 30.269218, -97.958017 30.269207, -97.958188 30.2692, -97.95831 30.26921, -97.95848 30.269254, -97.959233 30.269395, -97.959785 30.269513, -97.959862 30.269539, -97.959904 30.269561, -97.959957 30.2696, -97.960052 30.269701, -97.960103 30.269755, -97.960147 30.269793, -97.960217 30.269826, -97.960789 30.270044, -97.960995 30.270138, -97.9612 30.270196, -97.961265 30.270225, -97.961374 30.270282, -97.961551 30.27039, -97.962073 30.270624, -97.962351 30.270761, -97.962589 30.270868, -97.962696 30.270905, -97.962869 30.270953, -97.96299 30.27098, -97.963253 30.271031, -97.963442 30.27106, -97.964154 30.271201, -97.964436 30.271242, -97.964513 30.271247, -97.964591 30.271223, -97.964866 30.271179, -97.964903 30.271165, -97.965192 30.270977, -97.965367 30.270817, -97.965414 30.270761, -97.96555 30.270553, -97.965579 30.270495, -97.965592 30.270401, -97.965596 30.270305, -97.965599 30.270287, -97.965695 30.269998, -97.965791 30.269687, -97.965813 30.269497, -97.965981 30.269006, -97.966068 30.268885, -97.966125 30.26875, -97.966207 30.268574, -97.966241 30.268443, -97.966255 30.268352, -97.966252 30.268297, -97.966237 30.268242, -97.966201 30.268156, -97.966105 30.267967, -97.966024 30.26785, -97.965993 30.267797, -97.965932 30.267346, -97.96589 30.267122, -97.965874 30.266968, -97.965874 30.266844, -97.965883 30.266792, -97.965927 30.266682, -97.966011 30.266498, -97.966048 30.266344, -97.966099 30.266197, -97.966208 30.26595, -97.966296 30.265801, -97.966552 30.265416, -97.966599 30.265358, -97.966643 30.265325, -97.966743 30.265287, -97.966841 30.265257, -97.966921 30.265237, -97.967221 30.265197, -97.967353 30.26517, -97.967489 30.26515, -97.967575 30.265148, -97.967654 30.265165, -97.967757 30.265177, -97.967819 30.265174, -97.967921 30.265155, -97.968321 30.265033, -97.968476 30.265, -97.968635 30.264961, -97.968703 30.264934, -97.968966 30.264782, -97.969061 30.264737, -97.96912 30.264725, -97.969176 30.264728, -97.969213 30.264735, -97.969273 30.264753, -97.969382 30.264803, -97.96956 30.264877, -97.96969 30.264939, -97.969921 30.265078, -97.970106 30.265206, -97.970463 30.265489, -97.970528 30.265549, -97.970591 30.265614, -97.970646 30.265689, -97.970743 30.265848, -97.97081 30.265945, -97.970992 30.266163, -97.971077 30.266275, -97.97126 30.26655, -97.971359 30.266656, -97.971469 30.26679, -97.971868 30.267332, -97.971956 30.267472, -97.972084 30.267708, -97.972138 30.267816, -97.972234 30.268025, -97.972307 30.268217, -97.97244 30.268544, -97.972518 30.268796, -97.972553 30.268875, -97.972717 30.269163, -97.972794 30.269266, -97.972852 30.26932, -97.972908 30.269358, -97.9731 30.269446, -97.973167 30.269469, -97.973194 30.269484, -97.973237 30.269525, -97.973509 30.26989, -97.973612 30.270042, -97.973703 30.270213, -97.973746 30.27032, -97.973782 30.270456, -97.97382 30.270649, -97.973827 30.270788, -97.973841 30.270908, -97.973869 30.271036, -97.973908 30.27114, -97.973965 30.271244, -97.974092 30.271433, -97.974246 30.271645, -97.974427 30.271881, -97.974575 30.272056, -97.974677 30.272154, -97.974762 30.272213, -97.974878 30.272274, -97.975048 30.272343, -97.975153 30.272374, -97.97536 30.272415, -97.975564 30.272443, -97.975734 30.272455, -97.975912 30.272455, -97.976009 30.272445, -97.976112 30.272422, -97.976315 30.272358, -97.976538 30.272276, -97.976624 30.272232, -97.97679 30.272118, -97.976879 30.272042, -97.976945 30.271969, -97.977002 30.271887, -97.97706 30.271781, -97.977135 30.271622, -97.977207 30.271418, -97.977254 30.271308, -97.977313 30.271188, -97.977519 30.270678, -97.977537 30.270607, -97.977544 30.270525, -97.97754 30.27028, -97.977508 30.270071, -97.977465 30.269896, -97.977427 30.269655, -97.977297 30.269013, -97.977225 30.268728, -97.977148 30.268266, -97.977136 30.26813, -97.977136 30.267889, -97.97715 30.26774, -97.977179 30.267605, -97.977256 30.267385, -97.977327 30.267216, -97.97742 30.267011, -97.977476 30.266908, -97.977499 30.266883, -97.977526 30.266869, -97.977592 30.266855, -97.977644 30.266822, -97.97769 30.266782, -97.977748 30.266715, -97.977795 30.266644, -97.977956 30.266353, -97.978118 30.266184, -97.978196 30.26613, -97.978308 30.266074, -97.97847 30.266009, -97.978602 30.265945, -97.978692 30.265889, -97.978796 30.265812, -97.979176 30.265467, -97.979206 30.265427, -97.979252 30.26532, -97.979337 30.265196, -97.979416 30.2651, -97.979493 30.26503, -97.979573 30.264979, -97.979649 30.26495, -97.979735 30.264933, -97.979875 30.264924, -97.97997 30.26493, -97.980062 30.264945, -97.980197 30.26499, -97.980661 30.265151, -97.980732 30.265181, -97.981182 30.265418, -97.981256 30.265465, -97.981453 30.265604, -97.981614 30.265703, -97.981707 30.265771, -97.981792 30.265847, -97.982052 30.266107, -97.982312 30.266421, -97.982503 30.266697, -97.982524 30.266728, -97.982651 30.266884, -97.98284 30.26721, -97.982925 30.26733, -97.982946 30.267386, -97.98295 30.267438, -97.982902 30.267778, -97.98288 30.267989, -97.982856 30.268129, -97.982832 30.268197, -97.982809 30.268228, -97.982787 30.268242, -97.982711 30.26825, -97.982628 30.268274, -97.9826 30.268298, -97.982553 30.268397, -97.982525 30.268481, -97.98244 30.269118, -97.982373 30.269443, -97.982249 30.269989, -97.982228 30.270171, -97.982225 30.270383, -97.982241 30.270612, -97.982263 30.271017, -97.982282 30.271297, -97.982299 30.271398, -97.982328 30.271511, -97.982379 30.271636, -97.982444 30.271759, -97.982562 30.271949, -97.982705 30.27216, -97.982837 30.272309, -97.982949 30.272416, -97.983102 30.27255, -97.983306 30.272705, -97.983456 30.272831, -97.98359 30.272933, -97.98381 30.273084, -97.983915 30.273139, -97.984373 30.273352, -97.984467 30.273381, -97.984683 30.273422, -97.984767 30.27343, -97.98484 30.273428, -97.984892 30.273417, -97.984948 30.273391, -97.985086 30.273305, -97.985259 30.273184, -97.985325 30.273129, -97.985455 30.273001, -97.985673 30.272758, -97.985803 30.272629, -97.986097 30.272289, -97.986131 30.272242, -97.986236 30.272041, -97.986354 30.271793, -97.986432 30.271643, -97.986474 30.27155, -97.986499 30.271504, -97.986559 30.271446, -97.986636 30.271351, -97.986661 30.271301, -97.986712 30.271089, -97.986727 30.271058, -97.986768 30.271007, -97.986817 30.270923, -97.986892 30.270774, -97.986919 30.270697, -97.986922 30.270659, -97.986911 30.270601, -97.986862 30.270479, -97.986817 30.270347, -97.986794 30.270232, -97.986789 30.270131, -97.986794 30.269973, -97.986809 30.269829, -97.986892 30.269382, -97.986923 30.269265, -97.987041 30.268983, -97.987112 30.268832, -97.987198 30.268676, -97.987336 30.26848, -97.987582 30.268088, -97.98767 30.26797, -97.987744 30.267888, -97.987994 30.267639, -97.988124 30.267518, -97.988223 30.267447, -97.988334 30.267392, -97.988421 30.267362, -97.98855 30.267335, -97.988874 30.26729, -97.989192 30.267261, -97.98962 30.267212, -97.989879 30.267205, -97.990012 30.267195, -97.990238 30.267151, -97.990475 30.267126, -97.990789 30.267115, -97.991921 30.268229, -97.992629 30.267392, -97.992708 30.267446, -97.992829 30.267555, -97.992903 30.267601, -97.99305 30.267655, -97.993311 30.267723, -97.993431 30.26774, -97.993553 30.267743, -97.993608 30.26775, -97.993695 30.267793, -97.993765 30.267818, -97.993928 30.267852, -97.993993 30.26785, -97.994061 30.267832, -97.994107 30.267812, -97.994261 30.267726, -97.994361 30.267654, -97.994423 30.267642, -97.994476 30.267651, -97.994502 30.267667, -97.994522 30.267695, -97.994552 30.26779, -97.994572 30.267836, -97.994642 30.267916, -97.994687 30.267958, -97.994746 30.267999, -97.994779 30.268028, -97.994859 30.268129, -97.994909 30.268182, -97.995077 30.268307, -97.995241 30.268463, -97.995294 30.268497, -97.995391 30.268591, -97.995536 30.268716, -97.995767 30.268892, -97.995885 30.268988, -97.996122 30.269204, -97.996203 30.269273, -97.996391 30.269413, -97.996722 30.26963, -97.996901 30.269732, -97.996974 30.269766, -97.99705 30.26979, -97.997184 30.26981, -97.997263 30.269828, -97.997324 30.269856, -97.997511 30.269983, -97.997764 30.270098, -97.997867 30.270134, -97.998395 30.27025, -97.998523 30.270287, -97.998665 30.270344, -97.998934 30.270469, -97.999103 30.270563, -97.999247 30.270659, -97.999402 30.270783, -97.999568 30.270928, -97.999859 30.271211, -97.999972 30.27131, -98.00012 30.271419, -98.000318 30.271545, -98.000594 30.271706, -98.00079 30.271829, -98.000999 30.271972, -98.001061 30.272, -98.001169 30.272056, -98.001258 30.272117, -98.001328 30.272182, -98.001415 30.272299, -98.001613 30.272608, -98.001793 30.272939, -98.001855 30.273029, -98.001927 30.273109, -98.002011 30.273182, -98.002104 30.273245, -98.002185 30.273287, -98.002341 30.273343, -98.002448 30.27339, -98.002575 30.273466, -98.002691 30.273546, -98.002766 30.273612, -98.002881 30.273735, -98.002966 30.273814, -98.003041 30.273864, -98.00315 30.273907, -98.00322 30.273935, -98.003431 30.274054, -98.003556 30.274139, -98.003612 30.274193, -98.003634 30.274225, -98.003661 30.274263, -98.003726 30.274392, -98.00376 30.274487, -98.003778 30.274574, -98.003809 30.27496, -98.003834 30.275416, -98.003846 30.275545, -98.003868 30.275638, -98.003893 30.275695, -98.00394 30.275757, -98.004015 30.275817, -98.004163 30.275913, -98.00459 30.276145, -98.004989 30.276332, -98.005079 30.276367, -98.005163 30.276385, -98.005266 30.276387, -98.005493 30.276368, -98.006095 30.276369, -98.006222 30.276374, -98.006272 30.276385, -98.006342 30.276424, -98.006435 30.2765, -98.006506 30.276551, -98.006723 30.276657, -98.006806 30.276706, -98.006853 30.276747, -98.006893 30.276801, -98.006941 30.276909, -98.006974 30.277027, -98.006999 30.277156, -98.007017 30.277338, -98.007021 30.277492, -98.007011 30.277587, -98.006972 30.277736, -98.006941 30.27789, -98.00693 30.278002, -98.006937 30.278076, -98.00696 30.278158, -98.007024 30.278301, -98.007121 30.278478, -98.007376 30.278717, -98.007511 30.278864, -98.00814 30.279502, -98.008294 30.279649, -98.008367 30.279724, -98.008412 30.279783, -98.008449 30.279848, -98.008455 30.279877, -98.008484 30.279959, -98.008528 30.280026, -98.0086 30.280095, -98.008679 30.280154, -98.008757 30.280196, -98.008973 30.28028, -98.009105 30.280314, -98.009183 30.28034, -98.00923 30.280368, -98.009368 30.280504, -98.009407 30.280529, -98.009449 30.28054, -98.009642 30.280545, -98.00981 30.280549, -98.009913 30.280565, -98.010089 30.280617, -98.010301 30.280709, -98.010358 30.280727, -98.010544 30.280744, -98.010601 30.280764, -98.010998 30.281091, -98.011142 30.28119, -98.011203 30.281243, -98.011229 30.281296, -98.011241 30.281369, -98.011239 30.281557, -98.011243 30.281748, -98.011256 30.281798, -98.011273 30.281827, -98.011313 30.281875, -98.011463 30.281999, -98.011528 30.282044, -98.011601 30.282078, -98.011782 30.282146, -98.011969 30.282208, -98.012094 30.282256, -98.012308 30.282362, -98.012463 30.28245, -98.012608 30.282549, -98.012675 30.282612, -98.012799 30.282766, -98.012956 30.282947, -98.013006 30.28301, -98.013028 30.283099, -98.013073 30.283159, -98.013129 30.283215, -98.013219 30.28328, -98.013314 30.283335, -98.013424 30.283381, -98.013474 30.283391, -98.013637 30.283401, -98.013707 30.283416, -98.013725 30.283426, -98.013795 30.28349, -98.013839 30.283558, -98.013891 30.283621, -98.013929 30.283648, -98.013971 30.283662, -98.014085 30.283673, -98.014244 30.283713, -98.014295 30.283731, -98.014327 30.283751, -98.014361 30.283786, -98.014433 30.283905, -98.014476 30.28398, -98.014679 30.284173, -98.014697 30.284202, -98.014715 30.28425, -98.014724 30.284273, -98.014825 30.284452, -98.014914 30.284593, -98.014958 30.284638, -98.015008 30.28467, -98.015297 30.284765, -98.015374 30.284797, -98.015401 30.284818, -98.015434 30.284867, -98.015455 30.284926, -98.015455 30.284968, -98.015452 30.285005, -98.015455 30.285044, -98.015625 30.285409, -98.015681 30.28554, -98.015705 30.285571, -98.015762 30.285613, -98.01579 30.285642, -98.015808 30.285682, -98.01583 30.285766, -98.01584 30.285861, -98.015833 30.285998, -98.015846 30.286174, -98.015867 30.28629, -98.015901 30.286363, -98.015907 30.286388, -98.015905 30.286406, -98.015858 30.286453, -98.015849 30.286488, -98.015852 30.286536, -98.015898 30.286615, -98.01602 30.286851, -98.016187 30.287069, -98.016459 30.287627, -98.016501 30.287746, -98.016535 30.287882, -98.016559 30.287953, -98.016583 30.287994, -98.016654 30.288068, -98.017048 30.28844, -98.017288 30.288708, -98.017337 30.288779, -98.017472 30.289093, -98.017546 30.289206, -98.01775 30.289466, -98.017881 30.2896, -98.017942 30.289654, -98.018058 30.289743, -98.018177 30.28982, -98.018275 30.28987, -98.018389 30.289907, -98.018666 30.289982, -98.018789 30.290021, -98.018884 30.290063, -98.019112 30.290183, -98.01917 30.290222, -98.019218 30.290267, -98.01927 30.290336, -98.019342 30.290473, -98.019427 30.290623, -98.019497 30.290737, -98.019525 30.290821))",37.9,2283.0,166348.0,76.0,0.0,29904719.334111042,7.634246536451787e-05
"POLYGON ((-98.004218 30.445795, -98.00359 30.445989, -98.003357 30.446054, -98.002237 30.44618, -98.002202 30.446665, -98.002086 30.446998, -98.001958 30.447194, -98.001787 30.447399, -98.001633 30.447531, -98.00143 30.447699, -98.001178 30.44787, -98.001001 30.447976, -98.000862 30.448041, -98.000752 30.448054, -98.000636 30.448038, -98.000455 30.447957, -98.000006 30.44772, -97.999914 30.447813, -97.99979 30.447989, -97.99957 30.44834, -97.999425 30.448571, -97.999244 30.44885, -97.999164 30.449037, -97.999102 30.449205, -97.999073 30.449337, -97.999057 30.449525, -97.999054 30.449747, -97.999028 30.449896, -97.998996 30.449977, -97.998928 30.450035, -97.998799 30.45009, -97.998537 30.450148, -97.998247 30.450232, -97.998089 30.450367, -97.997857 30.450501, -97.99773 30.450599, -97.997498 30.450824, -97.996262 30.452088, -97.995532 30.452839, -97.995097 30.453285, -97.995197 30.45385, -97.99522 30.454263, -97.995206 30.454347, -97.99517 30.454446, -97.995111 30.454558, -97.995019 30.45467, -97.994921 30.454762, -97.994746 30.454916, -97.994563 30.455109, -97.994521 30.455306, -97.994457 30.455473, -97.994347 30.455738, -97.994244 30.456112, -97.994186 30.456261, -97.994082 30.456415, -97.993934 30.456545, -97.99374 30.456616, -97.993521 30.456641, -97.993269 30.456635, -97.993005 30.456648, -97.992811 30.456622, -97.992702 30.456583, -97.992551 30.456523, -97.991649 30.456085, -97.991028 30.455826, -97.990785 30.455668, -97.98788 30.454287, -97.987183 30.453958, -97.986782 30.453747, -97.985982 30.453376, -97.985667 30.453245, -97.985516 30.453201, -97.985373 30.453184, -97.985074 30.453201, -97.983823 30.453295, -97.983375 30.453361, -97.983028 30.453424, -97.982876 30.453479, -97.982698 30.45356, -97.98247 30.453686, -97.982059 30.453923, -97.981768 30.454075, -97.981309 30.454296, -97.979793 30.454943, -97.97971 30.454763, -97.97968 30.454699, -97.979649 30.454565, -97.979429 30.45382, -97.979351 30.453489, -97.979286 30.453129, -97.979237 30.452806, -97.979116 30.451745, -97.978902 30.45099, -97.978847 30.450735, -97.978835 30.450527, -97.978843 30.450341, -97.978881 30.450121, -97.978932 30.449982, -97.979025 30.449775, -97.979193 30.44952, -97.980281 30.4481, -97.980387 30.44796, -97.980463 30.447838, -97.980535 30.447698, -97.980611 30.447504, -97.980691 30.447216, -97.980737 30.446963, -97.980708 30.446463, -97.98067 30.446252, -97.980628 30.446074, -97.980573 30.445905, -97.980446 30.44563, -97.980243 30.445245, -97.980057 30.444898, -97.979943 30.444674, -97.979824 30.444395, -97.979774 30.444248, -97.979723 30.444025, -97.979697 30.443818, -97.979693 30.44367, -97.979697 30.44348, -97.979702 30.442837, -97.979697 30.442505, -97.979803 30.437218, -97.979786 30.436593, -97.979702 30.436203, -97.979448 30.435713, -97.978991 30.43507, -97.978572 30.434541, -97.977904 30.433699, -97.977652 30.433249, -97.977365 30.432767, -97.977656 30.432647, -97.977771 30.432609, -97.9779 30.432579, -97.978 30.432581, -97.978073 30.432587, -97.978436 30.432673, -97.979187 30.432902, -97.979637 30.43304, -97.979993 30.433149, -97.981682 30.433665, -97.981876 30.433735, -97.98232 30.433896, -97.982484 30.434105, -97.982563 30.434207, -97.982806 30.434518, -97.98306 30.434844, -97.983133 30.434937, -97.983204 30.43499, -97.984289 30.435458, -97.984314 30.435469, -97.984564 30.435575, -97.984955 30.435747, -97.984905 30.435815, -97.985322 30.436023, -97.98537 30.435953, -97.985559 30.436029, -97.986063 30.436231, -97.986241 30.436303, -97.986675 30.436333, -97.987157 30.436144, -97.987618 30.435937, -97.987964 30.435781, -97.989907 30.434957, -97.990445 30.434826, -97.990755 30.434779, -97.991099 30.434736, -97.991354 30.434747, -97.991701 30.43479, -97.991932 30.434816, -97.992177 30.434819, -97.992369 30.434794, -97.99269 30.434736, -97.992874 30.435184, -97.992983 30.435473, -97.993085 30.435658, -97.993167 30.435786, -97.993283 30.435931, -97.993563 30.436165, -97.993844 30.436337, -97.996425 30.438115, -97.99716 30.438613, -97.997864 30.439103, -97.99835 30.43943, -97.998528 30.439545, -97.998749 30.439647, -97.998941 30.439729, -97.999577 30.439883, -97.999942 30.439968, -98.000426 30.440094, -98.000746 30.440208, -98.001014 30.440316, -98.001299 30.440459, -98.00155 30.440601, -98.002211 30.441006, -98.002599 30.441257, -98.002999 30.441463, -98.003344 30.44161, -98.003141 30.442005, -98.003052 30.442194, -98.003027 30.442268, -98.003021 30.442354, -98.003044 30.442456, -98.003075 30.442553, -98.003148 30.442691, -98.00377 30.44338, -98.003886 30.443629, -98.003763 30.444521, -98.00372 30.444927, -98.003717 30.445054, -98.003732 30.44515, -98.00379 30.445245, -98.003894 30.445367, -98.00407 30.445543, -98.004151 30.445647, -98.004218 30.445795))",52.8,1183.0,98286.0,52.0,0.0,4099025.108543759,0.00028860520945193203
"POLYGON ((-97.673946 30.480093, -97.673759 30.480101, -97.673519 30.480126, -97.673279 30.480013, -97.672887 30.479828, -97.672834 30.479803, -97.672393 30.479595, -97.669898 30.478414, -97.665678 30.480931, -97.66502 30.48119, -97.663886 30.481593, -97.663318 30.481193, -97.662771 30.480876, -97.662419 30.480665, -97.662154 30.480517, -97.661916 30.480378, -97.661876 30.48035, -97.661739 30.480282, -97.661561 30.480181, -97.661314 30.480034, -97.661166 30.479969, -97.661141 30.479954, -97.66112 30.479945, -97.661091 30.479928, -97.661014 30.479883, -97.660983 30.479866, -97.660961 30.479853, -97.660811 30.479766, -97.660699 30.479714, -97.660325 30.479525, -97.659999 30.479376, -97.659366 30.479048, -97.659195 30.478959, -97.659058 30.478871, -97.657976 30.47828, -97.65727 30.477881, -97.656269 30.477315, -97.656218 30.477286, -97.655479 30.476939, -97.65537 30.47689, -97.655232 30.476819, -97.654427 30.476449, -97.653795 30.476144, -97.653512 30.476013, -97.653525 30.475854, -97.654652 30.474038, -97.655184 30.473253, -97.655212 30.473211, -97.654085 30.472666, -97.653374 30.472321, -97.653004 30.47213, -97.652483 30.471882, -97.652239 30.471786, -97.652072 30.471728, -97.651742 30.471637, -97.651457 30.471565, -97.651206 30.471508, -97.650973 30.471473, -97.650824 30.471455, -97.650614 30.471438, -97.650152 30.471411, -97.649877 30.471422, -97.649716 30.471433, -97.649314 30.471472, -97.648824 30.471558, -97.647112 30.471904, -97.647021 30.471927, -97.646814 30.471968, -97.645998 30.472143, -97.645762 30.472193, -97.645691 30.472211, -97.64563 30.472225, -97.645559 30.47224, -97.645481 30.472256, -97.645391 30.472276, -97.645292 30.472298, -97.645186 30.472321, -97.645078 30.472345, -97.644967 30.472367, -97.644856 30.47239, -97.644742 30.472407, -97.644624 30.472422, -97.644549 30.472429, -97.644502 30.472435, -97.644378 30.472444, -97.644254 30.472449, -97.644134 30.47245, -97.643421 30.472428, -97.642608 30.472409, -97.641774 30.472364, -97.641408 30.472349, -97.641233 30.472334, -97.64124 30.472109, -97.64126 30.471856, -97.641328 30.47149, -97.641433 30.471058, -97.641565 30.470762, -97.641757 30.470457, -97.642077 30.469946, -97.642808 30.468776, -97.644154 30.466637, -97.644208 30.466552, -97.644347 30.46662, -97.644899 30.466892, -97.645741 30.467305, -97.646093 30.467449, -97.64626 30.467505, -97.646523 30.467579, -97.646749 30.467624, -97.647021 30.46766, -97.647342 30.46766, -97.647426 30.467658, -97.647484 30.467657, -97.647562 30.467656, -97.647587 30.467656, -97.647859 30.46763, -97.648047 30.467598, -97.648414 30.467511, -97.648716 30.467411, -97.649596 30.46717, -97.65026 30.466994, -97.650923 30.466817, -97.651576 30.466643, -97.652114 30.46659, -97.652244 30.46659, -97.652339 30.466596, -97.653549 30.466685, -97.654263 30.466746, -97.654382 30.466772, -97.654694 30.466874, -97.655565 30.46731, -97.656072 30.467595, -97.656297 30.467679, -97.656592 30.467765, -97.656742 30.467792, -97.65688 30.467816, -97.657169 30.467822, -97.657479 30.467806, -97.657712 30.467761, -97.657993 30.467685, -97.658848 30.467361, -97.659011 30.467311, -97.659389 30.467172, -97.65951 30.46713, -97.661118 30.466545, -97.661574 30.466512, -97.661687 30.466514, -97.661823 30.466533, -97.662096 30.466618, -97.662235 30.466643, -97.662453 30.466707, -97.662652 30.466756, -97.662756 30.466789, -97.662852 30.466816, -97.663004 30.466869, -97.663823 30.467257, -97.664186 30.467432, -97.665123 30.467885, -97.66606 30.468337, -97.667388 30.468994, -97.668509 30.469559, -97.668601 30.469599, -97.668669 30.469628, -97.668837 30.469701, -97.669207 30.469814, -97.669241 30.469815, -97.669518 30.469826, -97.669886 30.469767, -97.669999 30.469749, -97.67004 30.469742, -97.670168 30.469721, -97.670207 30.469835, -97.670305 30.469843, -97.670333 30.469845, -97.670509 30.469859, -97.670706 30.469875, -97.671397 30.47207, -97.671503 30.472405, -97.671568 30.472616, -97.671911 30.473635, -97.672017 30.473951, -97.672138 30.474386, -97.672249 30.474759, -97.672312 30.474949, -97.672516 30.475568, -97.673779 30.479567, -97.673837 30.47975, -97.673946 30.480093))",34.5,2783.0,119167.0,60.0,29.0,2789175.917009422,0.000997785755652141
"POLYGON ((-98.050156 30.390367, -98.047575 30.393651, -98.044924 30.397026, -98.042271 30.400387, -98.039479 30.403921, -98.035151 30.409399, -98.031373 30.414182, -98.031171 30.414438, -98.029671 30.415625, -98.02949 30.415768, -98.029423 30.415763, -98.028791 30.415714, -98.028288 30.415675, -98.028124 30.415662, -98.027961 30.41565, -98.027702 30.415629, -98.027529 30.415616, -98.027376 30.415604, -98.026916 30.415568, -98.026697 30.415551, -98.02641 30.415529, -98.02453 30.415383, -98.023661 30.415314, -98.019504 30.414941, -98.017968 30.414899, -98.016451 30.414859, -98.016077 30.414849, -98.013834 30.414782, -98.011052 30.414743, -98.011055 30.414629, -98.010594 30.414604, -98.009836 30.414561, -98.009175 30.414525, -98.008879 30.414499, -98.006452 30.414388, -98.004294 30.414286, -98.003969 30.414283, -98.003742 30.41428, -97.99737 30.414217, -97.996889 30.414224, -97.993746 30.414494, -97.993517 30.414531, -97.990127 30.414837, -97.990006 30.414836, -97.989884 30.414836, -97.988808 30.414885, -97.987502 30.414734, -97.986765 30.414621, -97.986141 30.414275, -97.985535 30.413827, -97.984687 30.412973, -97.984546 30.412702, -97.984245 30.411298, -97.984074 30.409378, -97.984077 30.409241, -97.9841 30.408274, -97.984109 30.40791, -97.984447 30.406383, -97.984455 30.406348, -97.984514 30.406086, -97.985029 30.40481, -97.985482 30.404192, -97.986516 30.40334, -97.987027 30.403007, -97.987245 30.402591, -97.987706 30.402236, -97.98815 30.401738, -97.988321 30.401548, -97.990243 30.400572, -97.992933 30.398842, -97.996417 30.396934, -97.999415 30.395226, -98.000947 30.394846, -98.001439 30.394724, -98.001712 30.394674, -98.002562 30.393769, -98.003718 30.392732, -98.00424 30.3922, -98.00513 30.391292, -98.006478 30.389965, -98.008388 30.38817, -98.009993 30.386648, -98.011164 30.385564, -98.012256 30.384463, -98.012937 30.383817, -98.01333 30.383448, -98.014786 30.38212, -98.015394 30.380856, -98.01581 30.379688, -98.015954 30.378376, -98.016073 30.376977, -98.016082 30.376872, -98.015554 30.375688, -98.015122 30.375016, -98.014882 30.374504, -98.014849 30.374451, -98.014933 30.374218, -98.015243 30.373529, -98.016069 30.371885, -98.016372 30.371308, -98.01678 30.370533, -98.017561 30.36917, -98.017842 30.36872, -98.017963 30.368558, -98.018027 30.368472, -98.018112 30.368356, -98.018256 30.368191, -98.018367 30.368041, -98.018536 30.367681, -98.018586 30.36753, -98.018615 30.367311, -98.018677 30.367134, -98.018812 30.366952, -98.018894 30.366884, -98.018955 30.366834, -98.019137 30.366759, -98.019236 30.366704, -98.019255 30.366612, -98.019155 30.366347, -98.019087 30.36621, -98.018862 30.365749, -98.018802 30.365535, -98.018773 30.365371, -98.018782 30.365304, -98.018793 30.365215, -98.018856 30.364981, -98.018977 30.364721, -98.019154 30.364442, -98.019334 30.364232, -98.020505 30.364275, -98.020597 30.364229, -98.020767 30.364147, -98.021022 30.364052, -98.02112 30.364036, -98.021261 30.364026, -98.021385 30.364013, -98.02147 30.363974, -98.021582 30.363895, -98.021713 30.36379, -98.021889 30.363682, -98.022073 30.363594, -98.022344 30.363421, -98.022413 30.363358, -98.022462 30.363231, -98.021991 30.363126, -98.021732 30.363057, -98.021611 30.363002, -98.02152 30.362946, -98.021457 30.362861, -98.021402 30.362704, -98.021351 30.362599, -98.021323 30.362439, -98.021332 30.362334, -98.021353 30.362252, -98.021405 30.362135, -98.021533 30.361974, -98.021614 30.361909, -98.021739 30.36182, -98.021857 30.361778, -98.021978 30.361755, -98.022361 30.361716, -98.022864 30.36165, -98.023126 30.361654, -98.023428 30.361705, -98.02362 30.361751, -98.023859 30.361811, -98.024376 30.36202, -98.024497 30.362041, -98.02455 30.362059, -98.024641 30.362063, -98.024903 30.36205, -98.025283 30.36204, -98.025489 30.36203, -98.025629 30.362017, -98.025806 30.361984, -98.025999 30.361955, -98.026238 30.361906, -98.026601 30.361874, -98.02666 30.360657, -98.026732 30.359524, -98.026745 30.359393, -98.026892 30.359372, -98.027327 30.359261, -98.027467 30.359213, -98.027579 30.35916, -98.027687 30.359101, -98.027745 30.359069, -98.027785 30.359047, -98.02787 30.358977, -98.027929 30.358897, -98.028016 30.358759, -98.028068 30.358644, -98.028101 30.358529, -98.028227 30.357985, -98.028249 30.357905, -98.028293 30.357817, -98.028358 30.357719, -98.028456 30.357612, -98.028633 30.35742, -98.028805 30.357198, -98.028853 30.357117, -98.028884 30.357034, -98.028921 30.356932, -98.028932 30.356838, -98.028971 30.356419, -98.029017 30.356154, -98.029034 30.356044, -98.029061 30.355938, -98.029154 30.355765, -98.029252 30.355624, -98.029368 30.355497, -98.029623 30.355249, -98.029756 30.35514, -98.029822 30.3551, -98.029952 30.355044, -98.030463 30.354882, -98.030571 30.354832, -98.030619 30.354808, -98.030654 30.35476, -98.030696 30.354664, -98.030824 30.354704, -98.031334 30.354802, -98.033079 30.355087, -98.033605 30.355161, -98.034065 30.355224, -98.034594 30.355391, -98.035012 30.355572, -98.035409 30.355746, -98.035625 30.355795, -98.035827 30.355795, -98.036002 30.35576, -98.036176 30.355704, -98.036308 30.355593, -98.03642 30.355363, -98.036489 30.355084, -98.036587 30.354799, -98.036726 30.354604, -98.036903 30.354446, -98.037003 30.354416, -98.037095 30.354352, -98.037394 30.354265, -98.037842 30.354167, -98.0381 30.354119, -98.03834 30.354089, -98.038561 30.354061, -98.038824 30.35405, -98.039009 30.354052, -98.039384 30.354119, -98.039437 30.354145, -98.039588 30.354234, -98.0397 30.354313, -98.040054 30.354761, -98.040141 30.354879, -98.040211 30.355028, -98.040239 30.355145, -98.040261 30.35557, -98.040267 30.355705, -98.040284 30.355806, -98.040323 30.355912, -98.040354 30.35599, -98.040415 30.356094, -98.040558 30.35628, -98.040613 30.35635, -98.041057 30.356862, -98.041259 30.357178, -98.041343 30.357349, -98.04141 30.357531, -98.041452 30.357693, -98.041457 30.357939, -98.041459 30.358125, -98.041426 30.358302, -98.041389 30.358453, -98.041336 30.358587, -98.041277 30.358705, -98.041213 30.358805, -98.041143 30.358903, -98.040941 30.359169, -98.040824 30.359295, -98.040737 30.359415, -98.04048 30.359838, -98.040362 30.360048, -98.040149 30.360462, -98.039998 30.360799, -98.039838 30.361238, -98.039791 30.361392, -98.039763 30.361565, -98.039729 30.361792, -98.039681 30.362195, -98.039656 30.362321, -98.039606 30.362464, -98.039533 30.362581, -98.039386 30.362729, -98.039302 30.362797, -98.039175 30.362861, -98.039014 30.362924, -98.038829 30.362998, -98.03867 30.363067, -98.038522 30.363144, -98.03839 30.363251, -98.038309 30.36333, -98.038242 30.363426, -98.038137 30.363647, -98.038061 30.36386, -98.038008 30.364038, -98.037983 30.364166, -98.037981 30.364329, -98.03799 30.364442, -98.038002 30.364523, -98.038037 30.364634, -98.038098 30.364778, -98.038197 30.365018, -98.038883 30.366848, -98.038957 30.367084, -98.038997 30.367202, -98.03903 30.367342, -98.039039 30.367443, -98.03904 30.367627, -98.039025 30.36771, -98.039006 30.367794, -98.038974 30.367857, -98.038779 30.368171, -98.038723 30.368261, -98.03833 30.368534, -98.037871 30.368856, -98.037697 30.369066, -98.037671 30.369097, -98.037525 30.36963, -98.037539 30.369834, -98.037573 30.369999, -98.037603 30.370114, -98.037643 30.370223, -98.03769 30.370329, -98.037743 30.370436, -98.037836 30.370578, -98.038323 30.371193, -98.038397 30.371277, -98.040208 30.372852, -98.040709 30.373386, -98.040829 30.373515, -98.04095 30.373644, -98.042364 30.375152, -98.042588 30.375606, -98.042799 30.376101, -98.042873 30.376332, -98.042895 30.376421, -98.042885 30.376549, -98.04286 30.376712, -98.042809 30.376888, -98.042563 30.377493, -98.04192 30.379462, -98.041748 30.380443, -98.041927 30.38092, -98.042045 30.381232, -98.042096 30.381676, -98.042163 30.382478, -98.042233 30.383661, -98.04223 30.383885, -98.042224 30.384118, -98.042052 30.385255, -98.042051 30.385426, -98.042057 30.385621, -98.042084 30.38585, -98.042126 30.38605, -98.042208 30.386324, -98.042249 30.386426, -98.042323 30.386634, -98.042394 30.386784, -98.042502 30.386902, -98.042646 30.387053, -98.042815 30.387193, -98.04293 30.387331, -98.043058 30.387526, -98.043266 30.387954, -98.043333 30.388095, -98.043413 30.388181, -98.043525 30.388283, -98.043658 30.388378, -98.043817 30.388468, -98.043979 30.388513, -98.04409 30.388539, -98.044346 30.388552, -98.044496 30.388545, -98.044637 30.388526, -98.044838 30.388481, -98.044992 30.388418, -98.04511 30.388338, -98.045264 30.388235, -98.045395 30.388165, -98.045503 30.38812, -98.045609 30.388072, -98.045721 30.38804, -98.04593 30.387989, -98.046114 30.387996, -98.046392 30.387999, -98.046696 30.388002, -98.047252 30.388037, -98.047696 30.38807, -98.04829 30.388201, -98.048681 30.388341, -98.048731 30.388363, -98.048965 30.388475, -98.049037 30.388513, -98.049097 30.388548, -98.049222 30.38866, -98.0493 30.388742, -98.049553 30.389115, -98.049783 30.389422, -98.050314 30.390166, -98.050156 30.390367))",49.8,1133.0,106563.0,5.0,0.0,21726006.485216673,5.214948273033716e-05
"POLYGON ((-97.830401 30.213883, -97.829709 30.215023, -97.828616 30.216907, -97.828364 30.217301, -97.82821 30.217541, -97.828153 30.217634, -97.827062 30.219299, -97.826727 30.219841, -97.826691 30.219913, -97.826333 30.220483, -97.826311 30.220517, -97.82584 30.221268, -97.82576 30.221433, -97.825272 30.222157, -97.82515 30.222359, -97.825129 30.222387, -97.824908 30.222744, -97.824875 30.222794, -97.824668 30.223108, -97.824523 30.223328, -97.824342 30.223567, -97.823574 30.224785, -97.82296 30.225691, -97.822845 30.225903, -97.821761 30.227506, -97.820457 30.229446, -97.820388 30.229554, -97.820339 30.229662, -97.819546 30.230856, -97.818687 30.232151, -97.818588 30.232349, -97.818548 30.232473, -97.818505 30.232527, -97.81847 30.23257, -97.818416 30.232638, -97.818364 30.232931, -97.818351 30.233115, -97.818341 30.233198, -97.818335 30.233269, -97.818314 30.233275, -97.818116 30.233276, -97.817812 30.233278, -97.815284 30.233498, -97.813547 30.233711, -97.811763 30.233767, -97.811232 30.233704, -97.811207 30.233704, -97.810729 30.233617, -97.810338 30.233516, -97.81019 30.233468, -97.809775 30.233332, -97.809198 30.233122, -97.808698 30.232934, -97.806923 30.232254, -97.806835 30.23222, -97.806123 30.232044, -97.805633 30.23198, -97.805407 30.231968, -97.80501 30.231948, -97.804212 30.231987, -97.803588 30.232107, -97.803516 30.232121, -97.80315 30.232191, -97.803099 30.232201, -97.80152 30.232506, -97.800954 30.232671, -97.800691 30.232747, -97.800676 30.232671, -97.80062 30.23237, -97.80061 30.232314, -97.800582 30.232182, -97.800578 30.232163, -97.80057 30.232122, -97.800542 30.231975, -97.800529 30.231606, -97.800742 30.230766, -97.801169 30.229441, -97.801325 30.229056, -97.801898 30.228083, -97.80236 30.227391, -97.803412 30.226405, -97.80387 30.225608, -97.804467 30.224671, -97.804789 30.224193, -97.804962 30.223935, -97.80556 30.222982, -97.806257 30.221907, -97.806316 30.221821, -97.806485 30.221842, -97.80652 30.221859, -97.80679 30.221931, -97.807043 30.221996, -97.80727 30.221954, -97.807452 30.221922, -97.80787 30.22185, -97.808006 30.221858, -97.80826 30.22188, -97.808501 30.221896, -97.808538 30.221852, -97.808698 30.221666, -97.808801 30.221541, -97.808891 30.221342, -97.808964 30.221179, -97.809007 30.221111, -97.809173 30.220839, -97.809445 30.220682, -97.809622 30.220556, -97.809865 30.220382, -97.809958 30.220313, -97.810202 30.220133, -97.810446 30.219954, -97.810578 30.219855, -97.810826 30.219857, -97.810998 30.219585, -97.811063 30.21949, -97.81115 30.219441, -97.811246 30.219406, -97.811356 30.219382, -97.811501 30.219364, -97.811577 30.219361, -97.811607 30.219364, -97.811646 30.219368, -97.811853 30.219429, -97.811993 30.219482, -97.812217 30.219553, -97.812294 30.219561, -97.812357 30.21959, -97.812734 30.219723, -97.812894 30.219768, -97.812975 30.219791, -97.813047 30.219816, -97.81315 30.219841, -97.813564 30.21989, -97.813675 30.219911, -97.813787 30.219952, -97.813825 30.219962, -97.813983 30.219986, -97.814148 30.22, -97.81437 30.220025, -97.814426 30.219975, -97.814522 30.219929, -97.814623 30.219868, -97.814729 30.219777, -97.814816 30.219722, -97.814926 30.219671, -97.8151 30.219615, -97.815182 30.219603, -97.815221 30.219603, -97.81536 30.219601, -97.815528 30.219594, -97.815603 30.219599, -97.815652 30.219574, -97.815724 30.219522, -97.815791 30.219454, -97.81582 30.219408, -97.815944 30.219032, -97.815972 30.218981, -97.816034 30.21891, -97.816158 30.218782, -97.816276 30.21868, -97.816377 30.218584, -97.816559 30.218392, -97.816611 30.21832, -97.816635 30.218269, -97.816649 30.218205, -97.816666 30.218002, -97.816702 30.217705, -97.81672 30.217444, -97.816729 30.217397, -97.816763 30.217228, -97.81679 30.216829, -97.816818 30.21664, -97.81689 30.216287, -97.816915 30.216222, -97.816948 30.216174, -97.817091 30.216024, -97.81716 30.215963, -97.817216 30.215928, -97.817318 30.215883, -97.817407 30.215856, -97.817544 30.215835, -97.81771 30.215828, -97.817843 30.215831, -97.817945 30.215844, -97.818038 30.215871, -97.818217 30.215951, -97.818357 30.216028, -97.818445 30.216089, -97.818514 30.21615, -97.818612 30.216272, -97.818712 30.216383, -97.818768 30.216425, -97.818797 30.216439, -97.818869 30.216463, -97.819104 30.216511, -97.819572 30.216569, -97.819924 30.216602, -97.82002 30.216619, -97.820289 30.216702, -97.820367 30.2167, -97.820426 30.216689, -97.820499 30.216676, -97.820563 30.216654, -97.820638 30.216614, -97.820732 30.216547, -97.820814 30.216479, -97.820915 30.216378, -97.821014 30.216246, -97.821074 30.216178, -97.8211 30.216156, -97.821128 30.216132, -97.82119 30.21608, -97.821235 30.216034, -97.821264 30.216004, -97.821271 30.215996, -97.821286 30.21598, -97.821329 30.215925, -97.821341 30.21591, -97.821452 30.215699, -97.821582 30.215449, -97.821636 30.21536, -97.821783 30.215153, -97.821858 30.215066, -97.821917 30.215019, -97.821989 30.214981, -97.822074 30.214952, -97.822218 30.214921, -97.822518 30.214868, -97.822605 30.214862, -97.823037 30.21488, -97.823798 30.21489, -97.82405 30.214886, -97.824337 30.214872, -97.824619 30.214872, -97.824841 30.214843, -97.824989 30.214836, -97.825534 30.214841, -97.825623 30.214841, -97.825838 30.214827, -97.826359 30.21485, -97.826455 30.214849, -97.826539 30.214838, -97.826627 30.214814, -97.82683 30.214732, -97.826967 30.214664, -97.827166 30.214535, -97.827291 30.214461, -97.827346 30.214424, -97.827633 30.214189, -97.827816 30.213984, -97.827827 30.213952, -97.827863 30.213893, -97.828043 30.213653, -97.828097 30.213589, -97.828174 30.213518, -97.828294 30.213425, -97.828402 30.213333, -97.828508 30.213227, -97.82857 30.213148, -97.828597 30.213109, -97.830261 30.213823, -97.830401 30.213883))",44.6,1336.0,84151.0,25.0,2.0,3210922.650590094,0.0004160797830973829
"POLYGON ((-97.769817 30.354698, -97.768586 30.355493, -97.768302 30.355822, -97.768049 30.356148, -97.767946 30.356321, -97.767871 30.356519, -97.767832 30.356643, -97.767807 30.356821, -97.767807 30.357019, -97.767861 30.357385, -97.767857 30.357548, -97.767835 30.357699, -97.767039 30.358808, -97.766624 30.359647, -97.765313 30.359115, -97.764441 30.358749, -97.76354 30.358321, -97.762843 30.35799, -97.762142 30.357624, -97.761065 30.357165, -97.756617 30.355166, -97.756687 30.35505, -97.757926 30.352971, -97.758122 30.352757, -97.758291 30.352497, -97.758347 30.352344, -97.758353 30.352201, -97.75833 30.352129, -97.758143 30.351347, -97.758654 30.351302, -97.758646 30.351066, -97.758685 30.350885, -97.758714 30.350786, -97.758805 30.350695, -97.758928 30.350623, -97.759009 30.350528, -97.759054 30.350438, -97.759108 30.350153, -97.758907 30.350114, -97.758602 30.349956, -97.758436 30.34984, -97.758291 30.349716, -97.758152 30.349537, -97.757952 30.349102, -97.758142 30.348773, -97.758711 30.348488, -97.758824 30.348797, -97.758925 30.348952, -97.759018 30.349089, -97.759111 30.349177, -97.759235 30.349239, -97.759425 30.349275, -97.759735 30.349284, -97.760373 30.349293, -97.760443 30.349306, -97.760501 30.349346, -97.760545 30.349394, -97.760585 30.349461, -97.760656 30.349629, -97.76074 30.349828, -97.760855 30.349996, -97.761098 30.350275, -97.761342 30.350532, -97.761479 30.350651, -97.761567 30.350704, -97.761652 30.350718, -97.76178 30.350718, -97.761952 30.350682, -97.762454 30.350567, -97.762844 30.350513, -97.763736 30.35047, -97.763854 30.35095, -97.764269 30.351684, -97.764604 30.351994, -97.766158 30.353216, -97.76685 30.353628, -97.767396 30.353953, -97.769475 30.354528, -97.769817 30.354698))",39.9,1662.0,113349.0,95.0,24.0,736265.7101251237,0.0022573372318501067
"POLYGON ((-97.765102 30.343667, -97.764874 30.34413, -97.764813 30.344767, -97.764658 30.345094, -97.76451 30.345435, -97.76412 30.346596, -97.763939 30.348141, -97.763855 30.34901, -97.763749 30.349768, -97.763723 30.350012, -97.763718 30.350184, -97.763736 30.35047, -97.762844 30.350513, -97.762454 30.350567, -97.761952 30.350682, -97.76178 30.350718, -97.761652 30.350718, -97.761567 30.350704, -97.761479 30.350651, -97.761342 30.350532, -97.761098 30.350275, -97.760855 30.349996, -97.76074 30.349828, -97.760656 30.349629, -97.760585 30.349461, -97.760545 30.349394, -97.760501 30.349346, -97.760443 30.349306, -97.760373 30.349293, -97.759735 30.349284, -97.759425 30.349275, -97.759235 30.349239, -97.759111 30.349177, -97.759018 30.349089, -97.758925 30.348952, -97.758824 30.348797, -97.758711 30.348488, -97.758142 30.348773, -97.757952 30.349102, -97.758152 30.349537, -97.758291 30.349716, -97.758436 30.34984, -97.758602 30.349956, -97.758907 30.350114, -97.759108 30.350153, -97.759054 30.350438, -97.759009 30.350528, -97.758928 30.350623, -97.758805 30.350695, -97.758714 30.350786, -97.758685 30.350885, -97.758646 30.351066, -97.758654 30.351302, -97.758143 30.351347, -97.757398 30.350859, -97.757303 30.350772, -97.756814 30.350008, -97.756404 30.349365, -97.756139 30.348183, -97.756095 30.347856, -97.756095 30.347536, -97.756073 30.347311, -97.756008 30.347049, -97.755921 30.34686, -97.755819 30.34673, -97.755628 30.346572, -97.755479 30.346528, -97.755349 30.346499, -97.7552 30.346479, -97.755045 30.346448, -97.754913 30.346401, -97.754222 30.345947, -97.753401 30.345666, -97.752187 30.345201, -97.754147 30.341995, -97.757077 30.337434, -97.757705 30.33779, -97.75891 30.338441, -97.758936 30.338734, -97.758972 30.338903, -97.759023 30.339086, -97.759092 30.33924, -97.759194 30.3394, -97.759332 30.339559, -97.759911 30.340039, -97.760006 30.340166, -97.760072 30.340299, -97.760138 30.340501, -97.760195 30.340644, -97.760297 30.340828, -97.760434 30.341019, -97.760595 30.341177, -97.760809 30.341337, -97.760948 30.341453, -97.76127 30.341706, -97.761685 30.341951, -97.762285 30.342302, -97.762488 30.34243, -97.762695 30.342525, -97.76287 30.342573, -97.763049 30.342575, -97.763078 30.34278, -97.763106 30.34282, -97.763189 30.3429, -97.763293 30.34294, -97.76358 30.343017, -97.763806 30.34307, -97.763939 30.343116, -97.764107 30.34319, -97.76477 30.343496, -97.764972 30.343593, -97.765102 30.343667))",44.3,1123.0,167250.0,0.0,19.0,1010278.5961925155,0.0011115745738178588
"POLYGON ((-97.754863 30.357083, -97.754736 30.35729, -97.754667 30.35749, -97.754424 30.358213, -97.754358 30.358376, -97.754282 30.358518, -97.75401 30.358923, -97.752414 30.358231, -97.750793 30.358356, -97.750179 30.358343, -97.749321 30.357938, -97.747543 30.357226, -97.747313 30.356855, -97.746916 30.356699, -97.74641 30.356315, -97.746178 30.356168, -97.745959 30.35596, -97.746174 30.355525, -97.746294 30.355286, -97.746828 30.354128, -97.747361 30.352969, -97.747374 30.353005, -97.747483 30.35318, -97.747709 30.353339, -97.747875 30.353456, -97.748081 30.353601, -97.748305 30.353759, -97.748489 30.353889, -97.748758 30.354078, -97.74883 30.354091, -97.74904 30.354093, -97.749075 30.3541, -97.749138 30.354128, -97.749157 30.354152, -97.74918 30.354247, -97.749212 30.354288, -97.749297 30.354376, -97.749577 30.354628, -97.749755 30.354819, -97.749842 30.35493, -97.749951 30.355122, -97.749994 30.355177, -97.750023 30.355204, -97.750086 30.355248, -97.750201 30.355301, -97.750388 30.355367, -97.750596 30.355415, -97.750683 30.355445, -97.750739 30.355478, -97.750771 30.355509, -97.750815 30.355579, -97.75088 30.355711, -97.750931 30.355842, -97.75096 30.355903, -97.751031 30.356012, -97.751076 30.356067, -97.751156 30.356154, -97.751212 30.3562, -97.751393 30.35625, -97.751476 30.356273, -97.75182 30.356408, -97.751906 30.356434, -97.752024 30.356457, -97.752183 30.356449, -97.752253 30.356454, -97.752298 30.356467, -97.752577 30.356615, -97.75265 30.356665, -97.752735 30.356708, -97.753093 30.356857, -97.75312 30.35686, -97.753271 30.356836, -97.753363 30.356842, -97.753526 30.356879, -97.753663 30.356889, -97.753836 30.356911, -97.753959 30.356933, -97.75398 30.356939, -97.754019 30.356943, -97.754093 30.356937, -97.75435 30.356896, -97.754412 30.35689, -97.754746 30.356895, -97.754832 30.356889, -97.755 30.356915, -97.754863 30.357083))",38.1,1362.0,48477.0,12.0,83.0,234461.42970333973,0.005809057812721336
"POLYGON ((-97.757077 30.337434, -97.754147 30.341995, -97.752187 30.345201, -97.753401 30.345666, -97.754222 30.345947, -97.754913 30.346401, -97.754377 30.346963, -97.754167 30.347208, -97.75408 30.347371, -97.754057 30.347546, -97.754144 30.348704, -97.754132 30.34885, -97.754092 30.348954, -97.754026 30.349033, -97.75545 30.34986, -97.754919 30.350465, -97.754519 30.351222, -97.753205 30.353366, -97.753136 30.353466, -97.751135 30.352511, -97.750972 30.352434, -97.750685 30.352293, -97.75039 30.352164, -97.750149 30.352093, -97.749872 30.352009, -97.749617 30.35191, -97.749081 30.35179, -97.748839 30.35172, -97.748366 30.351585, -97.74799 30.351604, -97.748351 30.35082, -97.748628 30.350221, -97.750268 30.346783, -97.750999 30.345117, -97.751546 30.343959, -97.754186 30.3382, -97.754359 30.337629, -97.754389 30.337528, -97.754498 30.33742, -97.755013 30.336232, -97.755277 30.336413, -97.755614 30.336593, -97.756013 30.336812, -97.757077 30.337434))",33.3,1252.0,69191.0,65.0,40.0,554135.8141058922,0.002259373908218013
"POLYGON ((-97.822236 30.167117, -97.821998 30.167884, -97.821882 30.168193, -97.821234 30.170094, -97.821207 30.170174, -97.820611 30.172038, -97.820077 30.173707, -97.820064 30.173745, -97.819998 30.173889, -97.8192 30.173899, -97.817127 30.173884, -97.816999 30.173871, -97.816892 30.173886, -97.816168 30.173916, -97.815206 30.173921, -97.814501 30.173939, -97.814404 30.173936, -97.814331 30.173939, -97.81279 30.173965, -97.812692 30.173972, -97.812594 30.173978, -97.812036 30.173976, -97.811072 30.173996, -97.810938 30.173992, -97.810816 30.173993, -97.809425 30.174008, -97.809333 30.174002, -97.809247 30.17401, -97.808363 30.174024, -97.807406 30.17404, -97.807408 30.173905, -97.808155 30.171371, -97.808406 30.170521, -97.808438 30.170371, -97.808451 30.17026, -97.808418 30.170175, -97.808248 30.169808, -97.808163 30.169572, -97.808116 30.169396, -97.808123 30.169225, -97.808189 30.169061, -97.808312 30.168884, -97.808516 30.168714, -97.808739 30.168511, -97.808837 30.168426, -97.808922 30.168328, -97.808994 30.168157, -97.809215 30.167607, -97.809152 30.167539, -97.809083 30.167469, -97.809028 30.167433, -97.808827 30.167375, -97.808803 30.167357, -97.808754 30.167268, -97.808655 30.167149, -97.808574 30.167068, -97.808487 30.166997, -97.808272 30.166804, -97.808205 30.166758, -97.807995 30.16658, -97.807941 30.166522, -97.80776 30.166346, -97.807709 30.166272, -97.807592 30.166062, -97.807546 30.166027, -97.807295 30.165674, -97.807177 30.165501, -97.807115 30.165428, -97.807053 30.165366, -97.806982 30.165268, -97.80684 30.165095, -97.806695 30.164908, -97.806314 30.164435, -97.80625 30.164367, -97.806178 30.164298, -97.80615 30.164257, -97.806134 30.164213, -97.806132 30.16416, -97.806148 30.164078, -97.806168 30.164042, -97.806269 30.163936, -97.806362 30.163802, -97.806411 30.163715, -97.806412 30.163687, -97.806351 30.163563, -97.80645 30.163404, -97.806463 30.163357, -97.806466 30.16328, -97.806462 30.163227, -97.806442 30.163092, -97.806445 30.163021, -97.806477 30.16293, -97.806499 30.162821, -97.806504 30.162763, -97.806496 30.162721, -97.806467 30.162682, -97.806388 30.162613, -97.806247 30.1625, -97.80614 30.162388, -97.80608 30.162306, -97.806038 30.162222, -97.805987 30.162077, -97.805961 30.161913, -97.805943 30.161738, -97.805933 30.161553, -97.805899 30.161213, -97.80583 30.16108, -97.805728 30.160946, -97.805663 30.160882, -97.80573 30.160844, -97.805946 30.160746, -97.806096 30.160704, -97.806261 30.160679, -97.806442 30.160666, -97.806807 30.16063, -97.806976 30.160619, -97.807227 30.160582, -97.807495 30.160555, -97.807603 30.160555, -97.807706 30.160563, -97.807789 30.160589, -97.807851 30.160621, -97.807907 30.160663, -97.807947 30.160709, -97.807996 30.160807, -97.808152 30.161247, -97.808207 30.16149, -97.808277 30.161711, -97.808341 30.161846, -97.808398 30.162014, -97.808494 30.162353, -97.808522 30.162412, -97.808557 30.162457, -97.808601 30.162491, -97.808634 30.162509, -97.808703 30.162533, -97.808802 30.162551, -97.808979 30.162599, -97.809008 30.162612, -97.809049 30.162641, -97.809099 30.162696, -97.809133 30.162708, -97.8092 30.162766, -97.809252 30.1628, -97.809288 30.162815, -97.809386 30.162845, -97.809517 30.162872, -97.80967 30.16291, -97.809735 30.162932, -97.809855 30.162993, -97.810067 30.163091, -97.810448 30.163253, -97.810569 30.163312, -97.810631 30.163336, -97.810671 30.16334, -97.810928 30.163313, -97.811082 30.163285, -97.811212 30.163248, -97.811313 30.163209, -97.811487 30.163129, -97.811604 30.16309, -97.81176 30.163055, -97.811976 30.163019, -97.812359 30.162943, -97.812441 30.162931, -97.812676 30.162909, -97.812754 30.162912, -97.812867 30.162934, -97.813055 30.162962, -97.81314 30.162982, -97.81323 30.163014, -97.813264 30.163032, -97.813311 30.163067, -97.813348 30.163109, -97.813412 30.163213, -97.813543 30.163525, -97.813598 30.163673, -97.813652 30.163795, -97.813727 30.164005, -97.81375 30.164052, -97.813783 30.164084, -97.813953 30.16418, -97.814057 30.164243, -97.81441 30.16447, -97.81447 30.164503, -97.81456 30.164537, -97.814653 30.16456, -97.814719 30.164582, -97.814836 30.164642, -97.814912 30.164691, -97.814942 30.164723, -97.815048 30.164945, -97.815082 30.164988, -97.815234 30.165109, -97.81544 30.16526, -97.815567 30.165362, -97.815647 30.165441, -97.81571 30.165496, -97.815744 30.165515, -97.815769 30.165521, -97.815834 30.165517, -97.815901 30.165537, -97.815931 30.165556, -97.816095 30.165735, -97.816155 30.165792, -97.816198 30.165811, -97.816244 30.165815, -97.816283 30.165806, -97.816329 30.165784, -97.816374 30.165747, -97.816443 30.165674, -97.816505 30.165576, -97.81655 30.165519, -97.816652 30.165429, -97.816725 30.165376, -97.816788 30.165348, -97.816867 30.165338, -97.816931 30.165345, -97.817344 30.165455, -97.817429 30.165488, -97.817697 30.165614, -97.817733 30.16563, -97.817844 30.165679, -97.817919 30.165711, -97.818039 30.165736, -97.818111 30.165759, -97.818194 30.165774, -97.818472 30.165873, -97.818575 30.165891, -97.818616 30.165893, -97.818699 30.16589, -97.81875 30.165877, -97.81879 30.165855, -97.818822 30.165816, -97.81892 30.165596, -97.818957 30.165545, -97.819013 30.165508, -97.819175 30.165435, -97.819477 30.165264, -97.819526 30.165244, -97.819782 30.165178, -97.819832 30.165171, -97.81988 30.165174, -97.819939 30.165192, -97.819987 30.165224, -97.820049 30.165296, -97.82013 30.165361, -97.820169 30.165384, -97.820252 30.165422, -97.820299 30.165437, -97.820373 30.165444, -97.820621 30.165444, -97.820691 30.165457, -97.820731 30.165475, -97.820779 30.165515, -97.82084 30.165594, -97.820886 30.165677, -97.820903 30.165757, -97.820934 30.165853, -97.8211 30.166124, -97.821162 30.166215, -97.821189 30.166246, -97.821241 30.166279, -97.821292 30.166307, -97.821337 30.166332, -97.821385 30.166391, -97.821415 30.166447, -97.821458 30.166576, -97.821469 30.166658, -97.821471 30.166873, -97.821476 30.166904, -97.821498 30.166927, -97.821545 30.166989, -97.821602 30.167038, -97.821761 30.167135, -97.82186 30.167203, -97.821912 30.167234, -97.82197 30.167256, -97.822004 30.167258, -97.822032 30.167251, -97.822137 30.167186, -97.82219 30.167146, -97.822236 30.167117))",35.2,1216.0,112443.0,100.0,8.0,1433035.3693100358,0.0008485484908760263
"POLYGON ((-97.832004 30.162018, -97.831557 30.162624, -97.83116 30.163132, -97.83082 30.163483, -97.830447 30.163814, -97.830001 30.164138, -97.829479 30.164585, -97.828645 30.165238, -97.828102 30.165663, -97.827468 30.166223, -97.827079 30.166757, -97.826831 30.167096, -97.826499 30.167685, -97.826303 30.168033, -97.825563 30.169346, -97.824707 30.170864, -97.824691 30.17091, -97.824246 30.172183, -97.824223 30.172266, -97.823846 30.173635, -97.823842 30.173649, -97.823827 30.173705, -97.823801 30.173764, -97.823733 30.17377, -97.819998 30.173889, -97.820064 30.173745, -97.820077 30.173707, -97.820611 30.172038, -97.821207 30.170174, -97.821234 30.170094, -97.821882 30.168193, -97.821998 30.167884, -97.822236 30.167117, -97.822597 30.165932, -97.823012 30.164714, -97.82305 30.164583, -97.82343 30.163292, -97.82399 30.16157, -97.824446 30.160034, -97.825005 30.158312, -97.825358 30.157245, -97.825618 30.156462, -97.82588 30.155623, -97.825891 30.155653, -97.8259 30.155715, -97.825944 30.155717, -97.825992 30.155753, -97.826011 30.155776, -97.826082 30.155863, -97.82618 30.155971, -97.82631 30.156061, -97.826401 30.156141, -97.826457 30.156206, -97.826516 30.156298, -97.826622 30.156496, -97.826679 30.156631, -97.826719 30.156709, -97.826787 30.15681, -97.826931 30.156976, -97.827002 30.157077, -97.827032 30.157113, -97.827194 30.157256, -97.827396 30.157455, -97.827478 30.157553, -97.82756 30.157669, -97.827595 30.157736, -97.827614 30.157794, -97.827623 30.15787, -97.827597 30.158014, -97.827601 30.15808, -97.827616 30.158149, -97.827658 30.158237, -97.827738 30.158361, -97.827834 30.158488, -97.827925 30.158589, -97.828031 30.158759, -97.82818 30.158925, -97.828206 30.158964, -97.828222 30.159002, -97.828236 30.159064, -97.828258 30.159153, -97.828275 30.159204, -97.82831 30.159253, -97.828389 30.159322, -97.828629 30.159484, -97.828729 30.159556, -97.828758 30.159588, -97.828797 30.15967, -97.828844 30.159733, -97.828947 30.159834, -97.829071 30.159924, -97.829126 30.159982, -97.829291 30.160246, -97.829324 30.160328, -97.829344 30.160357, -97.829555 30.160542, -97.829578 30.160598, -97.829615 30.160647, -97.829687 30.160724, -97.829759 30.16078, -97.830058 30.160935, -97.830862 30.161362, -97.831143 30.161498, -97.831201 30.161534, -97.831309 30.161617, -97.831325 30.16163, -97.831385 30.161669, -97.831593 30.161766, -97.831786 30.161889, -97.831905 30.16196, -97.832004 30.162018))",32.6,1364.0,96000.0,51.0,9.0,873262.1451761372,0.0015619593813091266
"POLYGON ((-97.74484 30.286174, -97.744785 30.28669, -97.744742 30.287233, -97.744682 30.287936, -97.743904 30.287876, -97.743658 30.287827, -97.743145 30.287828, -97.742645 30.287769, -97.742376 30.287771, -97.74155 30.287719, -97.741685 30.286489, -97.741735 30.285891, -97.74181 30.285, -97.742901 30.285084, -97.743944 30.285179, -97.744947 30.285263, -97.74484 30.286174))",20.4,2996.0,20509.0,2796.0,39.0,89955.2740018341,0.03330544021175361
"POLYGON ((-97.744591 30.288603, -97.744537 30.289306, -97.744503 30.28999, -97.744425 30.290668, -97.743621 30.290618, -97.742891 30.290551, -97.742129 30.290495, -97.741915 30.290488, -97.741598 30.290478, -97.74128 30.290469, -97.741354 30.289813, -97.741386 30.289419, -97.741415 30.28908, -97.741461 30.288762, -97.74155 30.287719, -97.742376 30.287771, -97.742645 30.287769, -97.743145 30.287828, -97.743658 30.287827, -97.743904 30.287876, -97.744682 30.287936, -97.744591 30.288603))",21.7,992.0,4823.0,629.0,33.0,91850.47681449464,0.010800161680199961
"POLYGON ((-97.748152 30.284868, -97.748107 30.285478, -97.746513 30.285369, -97.744947 30.285263, -97.745062 30.284038, -97.745175 30.282663, -97.745926 30.282884, -97.746735 30.283104, -97.747185 30.283231, -97.748319 30.283551, -97.748152 30.284868))",21.0,703.0,39063.0,512.0,16.0,76933.86551195296,0.00913771841986514
"POLYGON ((-97.762639 30.274827, -97.761376 30.276801, -97.761044 30.277355, -97.760857 30.277604, -97.759837 30.277078, -97.759303 30.276872, -97.758534 30.27648, -97.757572 30.276031, -97.756861 30.275742, -97.756226 30.275509, -97.755553 30.275187, -97.755709 30.274954, -97.75475 30.27463, -97.753804 30.274286, -97.752773 30.273949, -97.753964 30.271539, -97.754746 30.271857, -97.754978 30.271939, -97.755389 30.272098, -97.756405 30.272493, -97.757111 30.272763, -97.75755 30.272915, -97.757936 30.27306, -97.759398 30.273604, -97.760211 30.273887, -97.760871 30.274123, -97.761497 30.274383, -97.76198 30.274569, -97.762639 30.274827))",44.2,999.0,37564.0,0.0,81.0,278768.6893278402,0.003583616231825614
"POLYGON ((-97.752085 30.274034, -97.75207 30.274087, -97.751999 30.274222, -97.751764 30.274556, -97.751631 30.274697, -97.751566 30.274761, -97.751502 30.274823, -97.75145 30.274883, -97.751431 30.274921, -97.751411 30.275025, -97.751348 30.275227, -97.751332 30.275301, -97.751315 30.275353, -97.751285 30.275406, -97.751054 30.275682, -97.750902 30.275839, -97.750817 30.275913, -97.750694 30.275992, -97.750519 30.276113, -97.75026 30.276318, -97.750243 30.276343, -97.750224 30.276412, -97.750207 30.276437, -97.750173 30.276474, -97.750167 30.276493, -97.749911 30.276411, -97.748446 30.276012, -97.747369 30.275746, -97.746288 30.27543, -97.745216 30.275114, -97.744159 30.274834, -97.743032 30.274529, -97.742483 30.274366, -97.742903 30.273241, -97.742402 30.273101, -97.741234 30.272782, -97.741106 30.272748, -97.741442 30.271803, -97.741756 30.270852, -97.742114 30.269905, -97.742472 30.268966, -97.742813 30.268066, -97.744128 30.268417, -97.745203 30.268716, -97.74626 30.269024, -97.747364 30.269321, -97.748424 30.269628, -97.749524 30.269945, -97.750586 30.270296, -97.751262 30.270538, -97.751231 30.270595, -97.751038 30.270865, -97.750958 30.270949, -97.750899 30.271028, -97.750868 30.271091, -97.750843 30.271182, -97.750815 30.271413, -97.750815 30.271472, -97.750824 30.271525, -97.750854 30.2716, -97.750937 30.271702, -97.751022 30.27185, -97.751125 30.272, -97.751159 30.272066, -97.751194 30.27215, -97.751232 30.272239, -97.75132 30.272481, -97.751339 30.272565, -97.751335 30.272628, -97.75131 30.272712, -97.751298 30.272831, -97.751302 30.27294, -97.751323 30.273056, -97.751401 30.27326, -97.751406 30.273395, -97.751419 30.273441, -97.751445 30.27349, -97.751491 30.27355, -97.751594 30.273672, -97.751672 30.273752, -97.751714 30.273776, -97.751926 30.273868, -97.752003 30.273905, -97.752046 30.273937, -97.752077 30.273989, -97.752085 30.274034))",37.1,717.0,130194.0,12.0,12.0,620775.9262852715,0.0011550061296521825
"POLYGON ((-97.764251 30.258536, -97.763721 30.259306, -97.763153 30.260351, -97.762579 30.261228, -97.762444 30.261195, -97.76232 30.261184, -97.762205 30.261201, -97.7621 30.261276, -97.761885 30.261481, -97.761494 30.261992, -97.760019 30.261523, -97.759158 30.261176, -97.7585 30.260928, -97.757827 30.260742, -97.757073 30.260608, -97.757802 30.259388, -97.759312 30.256856, -97.760023 30.255667, -97.760157 30.255438, -97.760314 30.255484, -97.760586 30.255621, -97.761491 30.256052, -97.76225 30.256441, -97.763113 30.256879, -97.763528 30.257087, -97.763882 30.257266, -97.764751 30.257778, -97.764251 30.258536))",31.5,1306.0,204548.0,9.0,18.0,296990.913455166,0.004397440934492277
"POLYGON ((-97.752036 30.264186, -97.751385 30.264965, -97.751337 30.265017, -97.751176 30.265281, -97.751128 30.265362, -97.751001 30.265566, -97.750866 30.265834, -97.750751 30.266025, -97.750699 30.266136, -97.750691 30.266154, -97.750671 30.266195, -97.750643 30.266233, -97.750555 30.266319, -97.750533 30.266359, -97.75052 30.266458, -97.7505 30.266854, -97.750449 30.266974, -97.750397 30.267068, -97.750376 30.2671, -97.749462 30.266819, -97.748434 30.266534, -97.747304 30.266226, -97.747009 30.266143, -97.746245 30.265929, -97.746001 30.265855, -97.745989 30.265851, -97.745157 30.265602, -97.745177 30.26555, -97.745511 30.264682, -97.745856 30.263762, -97.744567 30.263382, -97.744865 30.26251, -97.745007 30.262115, -97.745156 30.261699, -97.745175 30.261651, -97.745303 30.261706, -97.745575 30.261822, -97.746482 30.262183, -97.746639 30.262251, -97.747074 30.262518, -97.747114 30.262543, -97.747603 30.262773, -97.747807 30.262849, -97.747963 30.262909, -97.748128 30.262973, -97.748614 30.263164, -97.749433 30.263472, -97.749732 30.263589, -97.750478 30.263659, -97.751046 30.263852, -97.751627 30.264, -97.751991 30.264158, -97.752036 30.264186))",37.0,758.0,155363.0,0.0,31.0,223636.4681900341,0.0033894293096951114
"POLYGON ((-97.996197 30.26595, -97.996133 30.266048, -97.996097 30.26609, -97.99602 30.266143, -97.995575 30.266491, -97.995496 30.266539, -97.9954 30.266626, -97.995197 30.266822, -97.994688 30.267293, -97.994535 30.267441, -97.99441 30.26761, -97.994361 30.267654, -97.994261 30.267726, -97.994107 30.267812, -97.994061 30.267832, -97.993993 30.26785, -97.993928 30.267852, -97.993765 30.267818, -97.993695 30.267793, -97.993608 30.26775, -97.993553 30.267743, -97.993431 30.26774, -97.993311 30.267723, -97.99305 30.267655, -97.992903 30.267601, -97.992829 30.267555, -97.992708 30.267446, -97.992629 30.267392, -97.991921 30.268229, -97.990789 30.267115, -97.990475 30.267126, -97.990238 30.267151, -97.990012 30.267195, -97.989879 30.267205, -97.98962 30.267212, -97.989192 30.267261, -97.988874 30.26729, -97.98855 30.267335, -97.988421 30.267362, -97.988334 30.267392, -97.988223 30.267447, -97.988124 30.267518, -97.987994 30.267639, -97.987744 30.267888, -97.98767 30.26797, -97.987582 30.268088, -97.987336 30.26848, -97.987198 30.268676, -97.987112 30.268832, -97.987041 30.268983, -97.986923 30.269265, -97.986892 30.269382, -97.986809 30.269829, -97.986794 30.269973, -97.986789 30.270131, -97.986794 30.270232, -97.986817 30.270347, -97.986862 30.270479, -97.986911 30.270601, -97.986922 30.270659, -97.986919 30.270697, -97.986892 30.270774, -97.986817 30.270923, -97.986768 30.271007, -97.986727 30.271058, -97.986712 30.271089, -97.986661 30.271301, -97.986636 30.271351, -97.986559 30.271446, -97.986499 30.271504, -97.986474 30.27155, -97.986432 30.271643, -97.986354 30.271793, -97.986236 30.272041, -97.986131 30.272242, -97.986097 30.272289, -97.985803 30.272629, -97.985673 30.272758, -97.985455 30.273001, -97.985325 30.273129, -97.985259 30.273184, -97.985086 30.273305, -97.984948 30.273391, -97.984892 30.273417, -97.98484 30.273428, -97.984767 30.27343, -97.984683 30.273422, -97.984467 30.273381, -97.984373 30.273352, -97.983915 30.273139, -97.98381 30.273084, -97.98359 30.272933, -97.983456 30.272831, -97.983306 30.272705, -97.983102 30.27255, -97.982949 30.272416, -97.982837 30.272309, -97.982705 30.27216, -97.982562 30.271949, -97.982444 30.271759, -97.982379 30.271636, -97.982328 30.271511, -97.982299 30.271398, -97.982282 30.271297, -97.982263 30.271017, -97.982241 30.270612, -97.982225 30.270383, -97.982228 30.270171, -97.982249 30.269989, -97.982373 30.269443, -97.98244 30.269118, -97.982525 30.268481, -97.982553 30.268397, -97.9826 30.268298, -97.982628 30.268274, -97.982711 30.26825, -97.982787 30.268242, -97.982809 30.268228, -97.982832 30.268197, -97.982856 30.268129, -97.98288 30.267989, -97.982902 30.267778, -97.98295 30.267438, -97.982946 30.267386, -97.982925 30.26733, -97.98284 30.26721, -97.982651 30.266884, -97.982524 30.266728, -97.982503 30.266697, -97.982312 30.266421, -97.982052 30.266107, -97.981792 30.265847, -97.981707 30.265771, -97.981614 30.265703, -97.981453 30.265604, -97.981256 30.265465, -97.981182 30.265418, -97.980732 30.265181, -97.980661 30.265151, -97.980197 30.26499, -97.980062 30.264945, -97.97997 30.26493, -97.979875 30.264924, -97.979735 30.264933, -97.979649 30.26495, -97.979573 30.264979, -97.979493 30.26503, -97.979416 30.2651, -97.979337 30.265196, -97.979252 30.26532, -97.979206 30.265427, -97.979176 30.265467, -97.978796 30.265812, -97.978692 30.265889, -97.978602 30.265945, -97.97847 30.266009, -97.978308 30.266074, -97.978196 30.26613, -97.978118 30.266184, -97.977956 30.266353, -97.977795 30.266644, -97.977748 30.266715, -97.97769 30.266782, -97.977644 30.266822, -97.977592 30.266855, -97.977526 30.266869, -97.977499 30.266883, -97.977476 30.266908, -97.97742 30.267011, -97.977327 30.267216, -97.977256 30.267385, -97.977179 30.267605, -97.97715 30.26774, -97.977136 30.267889, -97.977136 30.26813, -97.977148 30.268266, -97.977225 30.268728, -97.977297 30.269013, -97.977427 30.269655, -97.977465 30.269896, -97.977508 30.270071, -97.97754 30.27028, -97.977544 30.270525, -97.977537 30.270607, -97.977519 30.270678, -97.977313 30.271188, -97.977254 30.271308, -97.977207 30.271418, -97.977135 30.271622, -97.97706 30.271781, -97.977002 30.271887, -97.976945 30.271969, -97.976879 30.272042, -97.97679 30.272118, -97.976624 30.272232, -97.976538 30.272276, -97.976315 30.272358, -97.976112 30.272422, -97.976009 30.272445, -97.975912 30.272455, -97.975734 30.272455, -97.975564 30.272443, -97.97536 30.272415, -97.975153 30.272374, -97.975048 30.272343, -97.974878 30.272274, -97.974762 30.272213, -97.974677 30.272154, -97.974575 30.272056, -97.974427 30.271881, -97.974246 30.271645, -97.974092 30.271433, -97.973965 30.271244, -97.973908 30.27114, -97.973869 30.271036, -97.973841 30.270908, -97.973827 30.270788, -97.97382 30.270649, -97.973782 30.270456, -97.973746 30.27032, -97.973703 30.270213, -97.973612 30.270042, -97.973509 30.26989, -97.973237 30.269525, -97.973194 30.269484, -97.973167 30.269469, -97.9731 30.269446, -97.972908 30.269358, -97.972852 30.26932, -97.972794 30.269266, -97.972717 30.269163, -97.972553 30.268875, -97.972518 30.268796, -97.97244 30.268544, -97.972307 30.268217, -97.972234 30.268025, -97.972138 30.267816, -97.972084 30.267708, -97.971956 30.267472, -97.971868 30.267332, -97.971469 30.26679, -97.971359 30.266656, -97.97126 30.26655, -97.971077 30.266275, -97.970992 30.266163, -97.97081 30.265945, -97.970743 30.265848, -97.970646 30.265689, -97.970591 30.265614, -97.970528 30.265549, -97.970463 30.265489, -97.970106 30.265206, -97.969921 30.265078, -97.96969 30.264939, -97.96956 30.264877, -97.969382 30.264803, -97.969273 30.264753, -97.969213 30.264735, -97.969176 30.264728, -97.96912 30.264725, -97.969061 30.264737, -97.968966 30.264782, -97.968703 30.264934, -97.968635 30.264961, -97.968476 30.265, -97.968321 30.265033, -97.967921 30.265155, -97.967819 30.265174, -97.967757 30.265177, -97.967654 30.265165, -97.967575 30.265148, -97.967489 30.26515, -97.967353 30.26517, -97.967221 30.265197, -97.966921 30.265237, -97.966841 30.265257, -97.966743 30.265287, -97.966643 30.265325, -97.966599 30.265358, -97.966552 30.265416, -97.966296 30.265801, -97.966208 30.26595, -97.966099 30.266197, -97.966048 30.266344, -97.966011 30.266498, -97.965927 30.266682, -97.965883 30.266792, -97.965874 30.266844, -97.965874 30.266968, -97.96589 30.267122, -97.965932 30.267346, -97.965993 30.267797, -97.966024 30.26785, -97.966105 30.267967, -97.966201 30.268156, -97.966237 30.268242, -97.966252 30.268297, -97.966255 30.268352, -97.966241 30.268443, -97.966207 30.268574, -97.966125 30.26875, -97.966068 30.268885, -97.965981 30.269006, -97.965813 30.269497, -97.965791 30.269687, -97.965695 30.269998, -97.965599 30.270287, -97.965596 30.270305, -97.965592 30.270401, -97.965579 30.270495, -97.96555 30.270553, -97.965414 30.270761, -97.965367 30.270817, -97.965192 30.270977, -97.964903 30.271165, -97.964866 30.271179, -97.964591 30.271223, -97.964513 30.271247, -97.964436 30.271242, -97.964154 30.271201, -97.963442 30.27106, -97.963253 30.271031, -97.96299 30.27098, -97.962869 30.270953, -97.962696 30.270905, -97.962589 30.270868, -97.962351 30.270761, -97.962073 30.270624, -97.961551 30.27039, -97.961374 30.270282, -97.961265 30.270225, -97.9612 30.270196, -97.960995 30.270138, -97.960789 30.270044, -97.960217 30.269826, -97.960147 30.269793, -97.960103 30.269755, -97.960052 30.269701, -97.959957 30.2696, -97.959904 30.269561, -97.959862 30.269539, -97.959785 30.269513, -97.959233 30.269395, -97.95848 30.269254, -97.95831 30.26921, -97.958188 30.2692, -97.958017 30.269207, -97.957869 30.269218, -97.957728 30.269205, -97.957581 30.269177, -97.957505 30.269172, -97.95722 30.269172, -97.957131 30.26918, -97.957032 30.269202, -97.956971 30.269221, -97.956744 30.269303, -97.95636 30.269416, -97.956328 30.269434, -97.956274 30.269495, -97.956239 30.269583, -97.956187 30.269799, -97.956179 30.269874, -97.956185 30.269919, -97.956248 30.270095, -97.956267 30.270132, -97.956296 30.270172, -97.956385 30.270245, -97.95648 30.270316, -97.95649 30.270334, -97.956491 30.270378, -97.956482 30.270437, -97.956502 30.270564, -97.956509 30.270718, -97.956495 30.27085, -97.956503 30.270917, -97.956527 30.270987, -97.956746 30.271439, -97.956793 30.271508, -97.956961 30.271704, -97.957058 30.271804, -97.957124 30.271852, -97.957229 30.271914, -97.95751 30.272102, -97.957852 30.272307, -97.958419 30.272553, -97.958861 30.272724, -97.959167 30.272853, -97.959231 30.272871, -97.959304 30.272881, -97.959657 30.272891, -97.95973 30.272904, -97.959799 30.272927, -97.959887 30.272976, -97.960038 30.273092, -97.960088 30.27314, -97.960158 30.273232, -97.960259 30.273409, -97.96035 30.273612, -97.960437 30.273826, -97.960455 30.273894, -97.960505 30.274431, -97.960508 30.274607, -97.960491 30.275, -97.960476 30.275068, -97.960444 30.275135, -97.960258 30.27543, -97.960219 30.2755, -97.960193 30.275523, -97.959921 30.275636, -97.959865 30.275672, -97.959819 30.275719, -97.959775 30.275787, -97.959689 30.275964, -97.959664 30.275993, -97.959646 30.276004, -97.959147 30.276197, -97.959001 30.276241, -97.958788 30.27628, -97.958634 30.276327, -97.958477 30.276388, -97.958409 30.276423, -97.958253 30.276523, -97.958076 30.27663, -97.957747 30.276869, -97.957675 30.2769, -97.957547 30.276937, -97.957424 30.276958, -97.957368 30.276958, -97.957346 30.276953, -97.957262 30.276909, -97.957211 30.276892, -97.957164 30.276887, -97.957098 30.276888, -97.957004 30.276896, -97.956939 30.276887, -97.956707 30.276804, -97.956651 30.276787, -97.956239 30.276691, -97.955958 30.276617, -97.955591 30.276535, -97.955433 30.276507, -97.95513 30.276462, -97.955073 30.276441, -97.954992 30.276401, -97.95482 30.276327, -97.954715 30.276268, -97.954478 30.276106, -97.954421 30.276083, -97.954324 30.276058, -97.954206 30.276046, -97.95403 30.276046, -97.953908 30.276068, -97.953439 30.27604, -97.95331 30.276046, -97.953077 30.27604, -97.952609 30.276006, -97.952456 30.275976, -97.952262 30.275927, -97.952234 30.275913, -97.952208 30.275891, -97.952153 30.275811, -97.95203 30.275677, -97.951964 30.27559, -97.95193 30.275567, -97.95187 30.275553, -97.951806 30.27556, -97.951614 30.275611, -97.951525 30.275641, -97.950977 30.275863, -97.950819 30.275923, -97.950569 30.276038, -97.950381 30.27613, -97.94992 30.276298, -97.949288 30.276466, -97.949034 30.276528, -97.948451 30.276705, -97.94794 30.27682, -97.947846 30.276835, -97.94775 30.276839, -97.947513 30.276828, -97.947036 30.276795, -97.946817 30.276772, -97.9466 30.276732, -97.946362 30.276678, -97.946194 30.276624, -97.9459 30.276513, -97.945738 30.276443, -97.945511 30.276334, -97.945314 30.276246, -97.94521 30.276189, -97.945091 30.276113, -97.944936 30.276006, -97.944801 30.275923, -97.944759 30.275906, -97.944638 30.275872, -97.944583 30.275839, -97.944525 30.275791, -97.944436 30.275707, -97.944251 30.275579, -97.944066 30.275412, -97.943891 30.275242, -97.943823 30.275197, -97.943783 30.275184, -97.943734 30.275179, -97.943676 30.275184, -97.943592 30.275211, -97.943523 30.275246, -97.943363 30.275349, -97.942845 30.275729, -97.942729 30.275795, -97.942582 30.275869, -97.94243 30.275933, -97.942303 30.276008, -97.942108 30.276136, -97.94208 30.276165, -97.941937 30.276451, -97.941914 30.276534, -97.941903 30.276649, -97.941909 30.276773, -97.941927 30.276883, -97.941986 30.277139, -97.941976 30.277188, -97.94199 30.277225, -97.942033 30.277309, -97.942138 30.277594, -97.942282 30.278146, -97.942314 30.278225, -97.942368 30.27831, -97.942404 30.278351, -97.942515 30.278457, -97.942804 30.278767, -97.942843 30.27882, -97.942893 30.278924, -97.94296 30.279111, -97.94302 30.279222, -97.943065 30.27929, -97.943137 30.279386, -97.943165 30.279444, -97.943192 30.279529, -97.943208 30.279616, -97.943209 30.279704, -97.943196 30.279771, -97.943169 30.279828, -97.943083 30.279914, -97.942791 30.28017, -97.94266 30.28027, -97.942613 30.28032, -97.942565 30.2804, -97.942518 30.280533, -97.942447 30.280639, -97.942374 30.280723, -97.942299 30.280787, -97.942227 30.280828, -97.942092 30.280893, -97.941984 30.280934, -97.941886 30.280957, -97.941722 30.280979, -97.941527 30.280996, -97.940937 30.28103, -97.940465 30.281068, -97.940317 30.281064, -97.939977 30.28104, -97.93989 30.281031, -97.939681 30.280998, -97.93962 30.280981, -97.939562 30.280956, -97.939494 30.280915, -97.93944 30.280873, -97.939358 30.280788, -97.939181 30.280653, -97.939082 30.280589, -97.938899 30.280481, -97.938606 30.280282, -97.93836 30.280098, -97.93812 30.279928, -97.937942 30.279787, -97.937761 30.279622, -97.937454 30.279376, -97.937211 30.279169, -97.936916 30.278935, -97.936637 30.278748, -97.936507 30.27867, -97.936369 30.2786, -97.935854 30.278291, -97.935632 30.278178, -97.935443 30.278099, -97.935232 30.278018, -97.934938 30.277897, -97.934696 30.277809, -97.934349 30.277703, -97.933802 30.277509, -97.933755 30.27748, -97.933668 30.277429, -97.93361 30.277402, -97.933345 30.277349, -97.933177 30.277335, -97.933076 30.277332, -97.932741 30.277346, -97.932693 30.277353, -97.932648 30.277371, -97.932606 30.277405, -97.932484 30.277527, -97.932444 30.27758, -97.93242 30.277632, -97.932404 30.277694, -97.932337 30.278158, -97.932244 30.278588, -97.932235 30.278693, -97.932256 30.278949, -97.932289 30.279275, -97.932319 30.27939, -97.932437 30.279713, -97.932477 30.279845, -97.932504 30.27995, -97.932526 30.279985, -97.932597 30.280045, -97.932692 30.280106, -97.932728 30.280123, -97.932821 30.280157, -97.932864 30.280182, -97.932945 30.280265, -97.933124 30.280463, -97.933224 30.280592, -97.933339 30.280759, -97.933428 30.280905, -97.933518 30.281075, -97.933625 30.28124, -97.933707 30.281348, -97.933837 30.2815, -97.933911 30.281613, -97.933942 30.281669, -97.934013 30.281747, -97.934281 30.28207, -97.934408 30.282254, -97.934473 30.282372, -97.934491 30.28242, -97.934497 30.282479, -97.934483 30.282544, -97.934512 30.282952, -97.934511 30.283053, -97.934492 30.283188, -97.934453 30.283315, -97.934413 30.283391, -97.934346 30.283475, -97.934261 30.283584, -97.934195 30.283684, -97.934163 30.28372, -97.934129 30.283739, -97.934087 30.283745, -97.933983 30.283742, -97.93389 30.283758, -97.933858 30.283774, -97.933768 30.283871, -97.933631 30.284029, -97.933501 30.28413, -97.933304 30.28427, -97.933187 30.28437, -97.933088 30.284434, -97.932991 30.28448, -97.932849 30.284532, -97.932817 30.284539, -97.932698 30.284558, -97.932546 30.284583, -97.932401 30.284619, -97.932286 30.284625, -97.932111 30.284619, -97.932017 30.28461, -97.931826 30.284574, -97.931466 30.284486, -97.931256 30.284428, -97.930746 30.284251, -97.930681 30.284222, -97.930335 30.284045, -97.930124 30.283946, -97.929745 30.283785, -97.929608 30.283716, -97.929515 30.283652, -97.929417 30.28357, -97.929329 30.283504, -97.929284 30.28347, -97.929235 30.283438, -97.929138 30.283377, -97.928882 30.283234, -97.928806 30.283199, -97.928673 30.283146, -97.928453 30.28304, -97.927893 30.282809, -97.9277 30.282752, -97.927481 30.282672, -97.927291 30.282611, -97.927099 30.28254, -97.926875 30.282482, -97.926806 30.282455, -97.926357 30.282132, -97.926291 30.282089, -97.926235 30.282069, -97.926192 30.282064, -97.925992 30.28207, -97.925933 30.282083, -97.925876 30.28211, -97.925802 30.282166, -97.925751 30.282215, -97.925684 30.28229, -97.925645 30.282321, -97.925569 30.282366, -97.925443 30.282461, -97.925347 30.282548, -97.925069 30.282859, -97.924933 30.283003, -97.924847 30.283116, -97.924789 30.283216, -97.924757 30.283295, -97.924687 30.283512, -97.924671 30.28358, -97.924659 30.283672, -97.924638 30.284002, -97.924624 30.284474, -97.924634 30.284622, -97.924728 30.285229, -97.924776 30.285493, -97.924812 30.285608, -97.924871 30.285719, -97.924931 30.285815, -97.92497 30.285858, -97.925038 30.285918, -97.925093 30.28599, -97.925142 30.286019, -97.925458 30.286105, -97.925532 30.286133, -97.925562 30.286148, -97.925679 30.286229, -97.925788 30.286315, -97.92582 30.286355, -97.925871 30.286467, -97.92591 30.286589, -97.925989 30.28696, -97.926029 30.287056, -97.926032 30.287139, -97.92602 30.287232, -97.926006 30.287276, -97.925957 30.287354, -97.925914 30.287403, -97.925854 30.287472, -97.925777 30.287562, -97.92573 30.287631, -97.925691 30.287666, -97.925527 30.287738, -97.925469 30.287782, -97.925429 30.287826, -97.925307 30.288009, -97.92514 30.288226, -97.925083 30.288285, -97.925049 30.288299, -97.924986 30.288318, -97.92496 30.288339, -97.924916 30.288415, -97.92486 30.288524, -97.92483 30.288551, -97.924759 30.288584, -97.92455 30.288659, -97.924394 30.288723, -97.924313 30.28874, -97.924199 30.288755, -97.924135 30.288773, -97.923989 30.288823, -97.923703 30.288903, -97.92349 30.288947, -97.923342 30.288967, -97.92324 30.288972, -97.923071 30.288964, -97.922881 30.288938, -97.922691 30.2889, -97.922557 30.288864, -97.922372 30.288792, -97.922165 30.288728, -97.921952 30.288649, -97.921806 30.288584, -97.921563 30.288434, -97.921424 30.288348, -97.921392 30.288328, -97.920761 30.287949, -97.920586 30.28782, -97.920417 30.287727, -97.92031 30.28768, -97.920161 30.287629, -97.920067 30.287602, -97.919876 30.287552, -97.919734 30.287534, -97.919522 30.28753, -97.919344 30.287537, -97.919238 30.28755, -97.919059 30.28759, -97.91896 30.287627, -97.918868 30.287681, -97.918811 30.28773, -97.91877 30.287784, -97.918678 30.287958, -97.918583 30.28812, -97.91855 30.288204, -97.918519 30.288321, -97.918498 30.288457, -97.91848 30.288549, -97.91845 30.288717, -97.918458 30.288829, -97.918465 30.288919, -97.918479 30.289008, -97.918603 30.289229, -97.918716 30.289406, -97.918834 30.289544, -97.919047 30.289719, -97.919235 30.289914, -97.919375 30.289998, -97.919522 30.290091, -97.919937 30.290231, -97.920499 30.290523, -97.920676 30.290649, -97.920812 30.290727, -97.921022 30.29083, -97.921146 30.290883, -97.921337 30.290949, -97.921449 30.29098, -97.921713 30.291039, -97.922402 30.29118, -97.922697 30.291214, -97.922844 30.291225, -97.92329 30.291298, -97.923369 30.291303, -97.923465 30.291296, -97.923541 30.291283, -97.923585 30.291273, -97.923646 30.291271, -97.923659 30.291271, -97.923721 30.291249, -97.923786 30.291216, -97.92382 30.291212, -97.923843 30.291217, -97.923931 30.29126, -97.924142 30.291323, -97.924493 30.291403, -97.924704 30.291462, -97.925012 30.291563, -97.92504 30.291572, -97.925134 30.291603, -97.925399 30.291712, -97.925654 30.291826, -97.925826 30.29191, -97.926074 30.291998, -97.926266 30.292077, -97.926441 30.292134, -97.926478 30.292158, -97.926491 30.292181, -97.92649 30.292266, -97.926489 30.292384, -97.926507 30.292419, -97.926731 30.292583, -97.926829 30.29265, -97.926862 30.292689, -97.926901 30.292767, -97.926926 30.292856, -97.926948 30.293025, -97.926946 30.293111, -97.926918 30.29322, -97.926896 30.293338, -97.926892 30.293873, -97.926905 30.293967, -97.926928 30.294069, -97.926962 30.294191, -97.926981 30.294314, -97.92697 30.29461, -97.926956 30.29502, -97.926935 30.295182, -97.926938 30.295244, -97.926946 30.295392, -97.92695 30.295457, -97.926915 30.295531, -97.9269 30.295534, -97.926884 30.295547, -97.926859 30.295591, -97.926854 30.295624, -97.926842 30.295669, -97.926814 30.295743, -97.926774 30.295794, -97.926722 30.295842, -97.926504 30.295939, -97.926413 30.296009, -97.926298 30.296109, -97.926184 30.29619, -97.926083 30.296248, -97.926033 30.296276, -97.925963 30.296303, -97.925822 30.29634, -97.925358 30.295818, -97.923409 30.293886, -97.921984 30.293001, -97.921916 30.292958, -97.921511 30.292706, -97.919919 30.29181, -97.919041 30.291166, -97.918351 30.290498, -97.917932 30.289859, -97.917685 30.289309, -97.917626 30.289178, -97.917593 30.289105, -97.917423 30.288726, -97.917083 30.287781, -97.916623 30.286503, -97.916567 30.285588, -97.916629 30.284593, -97.916887 30.281659, -97.916721 30.280544, -97.916475 30.279837, -97.91471 30.276432, -97.914665 30.276345, -97.914203 30.275436, -97.913746 30.274569, -97.913383 30.273881, -97.912789 30.272753, -97.911945 30.271534, -97.910004 30.268729, -97.909336 30.267355, -97.909185 30.267019, -97.909066 30.266754, -97.908553 30.264805, -97.907743 30.261338, -97.907243 30.260127, -97.908913 30.259997, -97.909105 30.259982, -97.90926 30.25997, -97.909753 30.2599, -97.909823 30.259887, -97.9107 30.259494, -97.911212 30.259283, -97.9119 30.258991, -97.912084 30.258903, -97.912588 30.258662, -97.912978 30.258476, -97.912997 30.258467, -97.913402 30.258094, -97.913646 30.257869, -97.914035 30.257414, -97.914455 30.256924, -97.914813 30.256543, -97.916448 30.254797, -97.916828 30.254392, -97.917958 30.253209, -97.918489 30.252652, -97.919016 30.252074, -97.919756 30.251276, -97.920403 30.25062, -97.920609 30.250419, -97.920754 30.250278, -97.921006 30.250033, -97.921133 30.24991, -97.921164 30.24988, -97.921338 30.249715, -97.922165 30.248926, -97.923092 30.248051, -97.923317 30.247839, -97.92415 30.247209, -97.92727 30.24628, -97.926714 30.245961, -97.926031 30.245569, -97.925758 30.245332, -97.925508 30.245116, -97.92511 30.24477, -97.923697 30.243543, -97.923424 30.243306, -97.920712 30.24089, -97.920458 30.24065, -97.920347 30.240545, -97.919934 30.240191, -97.919907 30.240168, -97.919824 30.240089, -97.919489 30.23977, -97.919043 30.239387, -97.918302 30.238746, -97.916063 30.237226, -97.914917 30.236447, -97.914658 30.236271, -97.913466 30.2358, -97.911219 30.235238, -97.911101 30.234906, -97.911076 30.234498, -97.912175 30.234414, -97.914468 30.233999, -97.916132 30.233698, -97.91945 30.233097, -97.921368 30.232766, -97.925981 30.231971, -97.927408 30.231715, -97.927455 30.231707, -97.931796 30.230978, -97.934636 30.230472, -97.93494 30.230429, -97.935803 30.230267, -97.936775 30.230008, -97.938123 30.229603, -97.939672 30.228966, -97.940814 30.228497, -97.941988 30.228014, -97.943662 30.227339, -97.944804 30.226878, -97.946007 30.226347, -97.947344 30.225757, -97.949605 30.224839, -97.952975 30.223472, -97.953085 30.223418, -97.953309 30.223307, -97.954972 30.222571, -97.955914 30.221991, -97.956823 30.22141, -97.959316 30.219817, -97.959885 30.219453, -97.960736 30.21891, -97.962146 30.217973, -97.96303 30.21728, -97.963754 30.216682, -97.965795 30.214305, -97.966612 30.213341, -97.967567 30.212238, -97.96813 30.211629, -97.968662 30.211149, -97.968767 30.211053, -97.969007 30.210884, -97.969337 30.210672, -97.982591 30.220149, -97.982727 30.220567, -97.983196 30.220913, -97.983046 30.220956, -97.982876 30.221026, -97.98277 30.221071, -97.982583 30.221174, -97.982377 30.221271, -97.98225 30.22164, -97.982001 30.221988, -97.981747 30.222154, -97.981611 30.22221, -97.981501 30.222312, -97.981527 30.222761, -97.981552 30.222805, -97.981585 30.222829, -97.98161 30.222847, -97.982033 30.222945, -97.982161 30.222998, -97.982261 30.223047, -97.982326 30.223086, -97.982392 30.223144, -97.982429 30.22319, -97.982455 30.223245, -97.982466 30.223293, -97.982461 30.223374, -97.982444 30.223439, -97.982411 30.223514, -97.982359 30.223607, -97.982292 30.223708, -97.982212 30.223812, -97.982037 30.223962, -97.981752 30.224239, -97.98165 30.224514, -97.981593 30.224847, -97.981559 30.22511, -97.981527 30.225287, -97.981471 30.225427, -97.981341 30.225593, -97.981284 30.225683, -97.981233 30.225811, -97.981242 30.225984, -97.981259 30.226114, -97.981295 30.226306, -97.981334 30.226605, -97.981404 30.226737, -97.981472 30.226821, -97.98171 30.226922, -97.982167 30.227106, -97.98235 30.227144, -97.982417 30.227208, -97.982603 30.227406, -97.982947 30.227615, -97.983087 30.227641, -97.983272 30.22763, -97.983374 30.227609, -97.983647 30.227913, -97.983897 30.228283, -97.984006 30.228479, -97.983958 30.228629, -97.983838 30.228892, -97.983803 30.229031, -97.983653 30.229569, -97.983521 30.230003, -97.983433 30.230391, -97.983343 30.230636, -97.983154 30.230793, -97.982976 30.230955, -97.983055 30.231181, -97.983111 30.2313, -97.98319 30.231374, -97.983238 30.231418, -97.983314 30.231465, -97.9834 30.231475, -97.983436 30.231508, -97.983791 30.231909, -97.984283 30.232314, -97.984575 30.232587, -97.985125 30.232961, -97.985244 30.233014, -97.985307 30.233042, -97.985396 30.233055, -97.985518 30.233068, -97.98568 30.233068, -97.986085 30.233107, -97.986575 30.233166, -97.986834 30.233237, -97.987084 30.233403, -97.987266 30.233595, -97.987612 30.233999, -97.987818 30.234262, -97.9881 30.234554, -97.988257 30.234624, -97.988402 30.234677, -97.988597 30.234802, -97.988821 30.234972, -97.988888 30.235011, -97.989005 30.235088, -97.989062 30.235132, -97.989113 30.235136, -97.989125 30.235161, -97.989186 30.235237, -97.989309 30.235316, -97.98949 30.235447, -97.989563 30.235564, -97.989582 30.235722, -97.989566 30.23594, -97.989576 30.236168, -97.989613 30.236317, -97.989604 30.236615, -97.989574 30.237072, -97.989566 30.237465, -97.989504 30.237666, -97.989424 30.237969, -97.989382 30.238075, -97.989254 30.238164, -97.989172 30.238235, -97.989133 30.238455, -97.989109 30.23868, -97.989127 30.238839, -97.989169 30.238997, -97.989343 30.239068, -97.989578 30.239137, -97.989878 30.239243, -97.98993 30.239338, -97.989989 30.239426, -97.990033 30.23959, -97.990256 30.240281, -97.990281 30.240597, -97.990313 30.240724, -97.99018 30.241017, -97.990129 30.241177, -97.990093 30.241289, -97.990032 30.241512, -97.990012 30.241762, -97.990024 30.242012, -97.99002 30.242065, -97.989999 30.242382, -97.990012 30.242507, -97.990093 30.242607, -97.990236 30.242748, -97.990387 30.243021, -97.99054 30.243262, -97.990814 30.243684, -97.990923 30.243931, -97.991019 30.244056, -97.991209 30.24427, -97.991364 30.244369, -97.991437 30.244405, -97.99159 30.24448, -97.991993 30.24456, -97.992179 30.24461, -97.99232 30.244648, -97.992972 30.244913, -97.993465 30.245125, -97.993538 30.245143, -97.993705 30.245228, -97.993944 30.245336, -97.994063 30.245416, -97.994126 30.245566, -97.99415 30.245727, -97.994064 30.245895, -97.993737 30.246078, -97.993395 30.246262, -97.993176 30.246322, -97.992884 30.24634, -97.992593 30.246316, -97.992414 30.246315, -97.991909 30.246357, -97.991567 30.246395, -97.991184 30.246457, -97.990901 30.246661, -97.990523 30.247081, -97.990479 30.247165, -97.990413 30.247293, -97.990404 30.247342, -97.990414 30.247389, -97.990442 30.247435, -97.990513 30.247513, -97.990612 30.247622, -97.990723 30.247758, -97.990797 30.247821, -97.990897 30.247883, -97.991045 30.247953, -97.991159 30.247991, -97.991279 30.248019, -97.991402 30.248035, -97.991468 30.248039, -97.991691 30.24804, -97.992008 30.248071, -97.992195 30.248102, -97.992275 30.248126, -97.992343 30.248155, -97.992399 30.248191, -97.992488 30.248264, -97.992682 30.248437, -97.992865 30.248614, -97.992946 30.248674, -97.993035 30.248723, -97.993134 30.248765, -97.99348 30.248887, -97.993852 30.249054, -97.993987 30.249124, -97.994118 30.249207, -97.994344 30.249371, -97.994551 30.249504, -97.994841 30.249693, -97.994918 30.249755, -97.994965 30.249805, -97.994999 30.24986, -97.995016 30.249923, -97.995021 30.249997, -97.995012 30.250071, -97.99499 30.250141, -97.994914 30.25028, -97.994851 30.250383, -97.994517 30.250889, -97.994406 30.251049, -97.994283 30.251203, -97.994191 30.251295, -97.993911 30.251522, -97.993666 30.251699, -97.993562 30.251784, -97.993459 30.251885, -97.993361 30.252006, -97.993266 30.252149, -97.993101 30.252442, -97.993052 30.252556, -97.993027 30.252658, -97.993016 30.252815, -97.993021 30.252901, -97.993038 30.252977, -97.993268 30.253526, -97.993346 30.253704, -97.993402 30.253786, -97.993444 30.253828, -97.993587 30.253925, -97.993906 30.25412, -97.994057 30.254205, -97.994203 30.254269, -97.99436 30.25432, -97.994434 30.254337, -97.99463 30.254357, -97.994743 30.254389, -97.994836 30.254425, -97.994869 30.254451, -97.994924 30.254514, -97.994969 30.254599, -97.995031 30.254762, -97.995094 30.254986, -97.99517 30.255172, -97.995247 30.255322, -97.995293 30.255385, -97.995446 30.255543, -97.995545 30.255666, -97.995588 30.255736, -97.995605 30.255797, -97.995612 30.255871, -97.995605 30.25595, -97.995585 30.256019, -97.995564 30.256059, -97.995538 30.256096, -97.995474 30.256165, -97.995391 30.256232, -97.99532 30.256277, -97.995234 30.256313, -97.995135 30.256342, -97.99479 30.256396, -97.994593 30.256439, -97.994381 30.256499, -97.994213 30.25655, -97.993748 30.256659, -97.993251 30.256806, -97.993152 30.256844, -97.993062 30.25689, -97.992975 30.25695, -97.992863 30.257055, -97.99266 30.257269, -97.992561 30.257394, -97.992436 30.257576, -97.99235 30.257715, -97.992282 30.257854, -97.99223 30.257994, -97.992113 30.258456, -97.992097 30.258549, -97.992104 30.258615, -97.99213 30.258713, -97.99217 30.258798, -97.992229 30.258875, -97.992322 30.25896, -97.992423 30.259028, -97.992533 30.259087, -97.992658 30.259143, -97.992732 30.259188, -97.992827 30.259264, -97.992897 30.259345, -97.992935 30.259405, -97.992953 30.259457, -97.992956 30.259507, -97.992939 30.259612, -97.992911 30.259708, -97.992852 30.259825, -97.992798 30.259977, -97.992777 30.260082, -97.992774 30.260179, -97.992779 30.260287, -97.992788 30.260329, -97.992801 30.260351, -97.992859 30.260397, -97.993213 30.260629, -97.993253 30.26067, -97.993289 30.260722, -97.993307 30.260771, -97.993308 30.260818, -97.993289 30.260867, -97.993248 30.260926, -97.9932 30.260975, -97.993109 30.261037, -97.99292 30.261137, -97.992789 30.261196, -97.992768 30.26122, -97.992761 30.261256, -97.992773 30.261355, -97.992794 30.26144, -97.99279 30.261522, -97.992783 30.261572, -97.992785 30.261669, -97.992723 30.261725, -97.992646 30.261775, -97.992393 30.261924, -97.992326 30.261969, -97.992283 30.262013, -97.992228 30.262099, -97.992172 30.262242, -97.992145 30.262355, -97.992134 30.262537, -97.992136 30.262649, -97.992149 30.262747, -97.992187 30.262916, -97.992194 30.26297, -97.992215 30.263005, -97.992265 30.263046, -97.992352 30.263105, -97.99253 30.263264, -97.992629 30.263338, -97.992811 30.263448, -97.992978 30.263533, -97.993144 30.263609, -97.993233 30.26364, -97.993332 30.263662, -97.993561 30.263702, -97.993788 30.263748, -97.993848 30.26375, -97.993952 30.263736, -97.994051 30.263714, -97.994149 30.263702, -97.99434 30.263727, -97.99451 30.263764, -97.994716 30.263823, -97.99491 30.263894, -97.995065 30.263961, -97.995167 30.264018, -97.995267 30.264097, -97.995387 30.264214, -97.995619 30.264466, -97.995717 30.264587, -97.995832 30.264771, -97.995984 30.264963, -97.996054 30.265112, -97.99608 30.265279, -97.996133 30.2654, -97.996154 30.265506, -97.996162 30.26562, -97.996157 30.265704, -97.996201 30.265925, -97.996197 30.26595))",51.3,2689.0,123427.0,164.0,22.0,41452336.628318176,6.486968452733757e-05
"POLYGON ((-98.026993 30.339366, -98.026974 30.339482, -98.026941 30.339602, -98.026513 30.340836, -98.026209 30.341746, -98.026098 30.342045, -98.026022 30.342267, -98.025981 30.342398, -98.025959 30.342559, -98.025953 30.342912, -98.025924 30.343147, -98.025914 30.343486, -98.025823 30.343803, -98.025675 30.344133, -98.025582 30.344245, -98.025377 30.344421, -98.024818 30.344995, -98.024659 30.345152, -98.024548 30.345252, -98.024346 30.345439, -98.024146 30.34558, -98.023904 30.345724, -98.023732 30.345801, -98.023437 30.345918, -98.023189 30.345988, -98.022909 30.346051, -98.02264 30.346094, -98.022332 30.346112, -98.022164 30.346106, -98.022018 30.346102, -98.021738 30.346064, -98.021324 30.34598, -98.020923 30.345918, -98.020534 30.345851, -98.020076 30.345772, -98.019839 30.345737, -98.019107 30.345632, -98.018845 30.345654, -98.018638 30.345693, -98.018455 30.345762, -98.018291 30.34585, -98.018143 30.345935, -98.017947 30.34609, -98.017807 30.346212, -98.017733 30.346334, -98.017659 30.346504, -98.017585 30.346784, -98.017557 30.347082, -98.017548 30.347678, -98.017521 30.348002, -98.017444 30.348246, -98.017304 30.34845, -98.017192 30.348542, -98.016922 30.348833, -98.016623 30.349102, -98.016357 30.349343, -98.016068 30.349579, -98.015716 30.34976, -98.01544 30.349811, -98.015293 30.349824, -98.015084 30.349815, -98.014831 30.349786, -98.014462 30.349745, -98.014119 30.349708, -98.01386 30.349677, -98.013677 30.349657, -98.013497 30.349649, -98.01334 30.349657, -98.013216 30.349679, -98.013046 30.349711, -98.012704 30.34982, -98.012286 30.349952, -98.012051 30.35002, -98.011871 30.350073, -98.011818 30.350088, -98.011782 30.350099, -98.011759 30.350105, -98.011747 30.350108, -98.011698 30.350121, -98.011668 30.350129, -98.011634 30.350138, -98.011614 30.350143, -98.011602 30.350146, -98.011081 30.350328, -98.010462 30.350505, -98.010327 30.350547, -98.009956 30.35062, -98.009807 30.350634, -98.009602 30.350625, -98.009353 30.350615, -98.009001 30.350586, -98.008444 30.350512, -98.008006 30.350465, -98.007552 30.350414, -98.00734 30.350411, -98.007141 30.350423, -98.007012 30.350443, -98.006873 30.350482, -98.006699 30.35055, -98.006536 30.350644, -98.006325 30.350781, -98.006201 30.350909, -98.006091 30.351034, -98.006038 30.35112, -98.005981 30.351234, -98.00595 30.351323, -98.005913 30.351456, -98.005896 30.351558, -98.005894 30.351638, -98.005897 30.351822, -98.005905 30.351906, -98.005937 30.352052, -98.005982 30.352278, -98.006038 30.352567, -98.006066 30.352706, -98.006069 30.352871, -98.006054 30.352971, -98.006015 30.353075, -98.005973 30.353148, -98.005911 30.353232, -98.005386 30.353826, -98.005143 30.354063, -98.005032 30.354206, -98.004942 30.354333, -98.004873 30.354454, -98.004812 30.354539, -98.004705 30.354737, -98.0046 30.35492, -98.004491 30.355047, -98.0044 30.355134, -98.004289 30.355223, -98.004148 30.355308, -98.00401 30.355376, -98.003878 30.355424, -98.003745 30.355469, -98.003604 30.355499, -98.003467 30.355514, -98.003322 30.355522, -98.003194 30.355517, -98.003058 30.355505, -98.002914 30.355477, -98.002762 30.355434, -98.002597 30.355368, -98.00247 30.355306, -98.002338 30.355226, -98.002297 30.355191, -98.002172 30.355314, -98.002037 30.355455, -98.001933 30.355579, -98.001878 30.355659, -98.001796 30.355804, -98.001771 30.355884, -98.001751 30.355963, -98.001734 30.356106, -98.001696 30.356268, -98.001793 30.356814, -98.002058 30.357151, -98.002175 30.357428, -98.00223 30.357533, -98.002273 30.357611, -98.002335 30.357705, -98.002436 30.357839, -98.002532 30.35796, -98.00263 30.358054, -98.00278 30.358203, -98.002955 30.358344, -98.003219 30.358548, -98.003542 30.358801, -98.003705 30.358904, -98.003819 30.358974, -98.003902 30.359003, -98.003998 30.359033, -98.004103 30.359059, -98.004251 30.359086, -98.004393 30.359104, -98.004589 30.359131, -98.004736 30.359163, -98.004841 30.359202, -98.004919 30.359244, -98.005004 30.3593, -98.005094 30.359373, -98.005287 30.359566, -98.005678 30.359984, -98.00576 30.360078, -98.00584 30.360212, -98.00604 30.36067, -98.006089 30.360784, -98.006128 30.360876, -98.006162 30.360964, -98.006188 30.36105, -98.006209 30.361134, -98.006218 30.361218, -98.006218 30.361351, -98.00622 30.361502, -98.006223 30.36163, -98.006227 30.361725, -98.006257 30.36186, -98.006302 30.362097, -98.006319 30.362223, -98.006319 30.362316, -98.00631 30.362395, -98.006293 30.362466, -98.006267 30.362546, -98.006227 30.362619, -98.006179 30.3627, -98.006111 30.36278, -98.006042 30.36285, -98.005901 30.362957, -98.005155 30.363298, -98.004867 30.363463, -98.004616 30.3636, -98.004117 30.364156, -98.004043 30.364271, -98.003947 30.364414, -98.003929 30.364453, -98.003858 30.364562, -98.003831 30.364601, -98.003794 30.364661, -98.003745 30.36477, -98.003573 30.365164, -98.003118 30.36619, -98.00305 30.366344, -98.002997 30.366516, -98.002882 30.366982, -98.002866 30.367081, -98.002863 30.367218, -98.002874 30.367493, -98.002618 30.367513, -98.002475 30.367509, -98.002318 30.367487, -98.002197 30.367457, -98.001952 30.367341, -98.001295 30.366976, -98.001359 30.366858, -98.001448 30.366729, -98.001568 30.366621, -98.00162 30.366578, -98.001731 30.366511, -98.001852 30.366393, -98.001916 30.36629, -98.001982 30.366157, -98.002023 30.366022, -98.002069 30.365906, -98.002084 30.365807, -98.002081 30.36559, -98.002069 30.365482, -98.002036 30.365403, -98.001944 30.365302, -98.001772 30.36519, -98.001673 30.365135, -98.001602 30.365113, -98.001435 30.365064, -98.001509 30.364894, -98.001565 30.364756, -98.001629 30.364542, -98.001666 30.364382, -98.001673 30.364317, -98.001648 30.364238, -98.00159 30.364157, -98.001541 30.364123, -98.001468 30.36409, -98.00129 30.364039, -98.001128 30.364, -98.000869 30.363934, -98.000645 30.363878, -98.00043 30.363813, -98.000235 30.363749, -98.000134 30.363708, -98.000053 30.363654, -97.999985 30.363562, -97.999908 30.363461, -97.999833 30.363386, -97.999773 30.363302, -97.999726 30.363205, -97.99965 30.363046, -97.999608 30.362965, -97.999595 30.362909, -97.999554 30.362718, -97.99947 30.36246, -98.000474 30.362307, -98.000514 30.362301, -98.00073 30.362213, -98.000875 30.362133, -98.000992 30.362033, -98.001077 30.361954, -98.001156 30.361857, -98.001059 30.361812, -98.000065 30.361108, -97.999656 30.360763, -97.999498 30.360629, -97.999424 30.360567, -97.999336 30.360503, -97.999056 30.360312, -97.998326 30.359624, -97.998264 30.359563, -97.998189 30.359483, -97.997479 30.35874, -97.996621 30.357863, -97.996554 30.357791, -97.996513 30.357734, -97.996264 30.3574, -97.996076 30.357016, -97.995968 30.356668, -97.995928 30.356174, -97.99593 30.356121, -97.995924 30.356084, -97.995916 30.356032, -97.995897 30.35509, -97.995863 30.3542, -97.995858 30.354089, -97.995863 30.353843, -97.995817 30.352985, -97.995767 30.35266, -97.995667 30.352507, -97.995512 30.352357, -97.995317 30.352219, -97.994852 30.351985, -97.994378 30.351738, -97.994113 30.351622, -97.993936 30.351564, -97.994014 30.351427, -97.994057 30.351298, -97.99412 30.351286, -97.994162 30.351174, -97.994215 30.351031, -97.994245 30.350954, -97.994351 30.350662, -97.994382 30.350486, -97.994394 30.350418, -97.994399 30.350284, -97.994413 30.34994, -97.994435 30.349374, -97.994522 30.349073, -97.99449 30.348909, -97.994583 30.348857, -97.994598 30.348826, -97.994807 30.348409, -97.994876 30.348231, -97.995015 30.34787, -97.995358 30.34795, -97.995588 30.347919, -97.995793 30.347812, -97.995847 30.347768, -97.99589 30.347734, -97.99622 30.34747, -97.996722 30.347068, -97.997004 30.346849, -97.997026 30.346832, -97.997056 30.346581, -97.996983 30.345927, -97.99689 30.3451, -97.996887 30.345075, -97.996878 30.344805, -97.996886 30.344725, -97.996912 30.344631, -97.996967 30.344516, -97.99704 30.34441, -97.99713 30.34431, -97.997228 30.344224, -97.997345 30.344132, -97.99746 30.344025, -97.997518 30.343957, -97.997579 30.343859, -97.997675 30.3437, -97.99775 30.343522, -97.997773 30.343422, -97.997768 30.343313, -97.997743 30.343247, -97.997673 30.343106, -97.997607 30.342992, -97.997525 30.342847, -97.997459 30.342729, -97.997418 30.342635, -97.997389 30.342544, -97.997361 30.342424, -97.997343 30.342231, -97.997322 30.341863, -97.997268 30.341283, -97.997218 30.340901, -97.997116 30.340339, -97.997057 30.340114, -97.997032 30.339901, -97.997017 30.339751, -97.997028 30.339641, -97.997072 30.339502, -97.997134 30.339381, -97.997274 30.339228, -97.997548 30.338962, -97.99758 30.338906, -97.997565 30.338676, -97.99754 30.338547, -97.997532 30.338507, -97.99753 30.338497, -97.997403 30.33789, -97.99736 30.337666, -97.997349 30.337597, -97.997344 30.337507, -97.997342 30.337386, -97.997355 30.33732, -97.997382 30.337215, -97.997403 30.337142, -97.997433 30.337055, -97.997473 30.336959, -97.997522 30.336876, -97.997569 30.336798, -97.998089 30.336061, -98.000396 30.33283, -98.000603 30.332441, -98.000475 30.332389, -98.000432 30.332372, -98.000274 30.332308, -97.999697 30.332075, -97.999302 30.3319, -97.999167 30.331827, -97.999045 30.331734, -97.998854 30.331579, -97.998765 30.331507, -97.998749 30.331494, -97.998643 30.331407, -97.998477 30.331283, -97.998221 30.331094, -97.998092 30.330981, -97.99801 30.330904, -97.997926 30.330808, -97.997876 30.330745, -97.997855 30.330719, -97.997781 30.330625, -97.997717 30.330545, -97.997692 30.330514, -97.997775 30.330548, -97.997851 30.330591, -97.997871 30.330601, -97.997906 30.330618, -97.997968 30.330631, -97.997998 30.330632, -97.998012 30.330628, -97.998047 30.330619, -97.998079 30.330595, -97.998124 30.330533, -97.998162 30.330509, -97.998181 30.330441, -97.998177 30.330395, -97.99817 30.33035, -97.998149 30.330325, -97.998141 30.330303, -97.99814 30.330256, -97.99814 30.330183, -97.998139 30.330118, -97.998136 30.330057, -97.998132 30.329992, -97.998117 30.329917, -97.998098 30.329872, -97.998093 30.329862, -97.998083 30.32985, -97.998071 30.329835, -97.998057 30.329817, -97.998046 30.329809, -97.997989 30.329767, -97.997941 30.329745, -97.997889 30.329734, -97.99784 30.329736, -97.997682 30.329774, -97.997656 30.329774, -97.997613 30.329759, -97.99753 30.329672, -97.997476 30.3296, -97.997368 30.329436, -97.997359 30.329403, -97.997374 30.329348, -97.997453 30.329189, -97.99749 30.329125, -97.99754 30.329065, -97.997587 30.329027, -97.997911 30.328837, -97.9981 30.328704, -97.998185 30.328655, -97.998241 30.328608, -97.998457 30.328357, -97.998533 30.32791, -97.99854 30.327881, -97.998556 30.327866, -97.998753 30.32781, -97.998825 30.327784, -97.998954 30.327713, -97.999197 30.32759, -97.999265 30.327556, -97.999392 30.3275, -97.999568 30.327454, -97.999745 30.327401, -98.000126 30.327266, -98.000285 30.327196, -98.000432 30.327116, -98.000524 30.327003, -98.000576 30.326912, -98.000616 30.326871, -98.000687 30.326822, -98.000736 30.326799, -98.000809 30.326779, -98.001012 30.326735, -98.001179 30.326649, -98.001324 30.326587, -98.001405 30.326539, -98.001583 30.3264, -98.001664 30.326353, -98.001691 30.326344, -98.001759 30.326331, -98.001867 30.326331, -98.002284 30.326366, -98.002345 30.326363, -98.002421 30.326346, -98.002536 30.3263, -98.002701 30.32622, -98.002786 30.326169, -98.002938 30.326093, -98.002991 30.326073, -98.003035 30.326066, -98.003191 30.326014, -98.003225 30.326011, -98.003264 30.326018, -98.003325 30.326018, -98.003541 30.325952, -98.003619 30.325935, -98.003692 30.32593, -98.003774 30.325937, -98.004057 30.326014, -98.004103 30.326021, -98.004198 30.326017, -98.004306 30.325991, -98.004474 30.325926, -98.004506 30.325914, -98.00457 30.325891, -98.004662 30.325843, -98.004692 30.325827, -98.004709 30.325808, -98.004744 30.325784, -98.004889 30.325759, -98.005048 30.325765, -98.005098 30.325761, -98.005154 30.325737, -98.005297 30.325685, -98.005348 30.325647, -98.005395 30.325636, -98.005431 30.325637, -98.005567 30.325699, -98.00574 30.325794, -98.005794 30.325797, -98.005829 30.325797, -98.005877 30.325789, -98.005992 30.325747, -98.006036 30.325745, -98.006057 30.325749, -98.00608 30.325763, -98.006174 30.325879, -98.006212 30.325907, -98.006264 30.32593, -98.006299 30.325935, -98.006339 30.325925, -98.006496 30.325819, -98.006543 30.325771, -98.006595 30.325728, -98.006615 30.32572, -98.006641 30.325719, -98.006747 30.32576, -98.006768 30.325763, -98.006817 30.325753, -98.006899 30.325716, -98.006926 30.325691, -98.006941 30.325656, -98.006948 30.325585, -98.006944 30.325506, -98.006946 30.325459, -98.006959 30.325421, -98.007028 30.325339, -98.007131 30.325236, -98.007195 30.325192, -98.007378 30.325112, -98.007702 30.325003, -98.007723 30.324999, -98.007763 30.325003, -98.007819 30.325029, -98.007964 30.325119, -98.007995 30.325131, -98.008046 30.325135, -98.008114 30.325121, -98.008168 30.325091, -98.008193 30.325083, -98.008219 30.325088, -98.008247 30.325109, -98.008393 30.32513, -98.008414 30.325128, -98.008446 30.325094, -98.008469 30.325081, -98.008525 30.325073, -98.008706 30.325089, -98.008828 30.325085, -98.009358 30.324962, -98.009396 30.324944, -98.009613 30.324815, -98.009661 30.324797, -98.009711 30.32479, -98.009847 30.324804, -98.00991 30.324795, -98.009953 30.324775, -98.009979 30.324749, -98.010009 30.324702, -98.010127 30.324633, -98.010154 30.324623, -98.010196 30.32462, -98.010237 30.324627, -98.010403 30.324619, -98.010501 30.324589, -98.010548 30.324568, -98.010587 30.324531, -98.01063 30.324445, -98.01065 30.324433, -98.010722 30.324432, -98.010963 30.324417, -98.011168 30.324396, -98.011193 30.324386, -98.011212 30.324363, -98.011376 30.32429, -98.011495 30.324214, -98.011602 30.324172, -98.01171 30.324133, -98.011814 30.324108, -98.012001 30.324049, -98.012109 30.323939, -98.015323 30.326218, -98.015928 30.326678, -98.016737 30.327251, -98.017616 30.327824, -98.018995 30.328636, -98.01977 30.329006, -98.020443 30.32932, -98.021506 30.329716, -98.022493 30.329974, -98.022883 30.330159, -98.023516 30.330508, -98.024524 30.3315, -98.024384 30.331625, -98.024295 30.331762, -98.02421 30.331905, -98.023785 30.333024, -98.023713 30.333234, -98.0237 30.33333, -98.023693 30.333523, -98.023702 30.333617, -98.023715 30.333722, -98.023737 30.333837, -98.023833 30.334128, -98.023863 30.334265, -98.023868 30.334415, -98.023868 30.334542, -98.023861 30.334638, -98.023839 30.334753, -98.023787 30.334897, -98.023709 30.335059, -98.023626 30.3352, -98.023551 30.335364, -98.023521 30.335482, -98.0235 30.335613, -98.023494 30.335879, -98.023507 30.335989, -98.023531 30.336139, -98.023587 30.336278, -98.02366 30.336447, -98.023721 30.33658, -98.023819 30.336762, -98.02391 30.336911, -98.023978 30.337009, -98.024078 30.337133, -98.024295 30.337325, -98.024458 30.337417, -98.024599 30.337489, -98.02475 30.337547, -98.024953 30.337607, -98.025275 30.337672, -98.025554 30.33772, -98.025709 30.33775, -98.025823 30.337781, -98.025953 30.337833, -98.026112 30.337897, -98.02623 30.33796, -98.026339 30.338032, -98.026501 30.338163, -98.026642 30.338315, -98.026773 30.338483, -98.026876 30.338688, -98.026937 30.338865, -98.026983 30.33905, -98.026994 30.33922, -98.026993 30.339366))",42.2,3652.0,250001.0,132.0,10.0,7645950.173679464,0.0004776384775003767
"POLYGON ((-98.004107 30.371108, -98.00311 30.37199, -98.003368 30.372991, -98.003602 30.373816, -98.002631 30.374277, -98.00258 30.374279, -98.00041 30.374348, -98.00031 30.374351, -97.998991 30.374434, -97.998886 30.374445, -97.998635 30.374473, -97.998638 30.374675, -97.994787 30.37603, -97.992595 30.376912, -97.991495 30.37723, -97.991525 30.376469, -97.991545 30.376019, -97.991664 30.374949, -97.991652 30.374122, -97.991684 30.373554, -97.991514 30.373692, -97.991418 30.373733, -97.991114 30.37382, -97.990641 30.374073, -97.990116 30.37434, -97.989841 30.374478, -97.989381 30.374666, -97.989206 30.374754, -97.988985 30.37485, -97.988328 30.375186, -97.987845 30.375457, -97.987385 30.375641, -97.986866 30.375889, -97.985018 30.376735, -97.985979 30.375363, -97.985841 30.375236, -97.985744 30.375112, -97.985735 30.374961, -97.985813 30.374676, -97.985851 30.3744, -97.9859 30.374289, -97.986031 30.374163, -97.986273 30.37414, -97.986489 30.374138, -97.986657 30.37414, -97.986744 30.374138, -97.986818 30.374131, -97.986903 30.374099, -97.986953 30.374053, -97.987252 30.373728, -97.987406 30.37365, -97.987535 30.3736, -97.987238 30.372942, -97.987328 30.372793, -97.98751 30.372607, -97.98762 30.372503, -97.987953 30.372197, -97.988149 30.37202, -97.988257 30.371903, -97.988328 30.371816, -97.988383 30.371728, -97.988489 30.371512, -97.988668 30.371158, -97.989209 30.37028, -97.98977 30.370258, -97.989782 30.369983, -97.989585 30.369501, -97.98959 30.369278, -97.989976 30.368807, -97.990814 30.368435, -97.991146 30.368025, -97.991166 30.367828, -97.991096 30.367871, -97.990926 30.367976, -97.990814 30.368038, -97.990703 30.368085, -97.990437 30.368173, -97.990246 30.368228, -97.989914 30.368344, -97.989748 30.368384, -97.989619 30.368402, -97.989398 30.368442, -97.989294 30.368455, -97.989118 30.36847, -97.988939 30.368497, -97.988755 30.368541, -97.988624 30.36858, -97.988677 30.368521, -97.988712 30.368469, -97.988724 30.368418, -97.988733 30.368319, -97.988725 30.368232, -97.988683 30.367963, -97.988647 30.367803, -97.988611 30.36769, -97.988591 30.367611, -97.988573 30.367505, -97.988578 30.367404, -97.98861 30.367148, -97.98864 30.366986, -97.988657 30.366918, -97.988694 30.36682, -97.988752 30.366728, -97.988797 30.366614, -97.988812 30.366546, -97.988816 30.366472, -97.988806 30.366366, -97.988755 30.366189, -97.988621 30.365878, -97.988558 30.365616, -97.988554 30.365528, -97.988523 30.365365, -97.988498 30.365174, -97.988492 30.365029, -97.988501 30.364628, -97.988639 30.364103, -97.988649 30.364024, -97.988395 30.364169, -97.988276 30.364271, -97.988194 30.364388, -97.988121 30.3645, -97.988077 30.364623, -97.988025 30.36476, -97.988012 30.364875, -97.987972 30.365315, -97.987957 30.365427, -97.987933 30.365567, -97.987926 30.365586, -97.987907 30.365608, -97.98789 30.365628, -97.987877 30.365649, -97.987872 30.365671, -97.987872 30.365695, -97.987868 30.365747, -97.987857 30.365833, -97.987829 30.365872, -97.987798 30.365891, -97.987752 30.365953, -97.987698 30.366037, -97.987573 30.366166, -97.98749 30.366269, -97.987382 30.366314, -97.987247 30.366377, -97.987158 30.366436, -97.98704 30.366595, -97.986973 30.366747, -97.986896 30.366906, -97.986896 30.366987, -97.986899 30.367053, -97.986934 30.367175, -97.986999 30.367397, -97.987066 30.367582, -97.987136 30.367862, -97.987158 30.368029, -97.987162 30.368066, -97.987125 30.368132, -97.987084 30.368228, -97.987066 30.368291, -97.987088 30.368409, -97.98711 30.368567, -97.987093 30.368936, -97.98706 30.369131, -97.987031 30.369279, -97.986971 30.369449, -97.986906 30.36956, -97.986768 30.369804, -97.986595 30.370125, -97.986547 30.370225, -97.986458 30.370306, -97.986336 30.370387, -97.986089 30.370517, -97.985852 30.370609, -97.985623 30.370683, -97.985398 30.370676, -97.98483 30.370602, -97.984668 30.370519, -97.984184 30.370136, -97.983747 30.36962, -97.982379 30.368096, -97.982242 30.367958, -97.982189 30.367842, -97.982144 30.367717, -97.982089 30.367524, -97.981353 30.367595, -97.981323 30.36699, -97.981236 30.366623, -97.981096 30.366304, -97.980747 30.365392, -97.98056 30.364958, -97.98043 30.364583, -97.980342 30.364382, -97.980284 30.364278, -97.98019 30.364137, -97.979671 30.363454, -97.979362 30.363032, -97.979282 30.362918, -97.979211 30.362833, -97.979149 30.362757, -97.979009 30.362478, -97.978969 30.362398, -97.97887 30.36217, -97.97878 30.361864, -97.978727 30.361603, -97.978716 30.361384, -97.978723 30.361098, -97.978776 30.360889, -97.978847 30.36071, -97.978982 30.360338, -97.979217 30.359688, -97.979257 30.359395, -97.979262 30.359192, -97.979254 30.358954, -97.978891 30.357663, -97.979053 30.357628, -97.979732 30.357479, -97.979929 30.35744, -97.980044 30.357424, -97.980372 30.357422, -97.980753 30.357457, -97.980823 30.357456, -97.98083 30.358132, -97.980837 30.358822, -97.980846 30.359065, -97.980838 30.359181, -97.980827 30.359344, -97.98081 30.359593, -97.980814 30.359857, -97.980821 30.36032, -97.981035 30.361267, -97.981111 30.361402, -97.981472 30.361877, -97.982494 30.362724, -97.983144 30.363049, -97.983426 30.363153, -97.983903 30.363217, -97.985055 30.363224, -97.985211 30.363221, -97.985264 30.36322, -97.986002 30.363233, -97.986405 30.363194, -97.986781 30.363058, -97.987509 30.362596, -97.988454 30.361912, -97.989207 30.360939, -97.989347 30.360822, -97.989605 30.360673, -97.989919 30.360651, -97.99039 30.360998, -97.990693 30.361444, -97.99119 30.36192, -97.991763 30.362318, -97.993023 30.363365, -97.993276 30.364032, -97.993309 30.364486, -97.993352 30.364827, -97.993399 30.3652, -97.993423 30.365529, -97.993426 30.365898, -97.993408 30.366086, -97.993375 30.366249, -97.993275 30.366532, -97.994411 30.366657, -97.995428 30.366334, -97.995518 30.366335, -97.99563 30.366351, -97.995892 30.366403, -97.996049 30.366458, -97.99619 30.366514, -97.996337 30.366563, -97.996472 30.366602, -97.996566 30.36661, -97.996672 30.36661, -97.996775 30.366587, -97.996863 30.366554, -97.99696 30.366509, -97.997 30.366482, -97.997091 30.366381, -97.997181 30.36628, -97.997288 30.366179, -97.997351 30.366129, -97.997433 30.366077, -97.997544 30.366033, -97.997623 30.366017, -97.998005 30.366035, -97.998245 30.366135, -97.998357 30.366196, -97.998539 30.36628, -97.99863 30.36633, -97.998711 30.366371, -97.998825 30.36641, -97.998984 30.366437, -97.999165 30.36645, -97.99929 30.366452, -97.999408 30.366463, -97.999704 30.366554, -98.000071 30.366635, -98.000344 30.3667, -98.000786 30.366836, -98.000127 30.367859, -97.999935 30.368168, -97.999852 30.368374, -97.999832 30.368498, -97.999838 30.368635, -97.999928 30.368745, -98.000058 30.3688, -98.000319 30.36884, -98.000559 30.368882, -98.000724 30.368841, -98.001157 30.36869, -98.001445 30.368601, -98.001651 30.368516, -98.001757 30.368489, -98.00189 30.368466, -98.00213 30.36844, -98.002294 30.368432, -98.002468 30.368423, -98.002581 30.36843, -98.002687 30.368449, -98.002861 30.368501, -98.003054 30.368552, -98.003232 30.368616, -98.003428 30.368726, -98.003585 30.368859, -98.003729 30.369044, -98.003789 30.369152, -98.003834 30.369293, -98.003894 30.369676, -98.003935 30.370163, -98.003946 30.370262, -98.004107 30.371108))",49.3,1040.0,165526.0,16.0,0.0,2180560.1869797413,0.0004769416621517277
"POLYGON ((-97.980126 30.317051, -97.9801 30.317068, -97.980057 30.317096, -97.980006 30.317119, -97.97998 30.317121, -97.979802 30.317134, -97.979695 30.317138, -97.979657 30.317148, -97.979619 30.317169, -97.979592 30.317206, -97.979569 30.317285, -97.979577 30.317356, -97.979578 30.317392, -97.979564 30.317436, -97.979516 30.317543, -97.979467 30.317631, -97.979444 30.317681, -97.979432 30.317788, -97.979413 30.317856, -97.979376 30.317923, -97.979341 30.317966, -97.979263 30.318005, -97.979228 30.318027, -97.979186 30.318082, -97.97914 30.318163, -97.97904 30.318385, -97.978996 30.318456, -97.978933 30.318517, -97.978839 30.318568, -97.978756 30.318646, -97.978735 30.318675, -97.978917 30.319012, -97.978965 30.319196, -97.978989 30.319366, -97.978989 30.319526, -97.97897 30.319706, -97.978941 30.319856, -97.978902 30.32003, -97.978854 30.320132, -97.978766 30.320283, -97.978679 30.320404, -97.978577 30.320525, -97.978495 30.320622, -97.978398 30.320748, -97.978315 30.32085, -97.97819 30.320964, -97.977464 30.321789, -97.977349 30.322021, -97.977096 30.322707, -97.976984 30.322984, -97.976911 30.323134, -97.976882 30.323183, -97.976751 30.323321, -97.976652 30.32342, -97.976511 30.32352, -97.976412 30.32358, -97.976291 30.323638, -97.976164 30.323685, -97.976036 30.323721, -97.975947 30.323743, -97.975821 30.323757, -97.975566 30.323737, -97.975356 30.323709, -97.975213 30.32367, -97.975084 30.323617, -97.974992 30.323571, -97.974921 30.323522, -97.974804 30.323449, -97.974727 30.323381, -97.974637 30.323294, -97.974278 30.322947, -97.973905 30.322598, -97.973735 30.322433, -97.973488 30.322147, -97.973363 30.321992, -97.973252 30.321876, -97.97315 30.321699, -97.973039 30.32149, -97.972981 30.321333, -97.972903 30.321107, -97.972874 30.320983, -97.972825 30.320764, -97.972763 30.320518, -97.972731 30.320365, -97.972636 30.320103, -97.972573 30.319967, -97.972509 30.319844, -97.97234 30.31999, -97.972106 30.320489, -97.971571 30.320796, -97.97146 30.320983, -97.970379 30.321743, -97.969854 30.322139, -97.967747 30.323829, -97.967613 30.323889, -97.966109 30.324994, -97.965834 30.325195, -97.96555 30.325285, -97.964955 30.326164, -97.964298 30.327148, -97.964151 30.327321, -97.964101 30.327258, -97.963778 30.326923, -97.963716 30.32686, -97.963462 30.326649, -97.963445 30.326635, -97.963184 30.32647, -97.963056 30.32641, -97.962949 30.326349, -97.962774 30.326259, -97.962741 30.326242, -97.962261 30.326083, -97.96156 30.325917, -97.960428 30.32565, -97.95962 30.325511, -97.95919 30.325427, -97.958807 30.325294, -97.958558 30.325192, -97.958361 30.325089, -97.958245 30.325028, -97.958075 30.32491, -97.958022 30.324874, -97.957813 30.324722, -97.957498 30.324446, -97.957309 30.324243, -97.957092 30.323965, -97.956058 30.322639, -97.955902 30.322438, -97.955256 30.321628, -97.954764 30.321266, -97.954207 30.320918, -97.95381 30.320658, -97.953237 30.32027, -97.95302 30.320119, -97.952513 30.319755, -97.952235 30.319579, -97.951738 30.319263, -97.951635 30.319187, -97.9512 30.318867, -97.950976 30.31869, -97.950959 30.318673, -97.950726 30.318434, -97.950593 30.318305, -97.950423 30.318112, -97.950342 30.318003, -97.950252 30.317867, -97.950147 30.317708, -97.950135 30.317685, -97.950109 30.317635, -97.950081 30.317581, -97.950022 30.317458, -97.950012 30.317437, -97.949945 30.317284, -97.949924 30.317199, -97.949843 30.31694, -97.949751 30.316614, -97.949712 30.316487, -97.949697 30.31644, -97.949632 30.316227, -97.949596 30.316127, -97.949451 30.315714, -97.949415 30.315624, -97.949264 30.315302, -97.949184 30.315151, -97.949086 30.314951, -97.948925 30.314656, -97.948839 30.31451, -97.948652 30.31419, -97.948309 30.313639, -97.94814 30.313442, -97.947913 30.313236, -97.947456 30.3129, -97.947171 30.312708, -97.947084 30.312649, -97.946857 30.312443, -97.946734 30.312286, -97.946622 30.312144, -97.946492 30.31194, -97.946432 30.311844, -97.946262 30.311406, -97.946154 30.311054, -97.945358 30.308482, -97.948336 30.308353, -97.94914 30.308318, -97.952169 30.308137, -97.952329 30.308128, -97.952718 30.308105, -97.954229 30.308096, -97.956171 30.308084, -97.956616 30.308175, -97.957827 30.308422, -97.961718 30.309215, -97.964173 30.309716, -97.965382 30.309963, -97.965453 30.309977, -97.969305 30.310843, -97.969412 30.310869, -97.970609 30.311087, -97.970932 30.311161, -97.971268 30.311253, -97.97163 30.31134, -97.971857 30.311414, -97.972149 30.311506, -97.972354 30.311589, -97.972515 30.311667, -97.97265 30.311742, -97.972786 30.311807, -97.972943 30.311907, -97.973135 30.312012, -97.973353 30.31216, -97.973645 30.312343, -97.973919 30.312544, -97.974058 30.312626, -97.974147 30.312701, -97.974289 30.312795, -97.974928 30.313323, -97.975675 30.314021, -97.976352 30.314601, -97.977185 30.315294, -97.977621 30.31563, -97.977933 30.315873, -97.978197 30.316023, -97.97845 30.316167, -97.978738 30.316306, -97.97913 30.316472, -97.979405 30.316577, -97.979991 30.316764, -97.979999 30.316906, -97.980036 30.316966, -97.980071 30.317008, -97.980116 30.317043, -97.980126 30.317051))",40.5,3252.0,118696.0,8.0,0.0,4147459.030575106,0.0007840945446419667
"POLYGON ((-97.993781 30.4799, -97.993049 30.48081, -97.992442 30.481554, -97.992807 30.481779, -97.993499 30.482375, -97.993408 30.482432, -97.993301 30.48248, -97.99323 30.482507, -97.993135 30.482528, -97.992971 30.48255, -97.992833 30.482555, -97.992662 30.482574, -97.992573 30.48259, -97.992495 30.482615, -97.992436 30.482643, -97.992399 30.482666, -97.992337 30.482715, -97.992334 30.482786, -97.992317 30.48283, -97.992315 30.482857, -97.992331 30.482911, -97.992382 30.483038, -97.992439 30.483127, -97.992464 30.483177, -97.992505 30.483324, -97.992572 30.483477, -97.99264 30.483632, -97.992657 30.483683, -97.992653 30.483712, -97.992629 30.483749, -97.992578 30.483785, -97.992482 30.483832, -97.992382 30.483872, -97.992328 30.483882, -97.992242 30.483884, -97.992146 30.483886, -97.991846 30.483924, -97.991774 30.483933, -97.991707 30.483951, -97.991635 30.483989, -97.991593 30.484027, -97.99156 30.484079, -97.99153 30.484168, -97.991515 30.484263, -97.991513 30.484372, -97.991522 30.484509, -97.991543 30.484613, -97.991554 30.484706, -97.991561 30.484888, -97.991608 30.48509, -97.99163 30.485744, -97.99162 30.486008, -97.991582 30.486205, -97.991542 30.486381, -97.991514 30.486438, -97.99141 30.486578, -97.991335 30.486658, -97.991178 30.486798, -97.991102 30.486856, -97.990947 30.486958, -97.990701 30.487132, -97.990693 30.487138, -97.990563 30.487236, -97.990524 30.487261, -97.990449 30.487298, -97.990132 30.487382, -97.990062 30.487405, -97.989998 30.487438, -97.989948 30.487475, -97.989835 30.487591, -97.989788 30.487655, -97.989739 30.48774, -97.989561 30.488009, -97.989502 30.488082, -97.989409 30.488159, -97.989227 30.488323, -97.989123 30.488425, -97.989059 30.488496, -97.989003 30.488575, -97.98899 30.488616, -97.988991 30.488651, -97.989008 30.488708, -97.989083 30.48883, -97.989106 30.4889, -97.98912 30.488986, -97.989114 30.489105, -97.9891 30.489169, -97.989071 30.489241, -97.989025 30.489327, -97.988975 30.489395, -97.988917 30.489453, -97.988721 30.489587, -97.988636 30.489641, -97.988504 30.489716, -97.988402 30.489788, -97.988245 30.489921, -97.988094 30.490065, -97.988036 30.490136, -97.987999 30.490208, -97.987906 30.490407, -97.987786 30.490731, -97.987755 30.490819, -97.987644 30.491079, -97.98761 30.491194, -97.987537 30.491527, -97.987477 30.491705, -97.987324 30.49209, -97.987262 30.492265, -97.987221 30.492444, -97.987192 30.492604, -97.987176 30.492739, -97.987162 30.49297, -97.987135 30.493154, -97.987106 30.493291, -97.987089 30.493406, -97.987077 30.493576, -97.987077 30.493604, -97.987091 30.493716, -97.987174 30.494062, -97.987287 30.494388, -97.987305 30.494478, -97.987345 30.494996, -97.987366 30.495156, -97.987394 30.495264, -97.987409 30.495361, -97.987418 30.495536, -97.987438 30.495659, -97.987502 30.495985, -97.987547 30.496148, -97.987639 30.496385, -97.987687 30.496482, -97.98781 30.496687, -97.987859 30.49678, -97.987961 30.497055, -97.988072 30.497275, -97.988154 30.497416, -97.988406 30.497809, -97.98837 30.497972, -97.988368 30.498071, -97.98836 30.498109, -97.988319 30.498184, -97.988277 30.498288, -97.988246 30.498347, -97.988165 30.498462, -97.988004 30.498665, -97.987853 30.498829, -97.987748 30.498981, -97.987705 30.499037, -97.987659 30.499082, -97.987625 30.499107, -97.987549 30.499147, -97.987479 30.499198, -97.987377 30.499024, -97.987159 30.498796, -97.986748 30.498151, -97.986382 30.497716, -97.985853 30.497365, -97.985066 30.497106, -97.984541 30.497107, -97.983656 30.497248, -97.9825 30.497977, -97.981829 30.498136, -97.981108 30.498002, -97.980398 30.497685, -97.979635 30.497091, -97.979424 30.496888, -97.979251 30.496588, -97.979146 30.496365, -97.979065 30.496134, -97.979016 30.495885, -97.978903 30.495935, -97.978854 30.495963, -97.978768 30.496022, -97.97864 30.496127, -97.978572 30.49621, -97.978482 30.496341, -97.978376 30.496457, -97.978281 30.496541, -97.978174 30.496611, -97.978059 30.496666, -97.977963 30.496694, -97.977841 30.496706, -97.977746 30.496714, -97.977695 30.496727, -97.977668 30.496738, -97.977596 30.49677, -97.977495 30.496873, -97.977406 30.496995, -97.977374 30.497078, -97.977364 30.497141, -97.977377 30.497239, -97.97742 30.497381, -97.977495 30.497638, -97.977515 30.497782, -97.977518 30.497908, -97.977486 30.498062, -97.97743 30.498211, -97.977374 30.498392, -97.977354 30.498543, -97.97737 30.498662, -97.977403 30.498733, -97.977456 30.498794, -97.977627 30.498919, -97.977792 30.49907, -97.977963 30.499275, -97.978108 30.499518, -97.978246 30.499769, -97.978378 30.499946, -97.978464 30.500052, -97.97853 30.500236, -97.978543 30.500427, -97.978635 30.501376, -97.978645 30.501428, -97.979192 30.504298, -97.979261 30.504865, -97.979569 30.505482, -97.979554 30.505878, -97.979539 30.506073, -97.978482 30.506118, -97.97769 30.505775, -97.977241 30.505752, -97.976792 30.505911, -97.976343 30.506276, -97.976053 30.506412, -97.975816 30.506389, -97.975578 30.506275, -97.974811 30.506275, -97.974363 30.506068, -97.973651 30.505954, -97.97328 30.505634, -97.973229 30.505018, -97.972912 30.504629, -97.972119 30.504081, -97.971961 30.504058, -97.971405 30.504242, -97.971061 30.504219, -97.970585 30.503531, -97.970055 30.503555, -97.9677 30.504586, -97.967462 30.504586, -97.96725 30.504426, -97.967274 30.503788, -97.967589 30.503306, -97.96806 30.502118, -97.968476 30.501519, -97.968112 30.501204, -97.96782 30.501236, -97.966957 30.501532, -97.966169 30.501577, -97.965463 30.501788, -97.964739 30.502201, -97.964098 30.502435, -97.957654 30.50283, -97.955801 30.502994, -97.955262 30.503026, -97.95435 30.502947, -97.954299 30.502974, -97.95407 30.502992, -97.952855 30.503085, -97.952097 30.503019, -97.951135 30.502677, -97.951036 30.502642, -97.950534 30.502464, -97.949929 30.501892, -97.948952 30.501463, -97.948607 30.501564, -97.948306 30.501659, -97.948179 30.501688, -97.948059 30.501686, -97.94787 30.501663, -97.947759 30.50163, -97.947692 30.501611, -97.947535 30.501592, -97.947327 30.501595, -97.947179 30.501579, -97.947123 30.501594, -97.947088 30.501603, -97.946998 30.501702, -97.946866 30.501982, -97.946718 30.502303, -97.946586 30.502517, -97.946496 30.502657, -97.946372 30.502755, -97.946175 30.502821, -97.945772 30.502936, -97.945533 30.503043, -97.94541 30.503142, -97.945245 30.503372, -97.94513 30.503537, -97.94502 30.503656, -97.94133 30.506339, -97.941112 30.506456, -97.940976 30.506497, -97.940795 30.506497, -97.94061 30.506448, -97.940396 30.506345, -97.940034 30.506152, -97.939915 30.506065, -97.939849 30.505983, -97.939627 30.505526, -97.939434 30.505094, -97.939351 30.504975, -97.939252 30.504868, -97.939096 30.504749, -97.93896 30.504691, -97.93882 30.504666, -97.938635 30.504662, -97.938413 30.504708, -97.937496 30.504922, -97.937195 30.504967, -97.936825 30.505012, -97.936566 30.505066, -97.936224 30.505148, -97.935998 30.505197, -97.935829 30.505205, -97.935541 30.505189, -97.935385 30.505181, -97.935266 30.505193, -97.935113 30.505234, -97.934945 30.505284, -97.934727 30.505399, -97.934397 30.505596, -97.9339 30.505942, -97.933402 30.506325, -97.933122 30.50651, -97.932953 30.506588, -97.932809 30.506629, -97.932632 30.506621, -97.932377 30.506567, -97.931447 30.506287, -97.931053 30.506185, -97.930871 30.506119, -97.930509 30.505876, -97.930353 30.50574, -97.930213 30.505658, -97.930102 30.505621, -97.929954 30.505609, -97.92981 30.505629, -97.929584 30.505687, -97.929456 30.50572, -97.929168 30.505767, -97.928818 30.505792, -97.927592 30.5058, -97.926721 30.505788, -97.925859 30.505793, -97.924695 30.50584, -97.924703 30.505708, -97.924678 30.505617, -97.924645 30.505544, -97.924592 30.505478, -97.924494 30.505428, -97.92435 30.505386, -97.924147 30.505358, -97.923911 30.505328, -97.923655 30.505301, -97.923614 30.505165, -97.923563 30.505079, -97.923513 30.50502, -97.923422 30.504959, -97.923274 30.504884, -97.923063 30.504809, -97.922935 30.504779, -97.92281 30.504762, -97.922627 30.504762, -97.92248 30.504765, -97.922363 30.504756, -97.922065 30.504683, -97.921681 30.504513, -97.921368 30.504377, -97.921088 30.504282, -97.920851 30.504193, -97.92061 30.504097, -97.920409 30.503992, -97.920278 30.50391, -97.920159 30.503827, -97.92009 30.503775, -97.920001 30.503669, -97.919834 30.503405, -97.919711 30.503097, -97.919599 30.50286, -97.91966 30.50284, -97.920279 30.502404, -97.92038 30.502283, -97.920456 30.502197, -97.920538 30.502078, -97.921464 30.500605, -97.921989 30.499884, -97.922518 30.499115, -97.922763 30.498742, -97.922959 30.498417, -97.923155 30.498038, -97.923262 30.497796, -97.923585 30.497117, -97.924354 30.495457, -97.924464 30.495213, -97.924508 30.4951, -97.924536 30.495001, -97.924561 30.4949, -97.924577 30.494749, -97.924579 30.494613, -97.924513 30.494238, -97.924414 30.494003, -97.923929 30.492951, -97.923823 30.492668, -97.923718 30.492347, -97.923692 30.492108, -97.923681 30.491982, -97.923694 30.491855, -97.923727 30.491671, -97.923831 30.491323, -97.923988 30.49101, -97.924221 30.490676, -97.924404 30.490506, -97.924564 30.490373, -97.92476 30.490237, -97.927262 30.489294, -97.927866 30.489024, -97.928148 30.48886, -97.928369 30.488702, -97.928558 30.488535, -97.928697 30.48839, -97.928883 30.488165, -97.929016 30.487951, -97.929139 30.487739, -97.929205 30.487584, -97.92924 30.487461, -97.929323 30.487169, -97.929477 30.486593, -97.929538 30.48637, -97.930161 30.485428, -97.930492 30.48493, -97.93106 30.48395, -97.931441 30.483292, -97.931521 30.483204, -97.932071 30.482606, -97.932845 30.482191, -97.933143 30.482124, -97.934005 30.481929, -97.93487 30.481951, -97.935799 30.481974, -97.936772 30.481808, -97.937306 30.481605, -97.938465 30.481165, -97.939566 30.480749, -97.941532 30.480202, -97.941849 30.480113, -97.941956 30.480084, -97.943751 30.479584, -97.944629 30.479339, -97.94667 30.478865, -97.947004 30.478794, -97.94787 30.478612, -97.94923 30.478327, -97.9497 30.478228, -97.95185 30.477726, -97.952982 30.477461, -97.953513 30.477337, -97.955022 30.476984, -97.956087 30.476736, -97.956417 30.476659, -97.957009 30.476521, -97.957023 30.476515, -97.957716 30.476231, -97.958647 30.47585, -97.958875 30.475702, -97.959028 30.475564, -97.96103 30.473654, -97.961416 30.4733, -97.961882 30.472979, -97.962167 30.472823, -97.962334 30.472745, -97.962411 30.472709, -97.962717 30.47259, -97.962981 30.472497, -97.963623 30.472315, -97.963918 30.472228, -97.965279 30.471826, -97.965958 30.471616, -97.966337 30.471496, -97.96646 30.471457, -97.967113 30.471257, -97.968504 30.470868, -97.968868 30.4708, -97.969066 30.47078, -97.969326 30.47077, -97.969566 30.47078, -97.969793 30.470803, -97.969925 30.47082, -97.970084 30.470849, -97.970305 30.470903, -97.970514 30.470966, -97.970791 30.471052, -97.97102 30.471142, -97.971205 30.471232, -97.971467 30.471378, -97.971496 30.471394, -97.971865 30.471651, -97.972435 30.472079, -97.972781 30.472337, -97.973347 30.472744, -97.973644 30.472978, -97.973878 30.473189, -97.974019 30.473357, -97.974148 30.473535, -97.974266 30.473716, -97.974369 30.47391, -97.974464 30.474147, -97.97452 30.474421, -97.974556 30.47473, -97.974655 30.475531, -97.974702 30.47602, -97.974708 30.476081, -97.974722 30.476181, -97.974902 30.476164, -97.975107 30.476148, -97.97536 30.476133, -97.975428 30.476129, -97.975828 30.476147, -97.976157 30.476203, -97.976449 30.476272, -97.977009 30.476313, -97.977274 30.476296, -97.977557 30.476244, -97.977969 30.476152, -97.978189 30.476109, -97.9784 30.476072, -97.979306 30.47608, -97.979668 30.476046, -97.980571 30.475881, -97.981721 30.475676, -97.981937 30.475676, -97.982058 30.475692, -97.982227 30.475732, -97.982695 30.475932, -97.983048 30.476043, -97.983475 30.476122, -97.984244 30.476212, -97.98533 30.476316, -97.986356 30.476416, -97.986207 30.476874, -97.98717 30.477006, -97.988092 30.477138, -97.989126 30.477309, -97.989495 30.477347, -97.989739 30.477433, -97.990339 30.477756, -97.99163 30.47848, -97.993573 30.479719, -97.993781 30.4799))",52.1,1673.0,120721.0,0.0,24.0,17793902.708968665,9.402097040559614e-05
"POLYGON ((-97.910891 30.1704, -97.910728 30.170741, -97.910633 30.17105, -97.910522 30.171492, -97.91042 30.17174, -97.910242 30.172027, -97.910025 30.172301, -97.909452 30.172972, -97.909277 30.173214, -97.909236 30.173291, -97.909038 30.173656, -97.908803 30.174131, -97.908115 30.175483, -97.907803 30.176012, -97.907562 30.176343, -97.90732 30.176572, -97.906772 30.176916, -97.905222 30.17773, -97.903842 30.178508, -97.903643 30.178612, -97.903466 30.178712, -97.903224 30.178842, -97.902816 30.179078, -97.902598 30.179189, -97.902107 30.179439, -97.901647 30.179681, -97.901339 30.179876, -97.901062 30.180083, -97.900954 30.180174, -97.900751 30.180422, -97.900707 30.18048, -97.900618 30.180612, -97.900547 30.18075, -97.900432 30.180957, -97.900322 30.181126, -97.900204 30.181064, -97.900129 30.181029, -97.89985 30.180898, -97.898258 30.18015, -97.89708 30.179541, -97.895954 30.1788, -97.894922 30.178019, -97.893889 30.177079, -97.892923 30.176205, -97.892274 30.175604, -97.891506 30.174894, -97.89059 30.174082, -97.890295 30.173814, -97.890075 30.173689, -97.889795 30.173546, -97.889393 30.17342, -97.889065 30.173372, -97.88879 30.173351, -97.888701 30.173348, -97.888629 30.173345, -97.888405 30.173368, -97.88806 30.173423, -97.887783 30.173515, -97.887517 30.173628, -97.887488 30.173641, -97.887361 30.173694, -97.887262 30.173742, -97.886956 30.173899, -97.886717 30.174017, -97.88638 30.174187, -97.886065 30.174352, -97.885883 30.174486, -97.88571 30.174629, -97.885517 30.174829, -97.885368 30.174999, -97.885061 30.175452, -97.884854 30.17576, -97.884065 30.176953, -97.883916 30.177164, -97.883249 30.178114, -97.882972 30.178472, -97.882744 30.178721, -97.882198 30.179208, -97.882104 30.179303, -97.881908 30.179502, -97.881648 30.179789, -97.881427 30.180076, -97.881112 30.180484, -97.880785 30.180903, -97.88044 30.180874, -97.879551 30.180519, -97.877739 30.179836, -97.87679 30.179941, -97.875982 30.180448, -97.87356 30.180046, -97.874004 30.179382, -97.868261 30.177594, -97.868181 30.177576, -97.8681 30.177757, -97.867558 30.177434, -97.867501 30.177394, -97.864471 30.17739, -97.861735 30.177387, -97.861742 30.175918, -97.862908 30.1759, -97.863165 30.175877, -97.863583 30.175811, -97.863603 30.173804, -97.864063 30.173813, -97.864308 30.173806, -97.864554 30.173822, -97.865418 30.173913, -97.865632 30.17389, -97.866097 30.173692, -97.866194 30.173678, -97.86655 30.17366, -97.866573 30.17267, -97.869198 30.172655, -97.870323 30.17261, -97.870742 30.172594, -97.870801 30.172609, -97.870966 30.172595, -97.871234 30.172554, -97.871322 30.172547, -97.872176 30.172539, -97.873112 30.172532, -97.874059 30.172525, -97.87405 30.171744, -97.874031 30.169962, -97.874019 30.168955, -97.874013 30.168861, -97.873992 30.168748, -97.873918 30.168514, -97.873883 30.16835, -97.873876 30.167486, -97.873879 30.167319, -97.873892 30.167228, -97.873933 30.167078, -97.873984 30.166966, -97.874238 30.16655, -97.874295 30.166441, -97.874341 30.166315, -97.874368 30.1662, -97.87438 30.166093, -97.874367 30.164949, -97.874363 30.164866, -97.874345 30.164737, -97.874312 30.164612, -97.87427 30.164499, -97.874197 30.16436, -97.874136 30.164268, -97.874091 30.164212, -97.874035 30.164189, -97.873728 30.163861, -97.87348 30.163345, -97.873522 30.160871, -97.873452 30.159321, -97.873314 30.158771, -97.873086 30.158348, -97.872577 30.15783, -97.871316 30.156582, -97.870671 30.156022, -97.870035 30.155672, -97.869129 30.155379, -97.868178 30.155089, -97.867173 30.155121, -97.866418 30.15542, -97.86457 30.156152, -97.864214 30.156252, -97.863863 30.156303, -97.863507 30.156308, -97.862819 30.156237, -97.863011 30.155012, -97.863043 30.154808, -97.863144 30.154067, -97.86318 30.153848, -97.863043 30.153337, -97.862682 30.152788, -97.862437 30.152415, -97.862338 30.152264, -97.862134 30.151952, -97.861938 30.151442, -97.861949 30.151077, -97.862176 30.150339, -97.862132 30.150065, -97.862008 30.149882, -97.861774 30.14963, -97.861429 30.149455, -97.861174 30.149354, -97.861049 30.149342, -97.860927 30.14933, -97.859849 30.149359, -97.859642 30.149275, -97.859424 30.149009, -97.859422 30.148979, -97.859327 30.147615, -97.859265 30.147493, -97.859253 30.147468, -97.859248 30.147459, -97.859182 30.147324, -97.858938 30.147201, -97.858736 30.147189, -97.857811 30.147504, -97.854991 30.148438, -97.854857 30.148482, -97.853938 30.148766, -97.853366 30.148944, -97.852056 30.149351, -97.851768 30.149357, -97.850264 30.14939, -97.849419 30.149408, -97.848953 30.149419, -97.848613 30.149426, -97.848505 30.149429, -97.847737 30.149447, -97.847103 30.149461, -97.847026 30.146159, -97.84699 30.144589, -97.846987 30.144441, -97.846985 30.144343, -97.846924 30.143044, -97.846932 30.142755, -97.846939 30.142584, -97.847027 30.14245, -97.847118 30.142328, -97.84721 30.142242, -97.847364 30.142126, -97.847491 30.142035, -97.84732 30.141846, -97.846789 30.141237, -97.846688 30.141121, -97.84661 30.141033, -97.847186 30.14053, -97.84725 30.140453, -97.847878 30.139702, -97.848709 30.138246, -97.849341 30.13786, -97.850074 30.137494, -97.850603 30.137106, -97.851212 30.136397, -97.852111 30.135513, -97.852592 30.135108, -97.853131 30.134658, -97.853754 30.134119, -97.855213 30.132854, -97.856786 30.131491, -97.857161 30.131196, -97.857222 30.13124, -97.857406 30.13108, -97.857555 30.130936, -97.857764 30.130734, -97.857855 30.130641, -97.857936 30.130698, -97.861355 30.133144, -97.862412 30.133902, -97.863569 30.134732, -97.865744 30.136292, -97.866468 30.136812, -97.866556 30.136875, -97.866739 30.137007, -97.868584 30.138333, -97.868797 30.138484, -97.868841 30.138515, -97.874248 30.142397, -97.877187 30.144506, -97.87713 30.144513, -97.877281 30.144573, -97.877536 30.144758, -97.877823 30.144966, -97.877835 30.144975, -97.87795 30.145049, -97.878171 30.145217, -97.878526 30.145462, -97.880732 30.147067, -97.882257 30.148162, -97.883522 30.149067, -97.888932 30.152967, -97.890446 30.154072, -97.89381 30.156491, -97.895254 30.15752, -97.896281 30.158271, -97.897144 30.158883, -97.898522 30.159894, -97.89894 30.160183, -97.902899 30.163032, -97.904655 30.164297, -97.906517 30.165632, -97.906523 30.165823, -97.906544 30.16632, -97.908562 30.167742, -97.911301 30.169671, -97.910891 30.1704))",40.4,3807.0,240234.0,199.0,26.0,13870129.431020658,0.0002744747277906155
"POLYGON ((-97.816806 30.197327, -97.816458 30.197567, -97.816292 30.197764, -97.816102 30.198057, -97.815938 30.198324, -97.815495 30.198994, -97.815094 30.199646, -97.814578 30.20047, -97.814221 30.200982, -97.814027 30.201375, -97.813828 30.201692, -97.81372 30.201946, -97.813702 30.202171, -97.81375 30.202376, -97.813432 30.202488, -97.812938 30.202893, -97.812489 30.203245, -97.812193 30.203349, -97.811895 30.203382, -97.811762 30.203415, -97.811509 30.203498, -97.81143 30.203557, -97.811349 30.203616, -97.811189 30.203874, -97.810669 30.203764, -97.810429 30.20379, -97.810218 30.203868, -97.810007 30.204043, -97.809929 30.204166, -97.809899 30.204212, -97.809889 30.204228, -97.80983 30.204333, -97.809712 30.204255, -97.809106 30.203887, -97.809018 30.203828, -97.808804 30.203645, -97.808203 30.203321, -97.808021 30.203213, -97.80774 30.203092, -97.807571 30.203032, -97.807381 30.202997, -97.807247 30.202971, -97.807121 30.202953, -97.806906 30.202936, -97.806909 30.20292, -97.806918 30.202853, -97.806922 30.20282, -97.807179 30.200896, -97.807338 30.199964, -97.807835 30.199215, -97.808882 30.197637, -97.809481 30.196665, -97.810285 30.195363, -97.810621 30.194916, -97.810691 30.194952, -97.811859 30.195548, -97.81225 30.195641, -97.81264 30.195646, -97.812817 30.195592, -97.813103 30.195545, -97.813818 30.19513, -97.814288 30.195491, -97.815354 30.196018, -97.815707 30.196273, -97.816057 30.196522, -97.816485 30.196965, -97.816806 30.197327))",41.2,1036.0,68670.0,178.0,0.0,594181.8305997454,0.0017435740149682791
"POLYGON ((-97.927262 30.489294, -97.92476 30.490237, -97.924564 30.490373, -97.924404 30.490506, -97.924221 30.490676, -97.923988 30.49101, -97.923831 30.491323, -97.923727 30.491671, -97.923694 30.491855, -97.923681 30.491982, -97.923692 30.492108, -97.923718 30.492347, -97.923823 30.492668, -97.923929 30.492951, -97.924414 30.494003, -97.924513 30.494238, -97.924579 30.494613, -97.924577 30.494749, -97.924561 30.4949, -97.924536 30.495001, -97.924508 30.4951, -97.924464 30.495213, -97.924354 30.495457, -97.923585 30.497117, -97.923262 30.497796, -97.923155 30.498038, -97.922959 30.498417, -97.922763 30.498742, -97.922518 30.499115, -97.921989 30.499884, -97.921464 30.500605, -97.920538 30.502078, -97.920456 30.502197, -97.92038 30.502283, -97.920279 30.502404, -97.91966 30.50284, -97.919599 30.50286, -97.919422 30.502938, -97.919227 30.502997, -97.919044 30.503038, -97.918911 30.503059, -97.918791 30.503071, -97.918682 30.503078, -97.918208 30.50307, -97.917738 30.503038, -97.917322 30.503007, -97.91699 30.502996, -97.916679 30.503012, -97.916416 30.503043, -97.916184 30.503091, -97.915941 30.503159, -97.915794 30.503228, -97.91558 30.503339, -97.915156 30.503625, -97.91483 30.503889, -97.91456 30.504102, -97.914353 30.504299, -97.914145 30.504507, -97.913937 30.504793, -97.913701 30.505119, -97.913471 30.50545, -97.913291 30.505737, -97.913134 30.505995, -97.912961 30.506434, -97.912887 30.506604, -97.912626 30.50737, -97.912471 30.507875, -97.912383 30.508283, -97.912296 30.508758, -97.91214 30.509642, -97.912063 30.51006, -97.911975 30.51039, -97.911898 30.510661, -97.911677 30.51115, -97.911432 30.511694, -97.910633 30.513489, -97.91025 30.514383, -97.909836 30.515362, -97.909679 30.515597, -97.909561 30.515746, -97.909446 30.515859, -97.909258 30.516002, -97.909045 30.516137, -97.908734 30.516302, -97.908137 30.516664, -97.907033 30.517276, -97.90693 30.517349, -97.906571 30.517553, -97.906288 30.517713, -97.906096 30.517819, -97.905929 30.517908, -97.905809 30.517964, -97.905721 30.518, -97.905353 30.518143, -97.905075 30.518215, -97.904912 30.518253, -97.904783 30.518283, -97.904462 30.51836, -97.904032 30.518455, -97.903238 30.518649, -97.902707 30.518778, -97.901858 30.518954, -97.90138 30.519052, -97.900841 30.519185, -97.900406 30.519307, -97.900198 30.519377, -97.899879 30.519485, -97.899242 30.5197, -97.898849 30.519822, -97.898549 30.519902, -97.898237 30.519945, -97.8979 30.519939, -97.897756 30.519928, -97.897575 30.519914, -97.897299 30.519847, -97.897103 30.519773, -97.896916 30.519683, -97.896602 30.519528, -97.895539 30.519057, -97.894919 30.518782, -97.894352 30.518601, -97.893892 30.518473, -97.8935 30.518387, -97.89309 30.518307, -97.891619 30.518068, -97.890712 30.517909, -97.890388 30.517829, -97.890075 30.517719, -97.889787 30.517584, -97.889462 30.517388, -97.889119 30.517125, -97.88822 30.516264, -97.888007 30.516061, -97.887734 30.515756, -97.887631 30.51564, -97.887535 30.515533, -97.887389 30.515338, -97.887287 30.515113, -97.887141 30.514809, -97.887006 30.514426, -97.886792 30.513976, -97.886567 30.513582, -97.886297 30.513267, -97.885892 30.512861, -97.885003 30.5123, -97.885432 30.511706, -97.885516 30.511589, -97.885536 30.511535, -97.885563 30.511464, -97.886486 30.50906, -97.886634 30.508675, -97.886654 30.508624, -97.88685 30.508102, -97.886874 30.508036, -97.887159 30.507393, -97.887233 30.507185, -97.887249 30.507141, -97.887257 30.507119, -97.887504 30.506435, -97.888099 30.504784, -97.888583 30.503443, -97.888593 30.503064, -97.88828 30.501268, -97.888348 30.50059, -97.888448 30.500218, -97.888593 30.499896, -97.889443 30.498762, -97.890357 30.497542, -97.890484 30.497365, -97.890595 30.49711, -97.890689 30.496843, -97.891072 30.495684, -97.891379 30.494886, -97.891604 30.494417, -97.892176 30.493688, -97.892556 30.493464, -97.892837 30.493299, -97.894011 30.492707, -97.897374 30.491108, -97.900313 30.491004, -97.901605 30.490795, -97.902049 30.490561, -97.902344 30.490341, -97.9025 30.490208, -97.902658 30.490034, -97.902921 30.489656, -97.904121 30.487525, -97.904232 30.487308, -97.904317 30.487091, -97.904413 30.486776, -97.904431 30.486465, -97.904431 30.486259, -97.904389 30.485852, -97.904406 30.484726, -97.904468 30.484524, -97.904542 30.484386, -97.904706 30.484106, -97.905481 30.483429, -97.905666 30.483212, -97.90585 30.482695, -97.905956 30.482397, -97.906487 30.480906, -97.907103 30.480244, -97.908752 30.478939, -97.908847 30.478691, -97.909081 30.478089, -97.909168 30.477851, -97.909597 30.477026, -97.909726 30.476128, -97.910155 30.473742, -97.910322 30.472758, -97.910484 30.470651, -97.910521 30.470164, -97.91057 30.469538, -97.91016 30.469289, -97.910436 30.469259, -97.910711 30.469228, -97.911417 30.46915, -97.911833 30.470158, -97.912045 30.470381, -97.914779 30.473256, -97.915353 30.473974, -97.916109 30.47492, -97.916417 30.475457, -97.916696 30.475943, -97.916773 30.476289, -97.917108 30.477785, -97.917504 30.479556, -97.918442 30.482221, -97.918501 30.482261, -97.918981 30.48303, -97.919069 30.483213, -97.919344 30.483613, -97.919323 30.484451, -97.919317 30.4847, -97.919313 30.48485, -97.919048 30.485507, -97.919605 30.485948, -97.920786 30.486265, -97.92082 30.486281, -97.922166 30.48691, -97.923017 30.487366, -97.923338 30.48736, -97.923238 30.487492, -97.923301 30.487565, -97.92387 30.487707, -97.923989 30.487811, -97.924023 30.487889, -97.924018 30.487999, -97.923956 30.488219, -97.923844 30.488431, -97.923831 30.488534, -97.923867 30.488604, -97.923896 30.488728, -97.923945 30.488884, -97.923985 30.489084, -97.924005 30.489122, -97.924051 30.489152, -97.924413 30.489329, -97.924518 30.48937, -97.924623 30.489395, -97.924674 30.489401, -97.924782 30.489404, -97.925026 30.489386, -97.925214 30.489354, -97.925453 30.489306, -97.925555 30.489273, -97.925655 30.489229, -97.925715 30.489187, -97.925776 30.489128, -97.92591 30.488912, -97.925989 30.488856, -97.926059 30.488824, -97.926191 30.488779, -97.926323 30.488746, -97.926425 30.488729, -97.926503 30.488726, -97.926591 30.488735, -97.926669 30.488754, -97.926889 30.48884, -97.927055 30.488918, -97.927096 30.488945, -97.927131 30.488985, -97.927162 30.489039, -97.927195 30.489115, -97.927262 30.489294))",47.8,1490.0,112159.0,27.0,5.0,10664579.998026818,0.00013971483173980435
"POLYGON ((-97.648292 30.364796, -97.648027 30.365863, -97.647849 30.366388, -97.647814 30.36649, -97.647811 30.3665, -97.647758 30.366657, -97.647493 30.367441, -97.646086 30.374704, -97.64528 30.378872, -97.645187 30.379353, -97.644849 30.381097, -97.644125 30.383934, -97.642693 30.382784, -97.641463 30.381796, -97.64138 30.381729, -97.639599 30.380289, -97.638903 30.37973, -97.638773 30.379631, -97.638517 30.379453, -97.638265 30.379287, -97.637711 30.379003, -97.634186 30.377135, -97.632005 30.37598, -97.631802 30.375894, -97.631643 30.375791, -97.629562 30.374686, -97.628681 30.374219, -97.628656 30.374206, -97.62683 30.373246, -97.625467 30.372529, -97.625184 30.372375, -97.625013 30.372302, -97.621809 30.370615, -97.621588 30.370508, -97.621344 30.370403, -97.620883 30.370205, -97.620015 30.369864, -97.619025 30.369593, -97.617743 30.369312, -97.616738 30.369104, -97.614504 30.368683, -97.615371 30.367329, -97.615662 30.366923, -97.616017 30.366478, -97.616228 30.366214, -97.616746 30.365939, -97.619829 30.365223, -97.619898 30.365212, -97.621186 30.365006, -97.621277 30.364992, -97.624067 30.364518, -97.62469 30.36425, -97.626093 30.36348, -97.62737 30.362888, -97.62781 30.362862, -97.628032 30.362849, -97.628511 30.362909, -97.629266 30.362944, -97.62969 30.362944, -97.630775 30.360149, -97.631778 30.359193, -97.634039 30.357192, -97.63518 30.356185, -97.63556 30.355842, -97.635822 30.355604, -97.636544 30.354954, -97.637815 30.353807, -97.638821 30.352892, -97.638924 30.352828, -97.639053 30.35277, -97.639151 30.352748, -97.639226 30.352737, -97.639323 30.352743, -97.639496 30.352775, -97.639744 30.35284, -97.640127 30.352948, -97.640521 30.353034, -97.640786 30.353066, -97.641012 30.353077, -97.64125 30.353061, -97.64265 30.352884, -97.644583 30.352637, -97.644651 30.352628, -97.645319 30.352512, -97.645344 30.352508, -97.645365 30.352581, -97.64565 30.353554, -97.645681 30.353721, -97.6459 30.354653, -97.645972 30.354957, -97.646028 30.355194, -97.646162 30.355762, -97.646407 30.3568, -97.646552 30.357416, -97.64657 30.35749, -97.646587 30.357565, -97.646641 30.357795, -97.647054 30.359545, -97.647068 30.359606, -97.647117 30.359813, -97.648257 30.36465, -97.648292 30.364796))",33.3,2406.0,88316.0,18.0,19.0,5382207.681021033,0.00044702845794749587
"POLYGON ((-97.683236 30.388544, -97.682903 30.389362, -97.682209 30.390948, -97.681964 30.391543, -97.681769 30.392045, -97.681296 30.393229, -97.681037 30.393878, -97.680842 30.394335, -97.680769 30.394505, -97.680523 30.395119, -97.680436 30.395091, -97.680268 30.395035, -97.680179 30.395011, -97.679944 30.394914, -97.679794 30.394859, -97.679704 30.394812, -97.679561 30.394737, -97.679427 30.394643, -97.679235 30.394529, -97.679017 30.394379, -97.678848 30.394272, -97.678493 30.394087, -97.678377 30.394012, -97.678238 30.39388, -97.678016 30.393601, -97.677835 30.393312, -97.677682 30.393088, -97.677568 30.392886, -97.677454 30.392654, -97.677368 30.392448, -97.677245 30.392002, -97.677075 30.391603, -97.677031 30.391401, -97.676988 30.391289, -97.676945 30.391138, -97.676905 30.390871, -97.676835 30.390558, -97.676712 30.389925, -97.676704 30.389836, -97.676708 30.389656, -97.676755 30.389358, -97.676772 30.389305, -97.676813 30.389239, -97.676843 30.389203, -97.676951 30.389111, -97.677038 30.389044, -97.67729 30.38878, -97.677355 30.388702, -97.677421 30.38865, -97.677475 30.388597, -97.677527 30.388527, -97.677583 30.388427, -97.677637 30.388322, -97.677707 30.388133, -97.677734 30.388048, -97.677744 30.387977, -97.67775 30.387911, -97.677747 30.387866, -97.677704 30.387717, -97.677678 30.387651, -97.677649 30.387605, -97.677583 30.387544, -97.677456 30.387454, -97.677411 30.387427, -97.677346 30.387396, -97.677225 30.387364, -97.677113 30.387355, -97.676998 30.387363, -97.676871 30.387379, -97.676654 30.38742, -97.676519 30.387458, -97.676171 30.387577, -97.675895 30.387714, -97.675809 30.387751, -97.675779 30.387764, -97.675582 30.387867, -97.675366 30.388008, -97.675089 30.388243, -97.67491 30.388371, -97.674747 30.388449, -97.674716 30.388468, -97.674632 30.388531, -97.674489 30.388557, -97.67428 30.388576, -97.673934 30.388592, -97.673639 30.388566, -97.673466 30.388544, -97.673101 30.388462, -97.672871 30.388423, -97.672814 30.388414, -97.672565 30.388382, -97.672595 30.388202, -97.67309 30.386136, -97.67341 30.38479, -97.673681 30.383648, -97.673867 30.382761, -97.674065 30.381964, -97.674121 30.38195, -97.674355 30.381894, -97.675518 30.38197, -97.676571 30.382077, -97.677047 30.382216, -97.677726 30.382654, -97.67885 30.382842, -97.679865 30.383078, -97.680901 30.383248, -97.681401 30.383335, -97.681801 30.383508, -97.681322 30.384194, -97.681285 30.384474, -97.6814 30.384672, -97.681631 30.384863, -97.682613 30.38523, -97.684253 30.386056, -97.683236 30.388544))",34.6,932.0,85625.0,17.0,19.0,881027.1908121806,0.0010578561135449517
"POLYGON ((-97.905718 30.1843, -97.905667 30.184425, -97.905387 30.184895, -97.90532 30.184982, -97.905132 30.185195, -97.905024 30.185323, -97.904688 30.18601, -97.904318 30.185841, -97.904026 30.185729, -97.903824 30.185687, -97.90355 30.185628, -97.903324 30.185614, -97.903145 30.185622, -97.9028 30.185667, -97.902765 30.185671, -97.902381 30.185879, -97.90219 30.185995, -97.901947 30.186142, -97.901297 30.186474, -97.901247 30.1865, -97.900631 30.186775, -97.900309 30.186947, -97.900114 30.187051, -97.899779 30.187287, -97.899396 30.18769, -97.899309 30.187788, -97.898938 30.188182, -97.898662 30.188403, -97.898616 30.188443, -97.89846 30.188553, -97.897909 30.188864, -97.89807 30.189255, -97.898125 30.189773, -97.898201 30.190481, -97.898132 30.190816, -97.898109 30.190925, -97.89791 30.191273, -97.897689 30.191481, -97.89736 30.191662, -97.897153 30.191757, -97.896867 30.191889, -97.896595 30.191977, -97.896296 30.192018, -97.896085 30.191987, -97.896004 30.191959, -97.895898 30.191923, -97.895705 30.191842, -97.895475 30.191738, -97.895454 30.191727, -97.894841 30.19141, -97.894269 30.192002, -97.893129 30.192582, -97.893455 30.193339, -97.893526 30.193541, -97.893536 30.193596, -97.893541 30.193696, -97.893531 30.193794, -97.8935 30.193901, -97.893396 30.194094, -97.89297 30.194812, -97.892699 30.19473, -97.892535 30.194699, -97.892292 30.194665, -97.891987 30.19464, -97.89164 30.194652, -97.891271 30.194697, -97.890952 30.194782, -97.890561 30.194901, -97.890151 30.195009, -97.889086 30.195305, -97.888833 30.195388, -97.888506 30.195461, -97.888248 30.195481, -97.888028 30.195516, -97.887652 30.195528, -97.887374 30.195514, -97.887141 30.195493, -97.886881 30.19545, -97.886643 30.195376, -97.886463 30.195299, -97.886283 30.195221, -97.886103 30.195132, -97.885884 30.19501, -97.885644 30.194839, -97.885516 30.19473, -97.885167 30.194358, -97.884912 30.194041, -97.884865 30.193983, -97.884827 30.193928, -97.884805 30.193896, -97.884939 30.193846, -97.885761 30.193553, -97.885855 30.193519, -97.88743 30.192805, -97.888307 30.192311, -97.889874 30.191253, -97.889945 30.191197, -97.890009 30.191158, -97.890682 30.190665, -97.891426 30.190027, -97.891773 30.189626, -97.892189 30.189161, -97.892602 30.188648, -97.892833 30.188402, -97.893132 30.187978, -97.893297 30.187653, -97.893509 30.187322, -97.893746 30.186945, -97.894009 30.186538, -97.894204 30.186249, -97.894438 30.185921, -97.894652 30.185679, -97.894734 30.185616, -97.895512 30.18489, -97.896188 30.184442, -97.89629 30.184364, -97.896589 30.184214, -97.89741 30.18379, -97.897993 30.183579, -97.898536 30.183234, -97.898946 30.182864, -97.899277 30.182347, -97.899354 30.182228, -97.899499 30.18201, -97.900129 30.181029, -97.900204 30.181064, -97.900322 30.181126, -97.900372 30.181153, -97.900797 30.181327, -97.901262 30.181563, -97.902733 30.182295, -97.902957 30.182398, -97.904639 30.18305, -97.906083 30.183523, -97.905718 30.1843))",39.7,2208.0,225114.0,59.0,60.0,1001194.1154237054,0.0022053665378022865
"POLYGON ((-97.68633 30.382012, -97.685803 30.382932, -97.685737 30.383045, -97.685188 30.384005, -97.685078 30.384288, -97.684997 30.384496, -97.68473 30.385079, -97.684689 30.385162, -97.684253 30.386056, -97.682613 30.38523, -97.681631 30.384863, -97.6814 30.384672, -97.681285 30.384474, -97.681322 30.384194, -97.681801 30.383508, -97.681401 30.383335, -97.680901 30.383248, -97.679865 30.383078, -97.67885 30.382842, -97.677726 30.382654, -97.677047 30.382216, -97.676571 30.382077, -97.675518 30.38197, -97.674355 30.381894, -97.674121 30.38195, -97.674065 30.381964, -97.67415 30.38159, -97.674236 30.381217, -97.67426 30.381116, -97.674379 30.380728, -97.674392 30.380696, -97.674573 30.380114, -97.674636 30.379916, -97.674666 30.379851, -97.674907 30.379309, -97.675233 30.378686, -97.675498 30.37821, -97.676155 30.377057, -97.676482 30.377125, -97.676713 30.377182, -97.676928 30.377219, -97.677623 30.377396, -97.679359 30.378183, -97.680193 30.378563, -97.680991 30.378929, -97.681312 30.379032, -97.681817 30.379281, -97.682689 30.379728, -97.683433 30.380239, -97.684739 30.380934, -97.685197 30.381174, -97.685256 30.381206, -97.686375 30.38193, -97.68633 30.382012))",40.7,415.0,146667.0,0.0,0.0,558152.6366103307,0.0007435242132336796
"POLYGON ((-97.673587 30.399294, -97.673465 30.399289, -97.673391 30.399287, -97.673236 30.399285, -97.673111 30.399277, -97.673016 30.399271, -97.672694 30.399072, -97.671726 30.398597, -97.670536 30.397869, -97.668245 30.396734, -97.66755 30.39639, -97.666469 30.395861, -97.665369 30.395322, -97.66514 30.39521, -97.664903 30.395047, -97.664804 30.394978, -97.664158 30.394535, -97.663499 30.394008, -97.662614 30.3933, -97.662103 30.392891, -97.660271 30.391412, -97.659046 30.390825, -97.660197 30.389138, -97.660393 30.388801, -97.660805 30.389024, -97.661245 30.389262, -97.661822 30.389521, -97.662241 30.389516, -97.663415 30.389348, -97.663959 30.389175, -97.664341 30.3889, -97.664501 30.388551, -97.664669 30.387958, -97.664767 30.387613, -97.665751 30.387777, -97.666404 30.387986, -97.666377 30.387911, -97.666371 30.387868, -97.666384 30.387796, -97.66641 30.387745, -97.666442 30.387716, -97.666513 30.387689, -97.666579 30.387676, -97.666697 30.387681, -97.666731 30.387686, -97.666808 30.387684, -97.666845 30.387669, -97.666901 30.387625, -97.66693 30.387586, -97.666955 30.387486, -97.667285 30.387638, -97.667518 30.387765, -97.667807 30.387881, -97.667844 30.387892, -97.668072 30.387935, -97.668216 30.387955, -97.668517 30.388028, -97.668578 30.388043, -97.669004 30.388124, -97.669433 30.388258, -97.669613 30.38829, -97.66971 30.388298, -97.670085 30.388305, -97.670611 30.388282, -97.671044 30.388212, -97.671095 30.388207, -97.671178 30.388206, -97.671277 30.388221, -97.67159 30.388303, -97.67186 30.388319, -97.672074 30.388344, -97.672373 30.38838, -97.672519 30.388376, -97.672565 30.388382, -97.672551 30.388437, -97.672229 30.38979, -97.671752 30.391862, -97.671677 30.392907, -97.671643 30.393388, -97.671674 30.393813, -97.671734 30.394422, -97.671774 30.394759, -97.671903 30.395235, -97.672844 30.397782, -97.673404 30.39892, -97.673447 30.399007, -97.673455 30.399024, -97.673529 30.399174, -97.673564 30.399246, -97.673587 30.399294))",27.4,2843.0,106270.0,126.0,15.0,910404.9652172333,0.003122786132127066
"POLYGON ((-97.900129 30.181029, -97.899499 30.18201, -97.899354 30.182228, -97.899277 30.182347, -97.898946 30.182864, -97.898536 30.183234, -97.897993 30.183579, -97.89741 30.18379, -97.896589 30.184214, -97.89629 30.184364, -97.896188 30.184442, -97.895512 30.18489, -97.894734 30.185616, -97.894652 30.185679, -97.89389 30.185143, -97.892944 30.184512, -97.893416 30.184109, -97.893749 30.183843, -97.894178 30.183408, -97.894631 30.183051, -97.894005 30.182442, -97.893495 30.181715, -97.893317 30.181389, -97.893087 30.181195, -97.892985 30.18113, -97.892829 30.181105, -97.892644 30.181104, -97.89234 30.1812, -97.892056 30.181258, -97.891746 30.181244, -97.891296 30.181172, -97.890266 30.181056, -97.890182 30.181662, -97.889708 30.181634, -97.889172 30.181704, -97.888653 30.18179, -97.88872 30.18211, -97.888735 30.18221, -97.888741 30.182413, -97.888714 30.182602, -97.888696 30.182685, -97.888488 30.183489, -97.887847 30.183364, -97.887664 30.183344, -97.887527 30.183347, -97.887395 30.183365, -97.887295 30.183389, -97.887179 30.183431, -97.887117 30.18346, -97.887002 30.183524, -97.886899 30.183602, -97.886833 30.183664, -97.886752 30.183759, -97.886342 30.184359, -97.886089 30.184725, -97.88603 30.184848, -97.886009 30.18493, -97.886002 30.185103, -97.886011 30.185172, -97.886011 30.185205, -97.885703 30.185251, -97.885585 30.185276, -97.885456 30.185318, -97.884818 30.18565, -97.884317 30.185899, -97.884121 30.186005, -97.883946 30.18615, -97.883794 30.186304, -97.88363 30.18651, -97.883477 30.186713, -97.882836 30.186395, -97.882391 30.187047, -97.882305 30.187155, -97.881173 30.188734, -97.880738 30.189422, -97.880656 30.189638, -97.880625 30.189719, -97.880219 30.192113, -97.881673 30.192294, -97.88231 30.192367, -97.882563 30.192394, -97.882803 30.192443, -97.883023 30.192494, -97.883199 30.19256, -97.883387 30.192619, -97.883469 30.192656, -97.883594 30.192714, -97.883822 30.192836, -97.884244 30.193163, -97.884419 30.19334, -97.884805 30.193896, -97.884182 30.194071, -97.883883 30.194146, -97.88237 30.194742, -97.882276 30.194804, -97.881727 30.195165, -97.88134 30.195448, -97.881025 30.195685, -97.880752 30.195903, -97.880534 30.196091, -97.880404 30.196221, -97.880168 30.196449, -97.880127 30.196405, -97.880067 30.196316, -97.880043 30.196234, -97.880026 30.196204, -97.87996 30.196141, -97.879832 30.196052, -97.879782 30.196027, -97.879604 30.196, -97.879463 30.195971, -97.879404 30.195969, -97.879338 30.195981, -97.879117 30.196067, -97.879058 30.196095, -97.878862 30.196202, -97.878743 30.196262, -97.878715 30.196277, -97.878674 30.196305, -97.878582 30.196378, -97.878426 30.196484, -97.878371 30.196509, -97.878284 30.196528, -97.878164 30.19654, -97.878109 30.196581, -97.877834 30.196805, -97.877558 30.197003, -97.877252 30.197236, -97.877177 30.197281, -97.876726 30.197473, -97.876597 30.197515, -97.876357 30.197614, -97.876297 30.197646, -97.875982 30.197866, -97.875903 30.197909, -97.87572 30.197995, -97.875605 30.198035, -97.875497 30.198061, -97.875391 30.198073, -97.875168 30.198074, -97.874867 30.198094, -97.874782 30.198095, -97.874741 30.198092, -97.874649 30.198075, -97.87415 30.197937, -97.873883 30.197878, -97.873828 30.197858, -97.873684 30.197785, -97.873494 30.19767, -97.873364 30.197603, -97.873206 30.197549, -97.873001 30.197458, -97.872793 30.197379, -97.872619 30.197305, -97.872447 30.197237, -97.872231 30.197159, -97.872171 30.197128, -97.872146 30.197107, -97.872141 30.19708, -97.872142 30.197036, -97.87212 30.196982, -97.872092 30.19695, -97.872069 30.196936, -97.872011 30.196917, -97.871911 30.196891, -97.871502 30.196709, -97.871389 30.196666, -97.871182 30.196573, -97.871028 30.196518, -97.870619 30.196392, -97.870525 30.196349, -97.87047 30.196303, -97.87045 30.196296, -97.870185 30.196252, -97.870138 30.196231, -97.870105 30.19621, -97.869771 30.195923, -97.869737 30.195902, -97.869679 30.195882, -97.869645 30.195875, -97.869571 30.195867, -97.869488 30.195866, -97.869259 30.195879, -97.869085 30.195896, -97.869009 30.195903, -97.868812 30.195928, -97.868651 30.195973, -97.868587 30.195977, -97.868491 30.195965, -97.86837 30.195924, -97.868163 30.195908, -97.867706 30.195901, -97.867621 30.195886, -97.867511 30.195843, -97.867346 30.19577, -97.867099 30.195659, -97.866737 30.195517, -97.866552 30.19545, -97.866452 30.195401, -97.86633 30.195328, -97.865921 30.195057, -97.865837 30.194989, -97.865626 30.194794, -97.865543 30.1947, -97.865525 30.194664, -97.86552 30.194637, -97.865524 30.194594, -97.865558 30.194527, -97.865597 30.19447, -97.865608 30.194414, -97.865609 30.194317, -97.865626 30.194145, -97.865659 30.193974, -97.865715 30.19357, -97.865723 30.193451, -97.865742 30.193372, -97.865778 30.193299, -97.865886 30.193156, -97.865961 30.19304, -97.865994 30.192968, -97.866029 30.192853, -97.866195 30.192514, -97.866206 30.192467, -97.866232 30.192141, -97.866252 30.191801, -97.866247 30.191716, -97.866196 30.191509, -97.866131 30.191283, -97.866053 30.190927, -97.866043 30.1909, -97.866003 30.190843, -97.865865 30.190692, -97.865701 30.190548, -97.865561 30.190445, -97.865493 30.190411, -97.865409 30.190388, -97.86538 30.190386, -97.86531 30.190394, -97.865278 30.190389, -97.865147 30.190333, -97.864973 30.190268, -97.864914 30.190255, -97.864861 30.190258, -97.864802 30.190272, -97.864608 30.190343, -97.86449 30.190407, -97.864182 30.190549, -97.864123 30.190565, -97.864012 30.19058, -97.863833 30.190586, -97.863669 30.190614, -97.863139 30.190611, -97.862961 30.190602, -97.862869 30.190584, -97.862826 30.190571, -97.862584 30.190465, -97.862523 30.190425, -97.862493 30.190394, -97.862417 30.190259, -97.862401 30.190214, -97.862348 30.189949, -97.862321 30.189912, -97.862203 30.189807, -97.862138 30.189726, -97.861987 30.189588, -97.861817 30.189371, -97.86176 30.189309, -97.86168 30.189197, -97.861475 30.188955, -97.861359 30.188828, -97.861297 30.188747, -97.86124 30.18866, -97.861193 30.188609, -97.861169 30.188598, -97.861098 30.188591, -97.860985 30.188591, -97.860948 30.18858, -97.860911 30.188553, -97.860858 30.188471, -97.8608 30.188349, -97.860779 30.188264, -97.86078 30.18821, -97.860833 30.18795, -97.86087 30.187866, -97.860927 30.187778, -97.860965 30.187694, -97.861059 30.187355, -97.861085 30.187296, -97.861139 30.187201, -97.861221 30.187021, -97.861281 30.186912, -97.861355 30.186806, -97.861465 30.186672, -97.861548 30.186563, -97.861689 30.186408, -97.861736 30.186344, -97.861816 30.186272, -97.86197 30.186112, -97.86208 30.185988, -97.862167 30.185905, -97.862236 30.185846, -97.862487 30.18564, -97.862557 30.185603, -97.862863 30.185504, -97.862961 30.185457, -97.862974 30.185436, -97.86298 30.185403, -97.862951 30.185306, -97.862884 30.185164, -97.862869 30.185109, -97.862869 30.185062, -97.862876 30.185038, -97.862907 30.184987, -97.862955 30.184931, -97.86306 30.184858, -97.86319 30.184775, -97.863226 30.184738, -97.86337 30.184532, -97.863532 30.18431, -97.863662 30.184081, -97.863784 30.183838, -97.86387 30.183689, -97.86389 30.183631, -97.863911 30.18343, -97.863909 30.183324, -97.863883 30.183186, -97.863853 30.183061, -97.863782 30.182875, -97.863716 30.182724, -97.863596 30.182365, -97.863575 30.182276, -97.863548 30.182203, -97.863492 30.1821, -97.863435 30.182011, -97.863375 30.181876, -97.863319 30.181781, -97.863144 30.181558, -97.86288 30.181201, -97.862781 30.181111, -97.862619 30.180948, -97.862456 30.180812, -97.862345 30.180733, -97.862208 30.180609, -97.862089 30.180512, -97.86204 30.180489, -97.861998 30.180453, -97.86193 30.180344, -97.861864 30.180273, -97.861816 30.180233, -97.861766 30.180204, -97.86171 30.180185, -97.861637 30.180172, -97.861566 30.180167, -97.861478 30.180169, -97.861414 30.180154, -97.861381 30.180138, -97.861302 30.180072, -97.861266 30.180031, -97.861225 30.17995, -97.861203 30.179919, -97.861171 30.179884, -97.861089 30.179821, -97.861029 30.179783, -97.860891 30.179725, -97.860836 30.179679, -97.860779 30.179601, -97.860725 30.179508, -97.860696 30.179472, -97.860625 30.179405, -97.860127 30.179044, -97.85981 30.178798, -97.859649 30.17871, -97.859618 30.178699, -97.859536 30.178681, -97.8595 30.178662, -97.859449 30.178609, -97.859386 30.178524, -97.859316 30.178421, -97.859245 30.178318, -97.859029 30.178037, -97.858955 30.17796, -97.858861 30.177892, -97.858735 30.177809, -97.858652 30.177738, -97.858588 30.177667, -97.85847 30.177507, -97.858432 30.177437, -97.858404 30.177383, -97.85838 30.177313, -97.858361 30.177199, -97.858357 30.177121, -97.85837 30.177055, -97.858392 30.177011, -97.85846 30.176932, -97.858604 30.176715, -97.858682 30.176557, -97.858713 30.176511, -97.858927 30.176328, -97.859005 30.176252, -97.859049 30.176199, -97.859243 30.175924, -97.859273 30.175854, -97.859295 30.175789, -97.85932 30.175744, -97.859456 30.175814, -97.859721 30.175893, -97.859859 30.175915, -97.860574 30.175917, -97.861553 30.17592, -97.861742 30.175918, -97.861735 30.177387, -97.864471 30.17739, -97.867501 30.177394, -97.867558 30.177434, -97.8681 30.177757, -97.868181 30.177576, -97.868261 30.177594, -97.874004 30.179382, -97.87356 30.180046, -97.875982 30.180448, -97.87679 30.179941, -97.877739 30.179836, -97.879551 30.180519, -97.88044 30.180874, -97.880785 30.180903, -97.881112 30.180484, -97.881427 30.180076, -97.881648 30.179789, -97.881908 30.179502, -97.882104 30.179303, -97.882198 30.179208, -97.882744 30.178721, -97.882972 30.178472, -97.883249 30.178114, -97.883916 30.177164, -97.884065 30.176953, -97.884854 30.17576, -97.885061 30.175452, -97.885368 30.174999, -97.885517 30.174829, -97.88571 30.174629, -97.885883 30.174486, -97.886065 30.174352, -97.88638 30.174187, -97.886717 30.174017, -97.886956 30.173899, -97.887262 30.173742, -97.887361 30.173694, -97.887488 30.173641, -97.887517 30.173628, -97.887783 30.173515, -97.88806 30.173423, -97.888405 30.173368, -97.888629 30.173345, -97.888701 30.173348, -97.88879 30.173351, -97.889065 30.173372, -97.889393 30.17342, -97.889795 30.173546, -97.890075 30.173689, -97.890295 30.173814, -97.89059 30.174082, -97.891506 30.174894, -97.892274 30.175604, -97.892923 30.176205, -97.893889 30.177079, -97.894922 30.178019, -97.895954 30.1788, -97.89708 30.179541, -97.898258 30.18015, -97.89985 30.180898, -97.900129 30.181029))",39.2,2351.0,227639.0,98.0,11.0,4925029.982003482,0.00047735750007426816
"POLYGON ((-97.674392 30.380696, -97.674379 30.380728, -97.67426 30.381116, -97.674236 30.381217, -97.67415 30.38159, -97.674065 30.381964, -97.673867 30.382761, -97.673681 30.383648, -97.67341 30.38479, -97.67309 30.386136, -97.672595 30.388202, -97.672565 30.388382, -97.672519 30.388376, -97.672373 30.38838, -97.672074 30.388344, -97.67186 30.388319, -97.67159 30.388303, -97.671277 30.388221, -97.671178 30.388206, -97.671095 30.388207, -97.671044 30.388212, -97.670611 30.388282, -97.670085 30.388305, -97.66971 30.388298, -97.669613 30.38829, -97.669433 30.388258, -97.669004 30.388124, -97.668578 30.388043, -97.668517 30.388028, -97.668216 30.387955, -97.668072 30.387935, -97.667844 30.387892, -97.667807 30.387881, -97.667518 30.387765, -97.667285 30.387638, -97.666955 30.387486, -97.666846 30.387413, -97.666779 30.387382, -97.66673 30.387345, -97.666698 30.387294, -97.666633 30.38724, -97.666583 30.387186, -97.666539 30.387087, -97.666446 30.386931, -97.666428 30.386891, -97.666414 30.386845, -97.666403 30.386775, -97.666325 30.386506, -97.666315 30.38644, -97.666299 30.386407, -97.666057 30.386087, -97.665973 30.385993, -97.665849 30.385877, -97.665742 30.385809, -97.665601 30.385704, -97.665536 30.385639, -97.665498 30.385558, -97.66549 30.385525, -97.665404 30.385378, -97.665357 30.385277, -97.665328 30.385146, -97.665228 30.384924, -97.665172 30.384737, -97.664947 30.384165, -97.664848 30.383862, -97.664794 30.383729, -97.664773 30.383637, -97.66477 30.383594, -97.664773 30.383534, -97.664803 30.383434, -97.664806 30.383405, -97.664799 30.38337, -97.664795 30.383238, -97.664757 30.383009, -97.664711 30.382859, -97.664697 30.382829, -97.664611 30.382687, -97.664492 30.382463, -97.664456 30.382368, -97.664414 30.38223, -97.664383 30.382147, -97.66435 30.38208, -97.664313 30.38202, -97.664248 30.381933, -97.664112 30.381787, -97.66408 30.381745, -97.664054 30.381649, -97.66403 30.381437, -97.663999 30.381275, -97.663989 30.381225, -97.663982 30.381162, -97.663924 30.380622, -97.66391 30.380301, -97.663898 30.380159, -97.6639 30.380094, -97.66391 30.380034, -97.663913 30.380014, -97.663925 30.379969, -97.663957 30.379884, -97.664007 30.379692, -97.664026 30.379601, -97.66403 30.379523, -97.664025 30.379455, -97.664001 30.379351, -97.663978 30.379282, -97.664037 30.379275, -97.664061 30.379276, -97.664324 30.379319, -97.664367 30.379322, -97.664468 30.379336, -97.664525 30.379572, -97.664802 30.379677, -97.665006 30.379412, -97.665164 30.379208, -97.66545 30.379137, -97.667182 30.379921, -97.667593 30.38023, -97.667719 30.380166, -97.667955 30.380075, -97.66811 30.379987, -97.668271 30.379875, -97.668398 30.379702, -97.668435 30.379615, -97.668489 30.379566, -97.668543 30.379507, -97.668652 30.379361, -97.66882 30.379213, -97.66961 30.378495, -97.670141 30.378038, -97.670689 30.378272, -97.671012 30.378507, -97.671762 30.379202, -97.672536 30.37954, -97.673433 30.379925, -97.674001 30.38003, -97.67439 30.380131, -97.674573 30.380114, -97.674392 30.380696))",42.2,1013.0,87096.0,9.0,0.0,802003.4911159617,0.0012630867710942799
"POLYGON ((-97.676155 30.377057, -97.675498 30.37821, -97.675233 30.378686, -97.674907 30.379309, -97.674666 30.379851, -97.674636 30.379916, -97.674573 30.380114, -97.67439 30.380131, -97.674001 30.38003, -97.673433 30.379925, -97.672536 30.37954, -97.671762 30.379202, -97.671012 30.378507, -97.670689 30.378272, -97.670141 30.378038, -97.66961 30.378495, -97.66882 30.379213, -97.668652 30.379361, -97.668543 30.379507, -97.668489 30.379566, -97.668435 30.379615, -97.668398 30.379702, -97.668271 30.379875, -97.66811 30.379987, -97.667955 30.380075, -97.667719 30.380166, -97.667593 30.38023, -97.667182 30.379921, -97.66545 30.379137, -97.665164 30.379208, -97.665006 30.379412, -97.664802 30.379677, -97.664525 30.379572, -97.664468 30.379336, -97.664367 30.379322, -97.664324 30.379319, -97.664061 30.379276, -97.664037 30.379275, -97.663978 30.379282, -97.66389 30.379015, -97.663832 30.378791, -97.663792 30.378673, -97.663714 30.378392, -97.663682 30.378318, -97.663605 30.378168, -97.663506 30.377963, -97.663299 30.377533, -97.663184 30.377255, -97.663053 30.37686, -97.662979 30.376704, -97.662886 30.376556, -97.662848 30.376506, -97.662784 30.376452, -97.662722 30.376407, -97.662589 30.376329, -97.662478 30.376274, -97.662248 30.376161, -97.66197 30.376062, -97.66193 30.376036, -97.661856 30.37602, -97.661803 30.376003, -97.661711 30.375981, -97.661248 30.375787, -97.661165 30.375745, -97.661074 30.375701, -97.660879 30.375576, -97.660834 30.375543, -97.660689 30.375422, -97.660642 30.375382, -97.660571 30.375305, -97.660546 30.375275, -97.66068 30.375159, -97.660895 30.374992, -97.660999 30.374918, -97.661095 30.374857, -97.661258 30.37477, -97.663655 30.373614, -97.664999 30.372962, -97.66513 30.372906, -97.66533 30.372806, -97.6655 30.372705, -97.665668 30.37259, -97.665823 30.372461, -97.666699 30.372895, -97.667627 30.373293, -97.669013 30.373768, -97.669836 30.374157, -97.671087 30.3747, -97.67142 30.374862, -97.671891 30.37509, -97.672129 30.375214, -97.672535 30.375426, -97.672911 30.375634, -97.673309 30.375828, -97.67399 30.37616, -97.675583 30.376949, -97.67589 30.376997, -97.675946 30.377009, -97.676155 30.377057))",33.5,1614.0,52197.0,0.0,39.0,698803.5164262945,0.00230966210395456
"POLYGON ((-97.661254 30.381891, -97.660987 30.382353, -97.660563 30.383057, -97.66011 30.38371, -97.659672 30.384377, -97.659272 30.384967, -97.659203 30.385069, -97.658654 30.385979, -97.658236 30.386496, -97.657609 30.387486, -97.656335 30.389492, -97.655556 30.38911, -97.654793 30.388687, -97.654403 30.388503, -97.65334 30.388004, -97.652278 30.387504, -97.651989 30.38757, -97.651644 30.387678, -97.651306 30.387828, -97.651072 30.388013, -97.650916 30.388205, -97.648687 30.386914, -97.648714 30.386876, -97.648871 30.386531, -97.649381 30.385362, -97.649464 30.385194, -97.649551 30.385047, -97.65005 30.383924, -97.650678 30.383069, -97.651523 30.382124, -97.651838 30.381808, -97.652168 30.381499, -97.652493 30.381142, -97.653041 30.380558, -97.653618 30.379965, -97.653988 30.379588, -97.6543 30.379356, -97.654785 30.379099, -97.654913 30.379037, -97.655134 30.378957, -97.655361 30.378877, -97.65627 30.378562, -97.657507 30.378144, -97.657984 30.377931, -97.658204 30.377786, -97.658321 30.377701, -97.658521 30.377537, -97.658706 30.37736, -97.658791 30.377273, -97.659007 30.37743, -97.659487 30.377778, -97.659598 30.377883, -97.659764 30.378102, -97.659872 30.37825, -97.659909 30.378321, -97.659981 30.378492, -97.660076 30.378752, -97.660496 30.379515, -97.661198 30.380669, -97.661349 30.38115, -97.661254 30.381891))",32.2,1841.0,110167.0,258.0,6.0,918489.5071966427,0.0020043778242159645
"POLYGON ((-97.645904 30.438943, -97.643442 30.442759, -97.643332 30.442702, -97.642096 30.442211, -97.64121 30.441799, -97.640495 30.441441, -97.639587 30.441009, -97.639081 30.440787, -97.638681 30.440677, -97.638331 30.440655, -97.637955 30.440672, -97.63717 30.440834, -97.636222 30.441003, -97.635471 30.440952, -97.634715 30.440592, -97.634861 30.440377, -97.635143 30.439961, -97.635559 30.439313, -97.636502 30.437845, -97.637503 30.436289, -97.637699 30.436128, -97.637972 30.436133, -97.638216 30.436198, -97.638246 30.436117, -97.63837 30.435866, -97.638479 30.435685, -97.63979 30.43631, -97.640298 30.436552, -97.64344 30.438065, -97.643767 30.438216, -97.643996 30.438294, -97.644378 30.438371, -97.644664 30.43843, -97.644913 30.438496, -97.645046 30.43854, -97.64519 30.438595, -97.645389 30.438682, -97.645611 30.438791, -97.64579 30.438881, -97.645904 30.438943))",37.7,940.0,119500.0,5.0,10.0,435312.990036242,0.0021593658390983007
"POLYGON ((-97.649814 30.29044, -97.649799 30.290756, -97.649762 30.291072, -97.649723 30.291305, -97.649651 30.291617, -97.649561 30.291923, -97.649451 30.292223, -97.649355 30.292447, -97.64761 30.296441, -97.647328 30.297088, -97.647014 30.297831, -97.646666 30.298623, -97.646357 30.299369, -97.646305 30.299344, -97.645707 30.299072, -97.645582 30.299016, -97.644597 30.298566, -97.6442 30.298419, -97.643689 30.29823, -97.64174 30.297766, -97.6411 30.297589, -97.640878 30.297528, -97.640901 30.297473, -97.641129 30.296994, -97.641347 30.296605, -97.641509 30.296397, -97.641616 30.296259, -97.641828 30.296052, -97.642192 30.295737, -97.64289 30.295117, -97.643217 30.294796, -97.643385 30.294621, -97.64353 30.294437, -97.644172 30.293449, -97.644342 30.293178, -97.644671 30.292792, -97.644861 30.292617, -97.645212 30.292335, -97.645942 30.291814, -97.646655 30.291293, -97.646799 30.291202, -97.647052 30.290985, -97.647326 30.290655, -97.647446 30.290482, -97.647539 30.290291, -97.647613 30.290163, -97.647767 30.289751, -97.647826 30.28953, -97.647859 30.289277, -97.647857 30.289049, -97.647851 30.288641, -97.647845 30.288196, -97.647666 30.287326, -97.647593 30.287126, -97.647208 30.286458, -97.646732 30.285675, -97.646487 30.285269, -97.646398 30.285058, -97.646324 30.284647, -97.646314 30.284371, -97.646309 30.284267, -97.646366 30.284062, -97.646441 30.283832, -97.646541 30.283625, -97.646657 30.283449, -97.646782 30.283289, -97.647153 30.282873, -97.647493 30.28238, -97.647675 30.281982, -97.647732 30.281755, -97.647957 30.280973, -97.647999 30.280828, -97.648205 30.280903, -97.648693 30.281082, -97.648722 30.281312, -97.649227 30.285357, -97.64943 30.287008, -97.649634 30.288658, -97.649735 30.289468, -97.649765 30.28965, -97.649793 30.289887, -97.649812 30.290204, -97.649814 30.29044))",32.0,466.0,109470.0,0.0,43.0,614451.8794257541,0.0007583995030424641
"POLYGON ((-97.740444 30.206848, -97.736899 30.212378, -97.735728 30.214208, -97.735591 30.214478, -97.735382 30.214892, -97.735294 30.215027, -97.735204 30.215163, -97.735175 30.215206, -97.735137 30.215263, -97.73508 30.215351, -97.73498 30.215336, -97.734911 30.215326, -97.73463 30.215287, -97.734431 30.215257, -97.733442 30.215113, -97.731921 30.214903, -97.730518 30.214699, -97.727955 30.214325, -97.722999 30.213723, -97.72066 30.213505, -97.720444 30.213485, -97.720293 30.213471, -97.719381 30.213391, -97.718003 30.213238, -97.716396 30.213057, -97.714139 30.212712, -97.712509 30.212432, -97.71234 30.212341, -97.712408 30.21224, -97.712661 30.211995, -97.712858 30.211606, -97.713777 30.210001, -97.71488 30.208228, -97.715672 30.206953, -97.715743 30.20684, -97.715932 30.206533, -97.716601 30.205573, -97.717425 30.204405, -97.717627 30.204104, -97.717865 30.203816, -97.718378 30.20336, -97.718827 30.203052, -97.71938 30.202695, -97.720041 30.202312, -97.720662 30.201925, -97.721026 30.2017, -97.721294 30.201531, -97.721694 30.201201, -97.722021 30.200877, -97.72256 30.200305, -97.723278 30.199488, -97.723655 30.199045, -97.723824 30.19884, -97.724002 30.198622, -97.724178 30.198339, -97.726262 30.194763, -97.726571 30.194396, -97.726652 30.194318, -97.72856 30.19514, -97.728958 30.195308, -97.730364 30.195983, -97.732675 30.197067, -97.733407 30.197395, -97.734144 30.197754, -97.734854 30.19809, -97.73492 30.19798, -97.735637 30.198324, -97.735407 30.198706, -97.734275 30.200534, -97.733199 30.202358, -97.733074 30.202806, -97.733088 30.202837, -97.733158 30.202992, -97.733378 30.203478, -97.734427 30.203994, -97.735219 30.204358, -97.736275 30.204843, -97.737288 30.20533, -97.740444 30.206848))",38.5,1476.0,116729.0,64.0,31.0,3494114.1698295427,0.00042242466280717017
"POLYGON ((-97.691149 30.373468, -97.690776 30.37413, -97.690125 30.375257, -97.689784 30.375895, -97.689309 30.376738, -97.688948 30.377396, -97.688756 30.377686, -97.688287 30.378482, -97.687684 30.37954, -97.687622 30.379651, -97.68714 30.380533, -97.686701 30.381334, -97.686375 30.38193, -97.685256 30.381206, -97.685197 30.381174, -97.684739 30.380934, -97.683433 30.380239, -97.682689 30.379728, -97.681817 30.379281, -97.681312 30.379032, -97.680991 30.378929, -97.680193 30.378563, -97.679359 30.378183, -97.677623 30.377396, -97.676928 30.377219, -97.676713 30.377182, -97.676482 30.377125, -97.676155 30.377057, -97.676637 30.376316, -97.677789 30.374594, -97.678044 30.374212, -97.678584 30.373403, -97.680413 30.370434, -97.680712 30.369949, -97.680806 30.370037, -97.680913 30.370137, -97.681013 30.370255, -97.68103 30.370398, -97.681005 30.370515, -97.680352 30.371608, -97.681324 30.372016, -97.681444 30.371853, -97.681529 30.371772, -97.681618 30.371717, -97.681767 30.371653, -97.681932 30.371556, -97.682004 30.371492, -97.682055 30.371416, -97.683103 30.369714, -97.684182 30.370243, -97.685248 30.370752, -97.686306 30.371247, -97.687232 30.371719, -97.690081 30.373082, -97.690791 30.373418, -97.690887 30.373448, -97.690944 30.37346, -97.691023 30.373467, -97.691149 30.373468))",34.7,1697.0,70000.0,0.0,0.0,1043329.7105168385,0.0016265232197397602
"POLYGON ((-97.647957 30.280973, -97.647732 30.281755, -97.647675 30.281982, -97.647493 30.28238, -97.647153 30.282873, -97.646782 30.283289, -97.646657 30.283449, -97.646541 30.283625, -97.646441 30.283832, -97.646366 30.284062, -97.646309 30.284267, -97.646314 30.284371, -97.646324 30.284647, -97.646398 30.285058, -97.646487 30.285269, -97.646732 30.285675, -97.647208 30.286458, -97.647593 30.287126, -97.647666 30.287326, -97.647845 30.288196, -97.647851 30.288641, -97.647857 30.289049, -97.647859 30.289277, -97.647826 30.28953, -97.647767 30.289751, -97.647613 30.290163, -97.647539 30.290291, -97.647446 30.290482, -97.647326 30.290655, -97.647052 30.290985, -97.646799 30.291202, -97.646655 30.291293, -97.645942 30.291814, -97.645212 30.292335, -97.644861 30.292617, -97.644671 30.292792, -97.644342 30.293178, -97.644172 30.293449, -97.64353 30.294437, -97.643385 30.294621, -97.643217 30.294796, -97.64289 30.295117, -97.642192 30.295737, -97.641828 30.296052, -97.641616 30.296259, -97.641509 30.296397, -97.641347 30.296605, -97.641129 30.296994, -97.640901 30.297473, -97.640878 30.297528, -97.640188 30.29719, -97.639299 30.296756, -97.639926 30.295691, -97.639621 30.295557, -97.639621 30.295504, -97.639647 30.29546, -97.639649 30.29543, -97.639634 30.295388, -97.639601 30.29534, -97.639573 30.295299, -97.639307 30.294976, -97.639235 30.294864, -97.639162 30.294768, -97.639024 30.294617, -97.638941 30.29454, -97.638736 30.294333, -97.63866 30.294247, -97.638469 30.294109, -97.638431 30.29407, -97.638414 30.294029, -97.638407 30.293977, -97.63842 30.293901, -97.638443 30.29373, -97.63848 30.293541, -97.638505 30.293489, -97.638577 30.293402, -97.638655 30.293333, -97.63873 30.293253, -97.638828 30.293294, -97.638927 30.293334, -97.639113 30.293219, -97.639479 30.292633, -97.639786 30.292194, -97.639845 30.292058, -97.639811 30.291661, -97.640057 30.291655, -97.640233 30.291551, -97.640949 30.290378, -97.640967 30.290304, -97.640913 30.290257, -97.640767 30.290186, -97.640439 30.290029, -97.640076 30.289826, -97.640288 30.289446, -97.639162 30.288906, -97.637135 30.287935, -97.638051 30.286807, -97.63886 30.287188, -97.639161 30.286691, -97.639204 30.28653, -97.6394 30.286116, -97.639543 30.285918, -97.639937 30.285541, -97.640073 30.285346, -97.640232 30.285121, -97.640286 30.284954, -97.640376 30.284678, -97.639974 30.284437, -97.640199 30.28416, -97.640138 30.284131, -97.64003 30.284083, -97.639998 30.284063, -97.639921 30.284034, -97.639823 30.283987, -97.639714 30.283936, -97.639647 30.283904, -97.639616 30.28389, -97.639586 30.283875, -97.639505 30.283838, -97.63946 30.283816, -97.639434 30.283804, -97.639401 30.283789, -97.639336 30.28376, -97.639305 30.283746, -97.639258 30.283724, -97.639211 30.283701, -97.63919 30.283691, -97.639152 30.283673, -97.639111 30.283655, -97.639081 30.283642, -97.638976 30.283593, -97.638871 30.283544, -97.638819 30.283519, -97.638807 30.283514, -97.638761 30.283492, -97.638654 30.283443, -97.638577 30.283407, -97.63855 30.283394, -97.638443 30.283344, -97.638157 30.283211, -97.638098 30.283184, -97.63577 30.282035, -97.634519 30.281458, -97.634318 30.281372, -97.634336 30.281344, -97.634877 30.28051, -97.635724 30.279205, -97.635951 30.278855, -97.636402 30.27816, -97.636478 30.278042, -97.63663 30.277803, -97.637274 30.276794, -97.637795 30.277165, -97.63931 30.277868, -97.641219 30.278282, -97.641921 30.278549, -97.643007 30.278963, -97.643116 30.279004, -97.643796 30.279258, -97.645568 30.279944, -97.647999 30.280828, -97.647957 30.280973))",31.9,3060.0,106893.0,160.0,20.0,1510759.1162594703,0.002025471808885282
"POLYGON ((-97.681001 30.367679, -97.680445 30.368584, -97.68001 30.369285, -97.680077 30.3696, -97.680313 30.369811, -97.680562 30.369897, -97.680712 30.369949, -97.680413 30.370434, -97.678584 30.373403, -97.678044 30.374212, -97.677789 30.374594, -97.676637 30.376316, -97.676155 30.377057, -97.675946 30.377009, -97.67589 30.376997, -97.675583 30.376949, -97.67399 30.37616, -97.673309 30.375828, -97.672911 30.375634, -97.672535 30.375426, -97.672129 30.375214, -97.671891 30.37509, -97.67142 30.374862, -97.671087 30.3747, -97.669836 30.374157, -97.669013 30.373768, -97.667627 30.373293, -97.666699 30.372895, -97.665823 30.372461, -97.665999 30.3723, -97.666134 30.372155, -97.666246 30.372024, -97.6663 30.371963, -97.666506 30.371672, -97.666817 30.371182, -97.667422 30.370219, -97.667535 30.370013, -97.667616 30.369882, -97.66811 30.369144, -97.668615 30.368276, -97.668631 30.368248, -97.668717 30.368033, -97.668793 30.367825, -97.668839 30.367625, -97.668869 30.367422, -97.668861 30.367002, -97.668753 30.364788, -97.668716 30.364492, -97.668647 30.364166, -97.668587 30.363779, -97.66854 30.3633, -97.668518 30.362912, -97.669262 30.362943, -97.669587 30.362957, -97.670145 30.36301, -97.670783 30.36301, -97.671115 30.363072, -97.671625 30.363328, -97.671776 30.363404, -97.67227 30.363668, -97.672426 30.363528, -97.672478 30.363391, -97.672888 30.362971, -97.672985 30.362918, -97.673502 30.363176, -97.675019 30.36385, -97.676708 30.364656, -97.67821 30.365376, -97.681475 30.366921, -97.681001 30.367679))",55.4,2125.0,90625.0,30.0,0.0,1426329.5616966386,0.001489838012943014
"POLYGON ((-97.691612 30.372665, -97.691149 30.373468, -97.691023 30.373467, -97.690944 30.37346, -97.690887 30.373448, -97.690791 30.373418, -97.690081 30.373082, -97.687232 30.371719, -97.686306 30.371247, -97.685248 30.370752, -97.684182 30.370243, -97.683103 30.369714, -97.683344 30.369322, -97.683463 30.369195, -97.683616 30.369072, -97.683781 30.368958, -97.68404 30.368801, -97.684244 30.368661, -97.684384 30.368529, -97.684477 30.36841, -97.684553 30.368279, -97.684596 30.368177, -97.684621 30.368058, -97.684638 30.36791, -97.684638 30.367541, -97.684647 30.367299, -97.684681 30.367146, -97.684736 30.367015, -97.684877 30.366774, -97.685576 30.367097, -97.686132 30.367364, -97.686681 30.36763, -97.686928 30.367813, -97.687057 30.367952, -97.687144 30.368095, -97.687235 30.368239, -97.687294 30.368422, -97.687339 30.368645, -97.687388 30.369095, -97.687388 30.369298, -97.687368 30.369471, -97.687339 30.369594, -97.687289 30.369698, -97.687242 30.36978, -97.687554 30.369931, -97.687749 30.370017, -97.687903 30.370059, -97.688029 30.370094, -97.688182 30.370121, -97.688296 30.370131, -97.688397 30.370129, -97.689461 30.370048, -97.689651 30.370056, -97.689788 30.370066, -97.689926 30.3701, -97.690067 30.370142, -97.691237 30.370644, -97.692449 30.37117, -97.691612 30.372665))",43.3,961.0,65386.0,0.0,0.0,249457.53967087093,0.00385235900774105
"POLYGON ((-97.693153 30.366989, -97.693146 30.3671, -97.693096 30.36724, -97.693042 30.36743, -97.692987 30.3676, -97.692944 30.367712, -97.692915 30.367761, -97.692779 30.367914, -97.692669 30.368, -97.692614 30.368064, -97.692582 30.368138, -97.692418 30.36844, -97.692393 30.368473, -97.692332 30.368497, -97.692175 30.36855, -97.692116 30.368578, -97.692053 30.368611, -97.692021 30.368657, -97.691999 30.368703, -97.691895 30.368978, -97.691851 30.369117, -97.691858 30.369177, -97.691883 30.369292, -97.691919 30.369384, -97.691921 30.369436, -97.691896 30.36948, -97.691588 30.370032, -97.691554 30.370102, -97.691377 30.370408, -97.691309 30.370505, -97.691237 30.370644, -97.690067 30.370142, -97.689926 30.3701, -97.689788 30.370066, -97.689651 30.370056, -97.689461 30.370048, -97.688397 30.370129, -97.688296 30.370131, -97.688182 30.370121, -97.688029 30.370094, -97.687903 30.370059, -97.687749 30.370017, -97.687554 30.369931, -97.687242 30.36978, -97.687289 30.369698, -97.687339 30.369594, -97.687368 30.369471, -97.687388 30.369298, -97.687388 30.369095, -97.687339 30.368645, -97.687294 30.368422, -97.687235 30.368239, -97.687144 30.368095, -97.687057 30.367952, -97.686928 30.367813, -97.686681 30.36763, -97.686132 30.367364, -97.685576 30.367097, -97.684877 30.366774, -97.685705 30.365376, -97.686123 30.365136, -97.686353 30.365041, -97.686566 30.364975, -97.68681 30.364946, -97.687118 30.364932, -97.687503 30.364965, -97.687873 30.364965, -97.688649 30.36493, -97.688722 30.364965, -97.689036 30.365099, -97.689905 30.365528, -97.690948 30.366044, -97.691746 30.366463, -97.692606 30.366822, -97.692995 30.366899, -97.693157 30.366912, -97.693153 30.366989))",25.9,3556.0,58013.0,0.0,67.0,296927.0191332646,0.011976006799179236
"POLYGON ((-97.69695 30.363155, -97.695997 30.36487, -97.694587 30.36736, -97.693009 30.370175, -97.692449 30.37117, -97.691237 30.370644, -97.691309 30.370505, -97.691377 30.370408, -97.691554 30.370102, -97.691588 30.370032, -97.691896 30.36948, -97.691921 30.369436, -97.691919 30.369384, -97.691883 30.369292, -97.691858 30.369177, -97.691851 30.369117, -97.691895 30.368978, -97.691999 30.368703, -97.692021 30.368657, -97.692053 30.368611, -97.692116 30.368578, -97.692175 30.36855, -97.692332 30.368497, -97.692393 30.368473, -97.692418 30.36844, -97.692582 30.368138, -97.692614 30.368064, -97.692669 30.368, -97.692779 30.367914, -97.692915 30.367761, -97.692944 30.367712, -97.692987 30.3676, -97.693042 30.36743, -97.693096 30.36724, -97.693146 30.3671, -97.693153 30.366989, -97.693157 30.366912, -97.692995 30.366899, -97.692606 30.366822, -97.691746 30.366463, -97.690948 30.366044, -97.689905 30.365528, -97.689036 30.365099, -97.688722 30.364965, -97.688649 30.36493, -97.687873 30.364965, -97.687503 30.364965, -97.687118 30.364932, -97.68681 30.364946, -97.686566 30.364975, -97.686353 30.365041, -97.686123 30.365136, -97.685705 30.365376, -97.684877 30.366774, -97.684736 30.367015, -97.684681 30.367146, -97.684647 30.367299, -97.684638 30.367541, -97.684638 30.36791, -97.684621 30.368058, -97.684596 30.368177, -97.684553 30.368279, -97.684477 30.36841, -97.684384 30.368529, -97.684244 30.368661, -97.68404 30.368801, -97.683781 30.368958, -97.683616 30.369072, -97.683463 30.369195, -97.683344 30.369322, -97.683103 30.369714, -97.682055 30.371416, -97.682004 30.371492, -97.681932 30.371556, -97.681767 30.371653, -97.681618 30.371717, -97.681529 30.371772, -97.681444 30.371853, -97.681324 30.372016, -97.680352 30.371608, -97.681005 30.370515, -97.68103 30.370398, -97.681013 30.370255, -97.680913 30.370137, -97.680806 30.370037, -97.680712 30.369949, -97.681153 30.369234, -97.681335 30.368955, -97.681512 30.36868, -97.682318 30.367476, -97.682833 30.366705, -97.683225 30.366078, -97.684297 30.364359, -97.684891 30.36342, -97.685501 30.362453, -97.686166 30.361403, -97.686444 30.360955, -97.686745 30.360467, -97.688049 30.358357, -97.688109 30.358259, -97.688348 30.358374, -97.688533 30.358459, -97.688797 30.35858, -97.68982 30.359112, -97.691704 30.360034, -97.691783 30.360067, -97.69189 30.360121, -97.692471 30.360392, -97.69331 30.360847, -97.693375 30.360882, -97.693435 30.360929, -97.694246 30.361553, -97.694312 30.3616, -97.694377 30.361652, -97.695228 30.362292, -97.696874 30.363118, -97.69695 30.363155))",35.9,1533.0,58148.0,0.0,0.0,868535.920830404,0.00176503926116758
"POLYGON ((-97.688049 30.358357, -97.686745 30.360467, -97.686444 30.360955, -97.686166 30.361403, -97.685501 30.362453, -97.684891 30.36342, -97.684297 30.364359, -97.683225 30.366078, -97.682833 30.366705, -97.682318 30.367476, -97.681512 30.36868, -97.681335 30.368955, -97.681153 30.369234, -97.680712 30.369949, -97.680562 30.369897, -97.680313 30.369811, -97.680077 30.3696, -97.68001 30.369285, -97.680445 30.368584, -97.681001 30.367679, -97.681475 30.366921, -97.67821 30.365376, -97.676708 30.364656, -97.675019 30.36385, -97.673502 30.363176, -97.672985 30.362918, -97.672888 30.362971, -97.672478 30.363391, -97.672426 30.363528, -97.67227 30.363668, -97.671776 30.363404, -97.671625 30.363328, -97.671115 30.363072, -97.670783 30.36301, -97.670145 30.36301, -97.669587 30.362957, -97.669262 30.362943, -97.668518 30.362912, -97.668624 30.362473, -97.668741 30.362258, -97.669007 30.361766, -97.670869 30.358912, -97.670915 30.358837, -97.670964 30.358768, -97.672205 30.35682, -97.672237 30.356766, -97.672835 30.357088, -97.673008 30.357236, -97.673763 30.358055, -97.673832 30.358114, -97.673973 30.358199, -97.674095 30.358257, -97.674601 30.358486, -97.675024 30.35867, -97.67615 30.359241, -97.676897 30.359599, -97.677676 30.359973, -97.677939 30.360128, -97.678059 30.360208, -97.678151 30.360297, -97.678311 30.360487, -97.678457 30.360403, -97.678557 30.360336, -97.678642 30.360252, -97.678726 30.360148, -97.68004 30.358033, -97.680854 30.358435, -97.681705 30.358868, -97.682471 30.359352, -97.684645 30.360419, -97.685713 30.358697, -97.686467 30.3575, -97.686565 30.357544, -97.68741 30.35792, -97.687474 30.357948, -97.687539 30.35798, -97.687942 30.358177, -97.688109 30.358259, -97.688049 30.358357))",42.6,2542.0,77460.0,176.0,0.0,1069526.5995772087,0.0023767524818970095
"POLYGON ((-97.763012 30.18811, -97.762939 30.188152, -97.762926 30.188166, -97.762798 30.188423, -97.762772 30.188507, -97.762763 30.188583, -97.762766 30.188716, -97.762796 30.188767, -97.762797 30.188847, -97.762812 30.188889, -97.762812 30.18891, -97.762799 30.188947, -97.762771 30.188985, -97.762696 30.189231, -97.762655 30.189295, -97.762566 30.189523, -97.762536 30.189567, -97.762425 30.189708, -97.762374 30.189943, -97.762309 30.190138, -97.762264 30.190259, -97.762252 30.190349, -97.762226 30.190424, -97.762177 30.190485, -97.762079 30.190585, -97.762059 30.190617, -97.762049 30.190653, -97.762039 30.190794, -97.76204 30.190933, -97.76197 30.190947, -97.761921 30.190968, -97.761872 30.191009, -97.761742 30.191144, -97.761702 30.191213, -97.761687 30.191261, -97.76166 30.191431, -97.761658 30.191539, -97.761665 30.19162, -97.761678 30.191696, -97.761676 30.191714, -97.761663 30.191744, -97.761634 30.191769, -97.761583 30.191789, -97.761339 30.191821, -97.761044 30.191854, -97.760987 30.191869, -97.760885 30.191913, -97.76087 30.191926, -97.760863 30.191944, -97.760845 30.191967, -97.760846 30.191985, -97.760869 30.19202, -97.760977 30.192123, -97.761 30.19217, -97.761014 30.192234, -97.761002 30.192275, -97.760958 30.192335, -97.760923 30.192363, -97.760788 30.192424, -97.760734 30.192438, -97.76068 30.192439, -97.760643 30.192446, -97.76051 30.192521, -97.760415 30.192419, -97.760274 30.192258, -97.759925 30.191932, -97.75975 30.191719, -97.75942 30.191381, -97.759366 30.191313, -97.759271 30.191163, -97.759237 30.191119, -97.759196 30.191105, -97.759041 30.190849, -97.759018 30.190796, -97.75901 30.190761, -97.758992 30.190733, -97.758961 30.190701, -97.758915 30.19068, -97.758826 30.190601, -97.758792 30.190536, -97.758541 30.190307, -97.758352 30.190137, -97.758168 30.189953, -97.758035 30.189799, -97.758001 30.18976, -97.757887 30.189619, -97.757819 30.189522, -97.757757 30.189464, -97.757615 30.189345, -97.757552 30.189284, -97.757508 30.189266, -97.757452 30.189258, -97.757398 30.189231, -97.75728 30.189153, -97.757164 30.189068, -97.757122 30.189044, -97.757014 30.189019, -97.756934 30.18898, -97.756858 30.188929, -97.756459 30.188589, -97.756244 30.1884, -97.756214 30.188351, -97.756179 30.188268, -97.756147 30.188227, -97.756045 30.188153, -97.75593 30.188048, -97.755873 30.188007, -97.7558 30.187967, -97.755578 30.187834, -97.755459 30.187774, -97.755097 30.187591, -97.754995 30.187511, -97.754949 30.187451, -97.754914 30.187385, -97.754819 30.187091, -97.754795 30.186895, -97.754734 30.186788, -97.754699 30.186755, -97.754518 30.186631, -97.754208 30.186417, -97.753692 30.186089, -97.753571 30.186008, -97.753401 30.185918, -97.753344 30.185873, -97.753219 30.185736, -97.752969 30.185441, -97.752845 30.185286, -97.75269 30.18507, -97.75258 30.184967, -97.752491 30.18489, -97.75208 30.184547, -97.75206 30.18451, -97.75205 30.184463, -97.752052 30.184407, -97.752073 30.184326, -97.752115 30.18422, -97.752171 30.184124, -97.752246 30.184024, -97.752277 30.183971, -97.752311 30.183886, -97.752381 30.183678, -97.752403 30.18362, -97.75241 30.183559, -97.7524 30.183523, -97.752365 30.183465, -97.752289 30.183381, -97.75212 30.183236, -97.751975 30.183103, -97.751943 30.183079, -97.751794 30.182987, -97.751624 30.182895, -97.751353 30.18276, -97.751269 30.182731, -97.751217 30.182722, -97.751162 30.182721, -97.751101 30.182729, -97.751036 30.182746, -97.750923 30.182785, -97.75084 30.182835, -97.750807 30.182845, -97.750686 30.182838, -97.750355 30.182792, -97.75029 30.182783, -97.750118 30.182742, -97.749379 30.182542, -97.749119 30.182468, -97.748889 30.182383, -97.74882 30.182369, -97.748734 30.182372, -97.748703 30.182366, -97.748528 30.182275, -97.748381 30.182188, -97.748316 30.182165, -97.748234 30.182153, -97.748092 30.182152, -97.747981 30.182158, -97.747781 30.182191, -97.747601 30.18224, -97.747534 30.182245, -97.747388 30.182226, -97.747181 30.18219, -97.746772 30.182134, -97.746704 30.182116, -97.746617 30.182075, -97.746543 30.182029, -97.746505 30.181994, -97.746449 30.181909, -97.746418 30.181839, -97.746339 30.181618, -97.746294 30.181496, -97.746577 30.181017, -97.746684 30.180625, -97.746817 30.179755, -97.746815 30.1797, -97.746953 30.179762, -97.74697 30.179772, -97.747189 30.179884, -97.747379 30.179944, -97.747667 30.180016, -97.747991 30.180104, -97.748239 30.180195, -97.748625 30.180353, -97.748692 30.180387, -97.748744 30.180404, -97.748815 30.180436, -97.748871 30.180463, -97.748932 30.180486, -97.750153 30.180986, -97.750229 30.181012, -97.750311 30.181052, -97.751192 30.181427, -97.751417 30.181536, -97.751582 30.181641, -97.751604 30.181655, -97.751706 30.181727, -97.751727 30.181741, -97.751802 30.181788, -97.75188 30.18185, -97.752445 30.182274, -97.753368 30.18297, -97.753436 30.183021, -97.753498 30.18308, -97.753987 30.183531, -97.754178 30.183687, -97.754414 30.183847, -97.754859 30.18411, -97.756014 30.184776, -97.756207 30.184895, -97.756413 30.185044, -97.756573 30.185177, -97.756929 30.185479, -97.757162 30.185655, -97.757331 30.185759, -97.758707 30.186443, -97.758834 30.186517, -97.75895 30.186567, -97.75906 30.186625, -97.75934 30.186745, -97.759784 30.186879, -97.762684 30.18775, -97.7628 30.187786, -97.762995 30.187842, -97.763012 30.18811))",30.6,1805.0,76380.0,57.0,42.0,512402.3673130162,0.003522622288935215
"POLYGON ((-97.789477 30.262719, -97.788694 30.263164, -97.787223 30.263962, -97.787063 30.264049, -97.786637 30.264241, -97.786296 30.264377, -97.785805 30.264557, -97.785728 30.264582, -97.782747 30.265542, -97.782624 30.265594, -97.782554 30.265624, -97.782483 30.265653, -97.782287 30.265735, -97.781494 30.266067, -97.779842 30.266906, -97.777949 30.267993, -97.777683 30.268177, -97.777298 30.268445, -97.777271 30.268463, -97.775938 30.269331, -97.774334 30.270443, -97.774233 30.270536, -97.773718 30.270994, -97.772946 30.271892, -97.772866 30.271987, -97.771977 30.273158, -97.771872 30.273293, -97.771738 30.273464, -97.771605 30.273636, -97.771561 30.273592, -97.771246 30.273274, -97.77072 30.272746, -97.769682 30.27162, -97.768271 30.270666, -97.766711 30.269886, -97.764609 30.269107, -97.763764 30.268794, -97.762338 30.268212, -97.761858 30.268016, -97.760657 30.267526, -97.761034 30.267268, -97.761376 30.267035, -97.761827 30.266754, -97.761983 30.266663, -97.762157 30.266574, -97.762234 30.266529, -97.762326 30.26649, -97.762445 30.266428, -97.762502 30.266391, -97.762692 30.266301, -97.762773 30.266279, -97.762839 30.266253, -97.762949 30.266185, -97.763008 30.266161, -97.763126 30.266136, -97.763169 30.266119, -97.763254 30.266077, -97.763378 30.266, -97.76347 30.265955, -97.763618 30.265856, -97.763688 30.265838, -97.763785 30.265785, -97.763846 30.265732, -97.764033 30.265631, -97.764229 30.265517, -97.764285 30.265483, -97.764368 30.265463, -97.76444 30.265424, -97.764545 30.265375, -97.764621 30.265346, -97.76471 30.26532, -97.764788 30.265291, -97.764935 30.265211, -97.764947 30.265195, -97.764964 30.265184, -97.765032 30.265176, -97.765088 30.265148, -97.76528 30.26507, -97.765372 30.265031, -97.765446 30.264983, -97.765543 30.26493, -97.765606 30.26487, -97.765666 30.264839, -97.765726 30.264791, -97.765802 30.264747, -97.765868 30.264699, -97.765916 30.264673, -97.766057 30.264619, -97.766134 30.264582, -97.766316 30.264531, -97.766413 30.264516, -97.766549 30.264485, -97.766645 30.264452, -97.766704 30.26442, -97.766784 30.264404, -97.766869 30.264363, -97.76704 30.264295, -97.767143 30.264263, -97.767222 30.264232, -97.767365 30.264188, -97.767402 30.264165, -97.767547 30.264111, -97.767606 30.264095, -97.767675 30.26408, -97.767792 30.264065, -97.768038 30.264058, -97.768263 30.264064, -97.768415 30.264062, -97.768679 30.264036, -97.76881 30.264027, -97.768932 30.264033, -97.769067 30.264057, -97.769344 30.264096, -97.769387 30.264087, -97.770912 30.263741, -97.771143 30.263662, -97.7713 30.263627, -97.771507 30.263601, -97.7718 30.263584, -97.771936 30.263581, -97.772144 30.263591, -97.772316 30.26361, -97.772353 30.263616, -97.772428 30.263611, -97.772466 30.26361, -97.772944 30.263643, -97.773001 30.263672, -97.77306 30.263678, -97.773206 30.263678, -97.773513 30.263657, -97.773894 30.263644, -97.774061 30.263644, -97.774751 30.263658, -97.774827 30.263652, -97.775441 30.263557, -97.775603 30.26353, -97.775904 30.26348, -97.77649 30.263345, -97.776595 30.263318, -97.77679 30.263269, -97.77701 30.263196, -97.777074 30.263171, -97.777207 30.263098, -97.777977 30.262876, -97.778115 30.262845, -97.778197 30.262841, -97.778384 30.262857, -97.778464 30.262852, -97.778537 30.262849, -97.778811 30.262851, -97.779375 30.262877, -97.77954 30.262881, -97.779602 30.262877, -97.779699 30.262851, -97.779835 30.262795, -97.779894 30.262771, -97.779985 30.262745, -97.780346 30.262684, -97.78048 30.262657, -97.780728 30.262599, -97.780878 30.262554, -97.780988 30.262508, -97.781157 30.262407, -97.781553 30.262215, -97.781873 30.262089, -97.781978 30.262038, -97.782067 30.261983, -97.782187 30.261889, -97.782265 30.261842, -97.782359 30.261796, -97.782403 30.261781, -97.782555 30.261743, -97.782679 30.261729, -97.782802 30.261715, -97.783026 30.261671, -97.783174 30.261656, -97.783349 30.261651, -97.78351 30.261639, -97.783604 30.261621, -97.783707 30.261586, -97.783799 30.261541, -97.783947 30.261443, -97.78412 30.2613, -97.784151 30.261284, -97.784188 30.261274, -97.784361 30.26126, -97.784559 30.261197, -97.784823 30.261096, -97.784914 30.261052, -97.785012 30.260993, -97.785053 30.260961, -97.785371 30.260655, -97.785409 30.260614, -97.785483 30.26051, -97.785546 30.260394, -97.78556 30.260339, -97.785559 30.260307, -97.785534 30.260235, -97.785507 30.260191, -97.785358 30.260064, -97.785182 30.259925, -97.78512 30.259896, -97.785051 30.259875, -97.784864 30.259853, -97.78473 30.259832, -97.784688 30.259812, -97.784333 30.259538, -97.784277 30.259481, -97.784231 30.259416, -97.7842 30.25935, -97.784186 30.259277, -97.784186 30.259191, -97.784207 30.259005, -97.784246 30.258797, -97.784275 30.258698, -97.784318 30.258592, -97.784447 30.258334, -97.784577 30.258101, -97.784686 30.257944, -97.784771 30.257848, -97.785003 30.257653, -97.785172 30.25751, -97.785243 30.257466, -97.785375 30.257406, -97.785625 30.257315, -97.785834 30.25725, -97.785865 30.257238, -97.785953 30.257206, -97.786116 30.257124, -97.786294 30.257016, -97.786433 30.256956, -97.786744 30.256848, -97.786899 30.257324, -97.787521 30.257941, -97.788078 30.258447, -97.788371 30.258753, -97.788478 30.258928, -97.78859 30.259134, -97.788674 30.259389, -97.788729 30.259709, -97.788801 30.260596, -97.788853 30.260853, -97.788949 30.261278, -97.789004 30.261565, -97.78923 30.262285, -97.789468 30.262702, -97.789684 30.262602, -97.789477 30.262719))",34.4,869.0,62031.0,25.0,25.0,1617292.4715229024,0.0005373177797468614
"POLYGON ((-97.785669 30.250025, -97.785536 30.250891, -97.785359 30.251853, -97.785182 30.253029, -97.784557 30.252968, -97.7842 30.253018, -97.783514 30.253337, -97.782769 30.254065, -97.782294 30.254743, -97.782055 30.255272, -97.781863 30.255981, -97.781661 30.256824, -97.781355 30.257395, -97.780736 30.25785, -97.780097 30.258319, -97.779136 30.258976, -97.778156 30.258055, -97.777334 30.258338, -97.776523 30.258704, -97.775945 30.258756, -97.775452 30.258944, -97.774856 30.259534, -97.774482 30.259329, -97.773071 30.259609, -97.772264 30.259345, -97.772765 30.258915, -97.772819 30.257992, -97.773378 30.257822, -97.773757 30.257648, -97.774245 30.25733, -97.774725 30.257081, -97.774869 30.25701, -97.775291 30.256859, -97.775508 30.256698, -97.776371 30.255599, -97.776544 30.255357, -97.777043 30.254729, -97.77847 30.252879, -97.779056 30.252052, -97.779511 30.251203, -97.779604 30.250847, -97.779986 30.250239, -97.780383 30.249661, -97.780862 30.248909, -97.781282 30.248268, -97.780502 30.247565, -97.779427 30.246754, -97.778682 30.246156, -97.779843 30.245352, -97.781397 30.244258, -97.78236 30.243652, -97.783015 30.244524, -97.784055 30.245796, -97.784448 30.246285, -97.784626 30.246497, -97.785045 30.247306, -97.785469 30.248167, -97.785716 30.248939, -97.785669 30.250025))",41.0,1342.0,139327.0,35.0,21.0,860095.344212437,0.00156029213392479
"POLYGON ((-97.786433 30.256956, -97.786294 30.257016, -97.786116 30.257124, -97.785953 30.257206, -97.785865 30.257238, -97.785834 30.25725, -97.785625 30.257315, -97.785375 30.257406, -97.785243 30.257466, -97.785172 30.25751, -97.785003 30.257653, -97.784771 30.257848, -97.784686 30.257944, -97.784577 30.258101, -97.784447 30.258334, -97.784318 30.258592, -97.784275 30.258698, -97.784246 30.258797, -97.784207 30.259005, -97.784186 30.259191, -97.784186 30.259277, -97.7842 30.25935, -97.784231 30.259416, -97.784277 30.259481, -97.784333 30.259538, -97.784688 30.259812, -97.78473 30.259832, -97.784864 30.259853, -97.785051 30.259875, -97.78512 30.259896, -97.785182 30.259925, -97.785358 30.260064, -97.785507 30.260191, -97.785534 30.260235, -97.785559 30.260307, -97.78556 30.260339, -97.785546 30.260394, -97.785483 30.26051, -97.785409 30.260614, -97.785371 30.260655, -97.785053 30.260961, -97.785012 30.260993, -97.784914 30.261052, -97.784823 30.261096, -97.784559 30.261197, -97.784361 30.26126, -97.784188 30.261274, -97.784151 30.261284, -97.78412 30.2613, -97.783947 30.261443, -97.783799 30.261541, -97.783707 30.261586, -97.783604 30.261621, -97.78351 30.261639, -97.783349 30.261651, -97.783174 30.261656, -97.783026 30.261671, -97.782802 30.261715, -97.782679 30.261729, -97.782555 30.261743, -97.782403 30.261781, -97.782359 30.261796, -97.782265 30.261842, -97.782187 30.261889, -97.782067 30.261983, -97.781978 30.262038, -97.781873 30.262089, -97.781553 30.262215, -97.781157 30.262407, -97.780988 30.262508, -97.780878 30.262554, -97.780728 30.262599, -97.78048 30.262657, -97.780346 30.262684, -97.779985 30.262745, -97.779894 30.262771, -97.779835 30.262795, -97.779699 30.262851, -97.779602 30.262877, -97.77954 30.262881, -97.779375 30.262877, -97.778811 30.262851, -97.778537 30.262849, -97.778464 30.262852, -97.778384 30.262857, -97.778197 30.262841, -97.778115 30.262845, -97.777977 30.262876, -97.777207 30.263098, -97.777074 30.263171, -97.77701 30.263196, -97.77679 30.263269, -97.776595 30.263318, -97.77649 30.263345, -97.775904 30.26348, -97.775603 30.26353, -97.775441 30.263557, -97.774827 30.263652, -97.774751 30.263658, -97.774061 30.263644, -97.773894 30.263644, -97.773513 30.263657, -97.773206 30.263678, -97.77306 30.263678, -97.773001 30.263672, -97.772944 30.263643, -97.772466 30.26361, -97.772428 30.263611, -97.772353 30.263616, -97.772316 30.26361, -97.772144 30.263591, -97.771936 30.263581, -97.7718 30.263584, -97.771507 30.263601, -97.7713 30.263627, -97.771143 30.263662, -97.770912 30.263741, -97.769387 30.264087, -97.769344 30.264096, -97.769067 30.264057, -97.768932 30.264033, -97.76881 30.264027, -97.768679 30.264036, -97.768415 30.264062, -97.768263 30.264064, -97.768038 30.264058, -97.767792 30.264065, -97.767675 30.26408, -97.767606 30.264095, -97.767547 30.264111, -97.767402 30.264165, -97.767365 30.264188, -97.767222 30.264232, -97.767143 30.264263, -97.76704 30.264295, -97.766869 30.264363, -97.766784 30.264404, -97.766704 30.26442, -97.766645 30.264452, -97.766549 30.264485, -97.766413 30.264516, -97.766316 30.264531, -97.766134 30.264582, -97.766057 30.264619, -97.765916 30.264673, -97.765868 30.264699, -97.765802 30.264747, -97.765726 30.264791, -97.765666 30.264839, -97.765606 30.26487, -97.765543 30.26493, -97.765446 30.264983, -97.765372 30.265031, -97.764988 30.264769, -97.766063 30.264009, -97.766953 30.262702, -97.767675 30.262141, -97.768056 30.261915, -97.768315 30.261777, -97.768881 30.261681, -97.770067 30.261303, -97.770639 30.260931, -97.770824 30.26081, -97.771387 30.260004, -97.772264 30.259345, -97.773071 30.259609, -97.774482 30.259329, -97.774856 30.259534, -97.775452 30.258944, -97.775945 30.258756, -97.776523 30.258704, -97.777334 30.258338, -97.778156 30.258055, -97.779136 30.258976, -97.780097 30.258319, -97.780736 30.25785, -97.781355 30.257395, -97.781661 30.256824, -97.781863 30.255981, -97.782055 30.255272, -97.782294 30.254743, -97.782769 30.254065, -97.783514 30.253337, -97.7842 30.253018, -97.784557 30.252968, -97.785182 30.253029, -97.785139 30.253606, -97.786744 30.256848, -97.786433 30.256956))",36.9,1880.0,92763.0,12.0,19.0,921200.972932619,0.002040814171108688
"POLYGON ((-97.771605 30.273636, -97.771466 30.273814, -97.771147 30.27422, -97.771045 30.274351, -97.770728 30.274805, -97.770617 30.274964, -97.770593 30.275, -97.770535 30.275084, -97.770121 30.275655, -97.770043 30.275763, -97.76957 30.276415, -97.769391 30.276639, -97.769356 30.276686, -97.769218 30.276862, -97.769139 30.276963, -97.768862 30.276904, -97.768711 30.276868, -97.76857 30.276834, -97.768428 30.276801, -97.768296 30.276769, -97.76814 30.276736, -97.767746 30.276653, -97.767471 30.276662, -97.767429 30.276663, -97.767357 30.276679, -97.767209 30.276711, -97.76715 30.276725, -97.767078 30.276743, -97.766886 30.27679, -97.766637 30.276824, -97.766462 30.276817, -97.76625 30.276788, -97.765186 30.276278, -97.76422 30.275769, -97.764053 30.275652, -97.763854 30.275456, -97.763567 30.275277, -97.762639 30.274827, -97.76198 30.274569, -97.761497 30.274383, -97.760871 30.274123, -97.760211 30.273887, -97.759398 30.273604, -97.757936 30.27306, -97.75755 30.272915, -97.757111 30.272763, -97.756405 30.272493, -97.755389 30.272098, -97.754978 30.271939, -97.754746 30.271857, -97.753964 30.271539, -97.754594 30.270292, -97.754665 30.270267, -97.754743 30.270093, -97.755197 30.269103, -97.755098 30.269063, -97.755108 30.26904, -97.75521 30.269075, -97.755229 30.269034, -97.755691 30.267964, -97.75583 30.267653, -97.756216 30.266733, -97.756272 30.26653, -97.756358 30.266327, -97.7564 30.266227, -97.756567 30.265815, -97.756611 30.265703, -97.756686 30.265743, -97.757735 30.266296, -97.75885 30.266789, -97.759923 30.267226, -97.760657 30.267526, -97.761858 30.268016, -97.762338 30.268212, -97.763764 30.268794, -97.764609 30.269107, -97.766711 30.269886, -97.768271 30.270666, -97.769682 30.27162, -97.77072 30.272746, -97.771246 30.273274, -97.771561 30.273592, -97.771605 30.273636))",32.1,677.0,183017.0,0.0,48.0,1051025.2333309292,0.0006441329651567343
"POLYGON ((-97.92727 30.24628, -97.92415 30.247209, -97.923317 30.247839, -97.923092 30.248051, -97.922165 30.248926, -97.921338 30.249715, -97.921164 30.24988, -97.921133 30.24991, -97.921006 30.250033, -97.920754 30.250278, -97.920609 30.250419, -97.920403 30.25062, -97.919756 30.251276, -97.919016 30.252074, -97.918489 30.252652, -97.917958 30.253209, -97.916828 30.254392, -97.916448 30.254797, -97.914813 30.256543, -97.914455 30.256924, -97.914035 30.257414, -97.913646 30.257869, -97.913402 30.258094, -97.912997 30.258467, -97.912978 30.258476, -97.912588 30.258662, -97.912084 30.258903, -97.9119 30.258991, -97.911212 30.259283, -97.9107 30.259494, -97.909823 30.259887, -97.909753 30.2599, -97.90926 30.25997, -97.909105 30.259982, -97.908913 30.259997, -97.907243 30.260127, -97.904483 30.257213, -97.903796 30.256556, -97.901311 30.25418, -97.899827 30.252761, -97.89819 30.251793, -97.897971 30.251664, -97.894259 30.249891, -97.894489 30.249596, -97.89473 30.249204, -97.894812 30.249107, -97.894906 30.249018, -97.894964 30.248975, -97.895446 30.248657, -97.895531 30.24859, -97.895619 30.248512, -97.895705 30.248417, -97.895789 30.248306, -97.895859 30.248189, -97.895917 30.248066, -97.895956 30.247952, -97.896032 30.247677, -97.896257 30.247657, -97.896445 30.24765, -97.896524 30.247657, -97.896632 30.247682, -97.896775 30.247741, -97.896868 30.247793, -97.897011 30.247903, -97.897057 30.247934, -97.897173 30.247991, -97.897259 30.248017, -97.897346 30.248031, -97.897465 30.248038, -97.897593 30.248034, -97.897738 30.248018, -97.897889 30.247978, -97.898079 30.247905, -97.898167 30.247863, -97.898186 30.247854, -97.898281 30.247795, -97.898344 30.247742, -97.898401 30.247682, -97.898442 30.247625, -97.898494 30.247501, -97.898622 30.247126, -97.898668 30.246769, -97.898693 30.24666, -97.89872 30.246586, -97.898755 30.246521, -97.898796 30.246471, -97.898858 30.246427, -97.898963 30.246379, -97.899091 30.246331, -97.899179 30.246312, -97.899598 30.246266, -97.89977 30.246242, -97.89987 30.246217, -97.899954 30.24618, -97.900034 30.246125, -97.900285 30.245879, -97.900318 30.245831, -97.900344 30.245762, -97.900374 30.245626, -97.900384 30.245518, -97.900396 30.245476, -97.900419 30.245438, -97.900463 30.245391, -97.900536 30.245328, -97.900726 30.245181, -97.900852 30.245104, -97.900967 30.245027, -97.90113 30.244903, -97.901233 30.2448, -97.901418 30.244639, -97.901491 30.244566, -97.901522 30.244523, -97.901554 30.244447, -97.901565 30.244367, -97.90159 30.244284, -97.901618 30.244236, -97.901658 30.244194, -97.901688 30.244177, -97.901759 30.244165, -97.90203 30.244176, -97.90211 30.24416, -97.90218 30.24414, -97.902232 30.244111, -97.902259 30.244079, -97.90233 30.243953, -97.902398 30.243791, -97.902433 30.243725, -97.90247 30.24368, -97.902528 30.243635, -97.902914 30.243399, -97.90298 30.24336, -97.903134 30.24325, -97.903387 30.243035, -97.903615 30.242849, -97.90376 30.242725, -97.903856 30.24263, -97.903929 30.242536, -97.904021 30.242385, -97.904117 30.242291, -97.904197 30.242265, -97.904242 30.242245, -97.904282 30.242235, -97.904513 30.242228, -97.904785 30.24227, -97.9049 30.242278, -97.904948 30.242289, -97.905072 30.242347, -97.905223 30.242419, -97.905443 30.242518, -97.905507 30.242547, -97.905553 30.242559, -97.905615 30.242563, -97.905685 30.242558, -97.905738 30.242544, -97.905766 30.242525, -97.905788 30.242496, -97.905815 30.242415, -97.905834 30.242375, -97.905864 30.242335, -97.905928 30.242284, -97.905975 30.242259, -97.906163 30.2422, -97.906275 30.242173, -97.906386 30.242162, -97.906531 30.242163, -97.906624 30.242175, -97.906681 30.242238, -97.90731 30.241267, -97.909045 30.238725, -97.910228 30.236916, -97.911219 30.235238, -97.913466 30.2358, -97.914658 30.236271, -97.914917 30.236447, -97.916063 30.237226, -97.918302 30.238746, -97.919043 30.239387, -97.919489 30.23977, -97.919824 30.240089, -97.919907 30.240168, -97.919934 30.240191, -97.920347 30.240545, -97.920458 30.24065, -97.920712 30.24089, -97.923424 30.243306, -97.923697 30.243543, -97.92511 30.24477, -97.925508 30.245116, -97.925758 30.245332, -97.926031 30.245569, -97.926714 30.245961, -97.92727 30.24628))",43.9,1208.0,81892.0,67.0,0.0,4222189.59406019,0.00028610747411708464
"POLYGON ((-97.997633 30.330537, -97.997635 30.330624, -97.997546 30.330794, -97.997145 30.331099, -97.996838 30.331432, -97.996753 30.331788, -97.996685 30.331869, -97.996628 30.331927, -97.996576 30.331966, -97.996421 30.332046, -97.996193 30.332138, -97.995984 30.332256, -97.995909 30.332337, -97.995823 30.332426, -97.995769 30.332553, -97.995695 30.332965, -97.995629 30.333164, -97.995588 30.333252, -97.995454 30.333506, -97.995415 30.333603, -97.995367 30.333688, -97.995169 30.333999, -97.99512 30.334058, -97.995069 30.334094, -97.995013 30.334116, -97.994554 30.334197, -97.994381 30.334247, -97.994275 30.334287, -97.994221 30.334322, -97.99419 30.334356, -97.994163 30.334411, -97.994151 30.334461, -97.994153 30.334572, -97.994132 30.334647, -97.994091 30.334733, -97.993993 30.334889, -97.993928 30.334983, -97.99387 30.335046, -97.993806 30.335101, -97.993741 30.33514, -97.993684 30.335167, -97.993632 30.335198, -97.99355 30.335234, -97.993528 30.335236, -97.993446 30.335265, -97.99327 30.335344, -97.993189 30.335391, -97.993076 30.335479, -97.993013 30.33554, -97.992788 30.335788, -97.992762 30.335829, -97.992749 30.335882, -97.99275 30.335947, -97.992791 30.336111, -97.992807 30.33656, -97.992766 30.336724, -97.992703 30.336836, -97.992623 30.336902, -97.992551 30.336938, -97.992376 30.336995, -97.992173 30.337058, -97.991959 30.33712, -97.991801 30.337151, -97.991753 30.337162, -97.99142 30.337212, -97.991271 30.337245, -97.991141 30.337295, -97.990875 30.337414, -97.990716 30.337494, -97.990644 30.337539, -97.990614 30.337564, -97.990567 30.337611, -97.990537 30.337661, -97.990468 30.337838, -97.990427 30.337973, -97.990402 30.338015, -97.990366 30.338048, -97.990339 30.338063, -97.990278 30.338087, -97.990184 30.338143, -97.990079 30.338223, -97.990011 30.338291, -97.989935 30.338381, -97.989816 30.338543, -97.989716 30.338648, -97.989587 30.338753, -97.989483 30.338822, -97.989284 30.338925, -97.989225 30.33896, -97.989169 30.338994, -97.989108 30.33904, -97.989091 30.339052, -97.989057 30.339082, -97.989005 30.33913, -97.988984 30.339149, -97.988949 30.339182, -97.988717 30.339385, -97.988666 30.339445, -97.988639 30.339484, -97.988495 30.339717, -97.988441 30.339782, -97.988366 30.339852, -97.988216 30.339962, -97.988066 30.34012, -97.987979 30.340228, -97.987951 30.34025, -97.987912 30.340264, -97.987887 30.34029, -97.987876 30.340313, -97.98786 30.340373, -97.987809 30.340467, -97.987721 30.340591, -97.987594 30.340733, -97.987361 30.340953, -97.987256 30.341062, -97.987215 30.341116, -97.987148 30.341263, -97.987137 30.341422, -97.987106 30.34151, -97.987073 30.341574, -97.98706 30.341634, -97.987063 30.34169, -97.987091 30.341748, -97.98715 30.341821, -97.987378 30.342047, -97.987459 30.3421, -97.987522 30.342174, -97.987688 30.342417, -97.987742 30.342515, -97.987787 30.342566, -97.987916 30.342678, -97.987936 30.342703, -97.987968 30.342764, -97.988101 30.343076, -97.988123 30.343178, -97.988136 30.343218, -97.98828 30.34342, -97.98829 30.343451, -97.988289 30.343488, -97.988265 30.3436, -97.988243 30.343648, -97.988206 30.343693, -97.988174 30.343715, -97.988092 30.343743, -97.988059 30.343747, -97.988015 30.343747, -97.987993 30.343757, -97.98797 30.343801, -97.987956 30.343875, -97.98794 30.343904, -97.987907 30.343938, -97.987774 30.344034, -97.987711 30.344088, -97.987702 30.344117, -97.98774 30.344146, -97.987737 30.344164, -97.987716 30.344175, -97.987651 30.344169, -97.987542 30.344328, -97.987473 30.34438, -97.987378 30.344459, -97.987364 30.344485, -97.987363 30.344536, -97.987374 30.344589, -97.987373 30.344698, -97.987363 30.344793, -97.987348 30.344807, -97.987304 30.344807, -97.987285 30.344815, -97.98727 30.344834, -97.98727 30.344861, -97.987316 30.34498, -97.987322 30.345014, -97.987321 30.345084, -97.987303 30.34517, -97.987264 30.345289, -97.987243 30.345415, -97.98724 30.345473, -97.987248 30.345524, -97.987243 30.345564, -97.987207 30.345643, -97.987172 30.345691, -97.9871 30.345756, -97.986915 30.345865, -97.986813 30.345931, -97.986684 30.346044, -97.986558 30.346176, -97.986118 30.346555, -97.986064 30.346612, -97.986025 30.346677, -97.985925 30.346922, -97.985878 30.346998, -97.9858 30.347165, -97.98571 30.34741, -97.985626 30.347707, -97.985587 30.347902, -97.98556 30.34814, -97.985559 30.348163, -97.98554 30.348416, -97.985552 30.348508, -97.985563 30.348551, -97.985601 30.348656, -97.985653 30.348756, -97.98572 30.348857, -97.98577 30.348908, -97.985841 30.34896, -97.985867 30.348974, -97.985985 30.349016, -97.986032 30.349035, -97.986063 30.349057, -97.986115 30.349119, -97.986169 30.349204, -97.986227 30.349263, -97.986285 30.349305, -97.986315 30.34932, -97.986403 30.349354, -97.986475 30.349464, -97.986489 30.349478, -97.986502 30.349528, -97.986502 30.349576, -97.986496 30.349602, -97.98637 30.349871, -97.986314 30.349985, -97.986241 30.350112, -97.986152 30.350232, -97.986114 30.350307, -97.986092 30.350382, -97.986087 30.350456, -97.986097 30.350548, -97.986156 30.350829, -97.986195 30.350984, -97.986233 30.351096, -97.986268 30.351169, -97.986372 30.351354, -97.986397 30.351405, -97.986452 30.351516, -97.986487 30.351618, -97.986494 30.351669, -97.986499 30.351807, -97.986542 30.352098, -97.98656 30.352188, -97.986585 30.35234, -97.986609 30.35258, -97.986608 30.352648, -97.986598 30.352687, -97.984451 30.351945, -97.983685 30.351667, -97.983381 30.351528, -97.983174 30.351419, -97.982963 30.351281, -97.982636 30.351021, -97.982193 30.35058, -97.981897 30.350239, -97.98122 30.349491, -97.980737 30.348875, -97.980443 30.348513, -97.980048 30.348205, -97.979216 30.347565, -97.978924 30.347336, -97.978837 30.347242, -97.978534 30.346828, -97.978244 30.346403, -97.978191 30.34631, -97.978158 30.346227, -97.978146 30.346137, -97.97814 30.346026, -97.97815 30.345758, -97.978195 30.345216, -97.9783 30.344816, -97.9784 30.344444, -97.978432 30.344261, -97.978439 30.343926, -97.978431 30.34311, -97.978453 30.342876, -97.97847 30.342792, -97.978516 30.342679, -97.9786 30.342527, -97.978707 30.342377, -97.979302 30.341853, -97.979389 30.341774, -97.979444 30.341705, -97.979492 30.341603, -97.979541 30.341465, -97.979647 30.341027, -97.979802 30.340142, -97.979912 30.339899, -97.980126 30.339708, -97.980623 30.339588, -97.981722 30.33951, -97.981952 30.339494, -97.982715 30.339469, -97.982708 30.339406, -97.982701 30.339339, -97.982689 30.339216, -97.982624 30.338551, -97.982616 30.338466, -97.982565 30.338308, -97.982527 30.338187, -97.982499 30.338157, -97.982325 30.337971, -97.982236 30.337913, -97.982065 30.337802, -97.981798 30.33772, -97.981464 30.337692, -97.98101 30.3377, -97.980776 30.337654, -97.980486 30.337511, -97.980434 30.337458, -97.980295 30.337315, -97.979108 30.336004, -97.978932 30.335844, -97.978748 30.335747, -97.978437 30.335678, -97.97809 30.335672, -97.977869 30.335662, -97.977539 30.335574, -97.977421 30.335513, -97.977286 30.335426, -97.977199 30.335304, -97.977017 30.334981, -97.976983 30.334909, -97.976943 30.334825, -97.977162 30.334667, -97.97743 30.33444, -97.977788 30.334098, -97.977951 30.333904, -97.978246 30.333592, -97.978307 30.333535, -97.978416 30.333454, -97.978556 30.333348, -97.979054 30.333032, -97.979206 30.333019, -97.979268 30.333015, -97.979374 30.333026, -97.980003 30.333098, -97.980434 30.333137, -97.980644 30.333137, -97.98086 30.333126, -97.981274 30.333104, -97.981599 30.333085, -97.982057 30.333054, -97.98258 30.333008, -97.982977 30.332971, -97.983366 30.332943, -97.983721 30.33291, -97.984166 30.332873, -97.984803 30.332812, -97.985314 30.332766, -97.985971 30.332704, -97.986559 30.33266, -97.986649 30.332653, -97.986845 30.332638, -97.986953 30.33263, -97.987564 30.332576, -97.987751 30.33256, -97.988605 30.332289, -97.988938 30.332144, -97.989196 30.331964, -97.98936 30.331853, -97.990203 30.331286, -97.990457 30.331115, -97.990897 30.330986, -97.99169 30.33119, -97.992293 30.331176, -97.993166 30.331103, -97.993316 30.331091, -97.993335 30.331089, -97.994299 30.331006, -97.994389 30.330986, -97.994509 30.330949, -97.994523 30.330943, -97.994637 30.330895, -97.994794 30.330808, -97.995003 30.33067, -97.995157 30.330563, -97.995287 30.330486, -97.995407 30.330431, -97.995562 30.33039, -97.99583 30.330345, -97.99606 30.330304, -97.996585 30.330229, -97.996884 30.330195, -97.997029 30.330184, -97.997134 30.330179, -97.997222 30.330176, -97.99727 30.33018, -97.997312 30.330184, -97.997335 30.330191, -97.997377 30.330209, -97.997434 30.33024, -97.997563 30.330377, -97.997668 30.330488, -97.997633 30.330537))",62.2,1108.0,218571.0,38.0,16.0,2013547.7707325926,0.0005502725170492849
"POLYGON ((-97.772765 30.258915, -97.772264 30.259345, -97.771387 30.260004, -97.770824 30.26081, -97.770639 30.260931, -97.770067 30.261303, -97.768881 30.261681, -97.768315 30.261777, -97.768056 30.261915, -97.767675 30.262141, -97.766953 30.262702, -97.766063 30.264009, -97.764988 30.264769, -97.764146 30.264133, -97.76367 30.263807, -97.761494 30.261992, -97.761885 30.261481, -97.7621 30.261276, -97.762205 30.261201, -97.76232 30.261184, -97.762444 30.261195, -97.762579 30.261228, -97.763153 30.260351, -97.763721 30.259306, -97.764251 30.258536, -97.764751 30.257778, -97.765219 30.257023, -97.765668 30.256345, -97.766224 30.25544, -97.766534 30.254946, -97.766946 30.254294, -97.766982 30.254239, -97.767419 30.253554, -97.767772 30.253001, -97.768648 30.253412, -97.768908 30.253555, -97.769316 30.253964, -97.769488 30.254243, -97.769995 30.254902, -97.770172 30.255024, -97.770393 30.255157, -97.771474 30.255647, -97.771314 30.255973, -97.771079 30.256346, -97.771098 30.256827, -97.771335 30.257214, -97.771564 30.257356, -97.772104 30.257604, -97.772819 30.257992, -97.772765 30.258915))",38.4,1383.0,213393.0,54.0,22.0,669759.8043158227,0.0020649193801840215
"POLYGON ((-98.05927 30.407136, -98.059076 30.407234, -98.058209 30.407707, -98.05533 30.408737, -98.053051 30.409442, -98.051654 30.410049, -98.050629 30.410732, -98.048424 30.413377, -98.048356 30.413327, -98.048283 30.413305, -98.048254 30.413304, -98.048218 30.413315, -98.048116 30.413379, -98.048024 30.413449, -98.047888 30.413598, -98.047672 30.413778, -98.047621 30.413805, -98.047516 30.41384, -98.04745 30.41391, -98.047402 30.413985, -98.047216 30.414151, -98.046997 30.414129, -98.04672 30.414141, -98.046634 30.414161, -98.046565 30.414188, -98.046531 30.41421, -98.046465 30.414228, -98.046386 30.414318, -98.046253 30.414469, -98.045965 30.414481, -98.04568 30.414351, -98.045556 30.414349, -98.045443 30.414423, -98.045054 30.414679, -98.045034 30.414714, -98.044757 30.415201, -98.044355 30.415731, -98.044167 30.41594, -98.04414 30.41597, -98.044072 30.416172, -98.04405 30.416468, -98.044022 30.416759, -98.044047 30.41711, -98.044076 30.417505, -98.043937 30.41763, -98.04387 30.41769, -98.043867 30.417816, -98.043761 30.417974, -98.042399 30.418076, -98.040868 30.418458, -98.039971 30.418778, -98.039793 30.418841, -98.039241 30.419246, -98.038609 30.419746, -98.03842 30.420233, -98.038294 30.420485, -98.037987 30.421137, -98.037844 30.421014, -98.037791 30.42112, -98.03778 30.421142, -98.037767 30.421087, -98.037062 30.420105, -98.036997 30.41982, -98.036886 30.419348, -98.036666 30.418419, -98.035994 30.418081, -98.035651 30.417909, -98.035308 30.417736, -98.034919 30.417541, -98.034192 30.417175, -98.033702 30.416929, -98.033457 30.416806, -98.033309 30.416732, -98.033181 30.416668, -98.033103 30.416644, -98.032937 30.416593, -98.032789 30.416548, -98.030498 30.415846, -98.02949 30.415768, -98.029671 30.415625, -98.031171 30.414438, -98.031373 30.414182, -98.035151 30.409399, -98.039479 30.403921, -98.042271 30.400387, -98.044924 30.397026, -98.047575 30.393651, -98.050156 30.390367, -98.050314 30.390166, -98.050718 30.390795, -98.05116 30.391545, -98.051224 30.391675, -98.051291 30.391873, -98.051319 30.391984, -98.051327 30.392198, -98.051305 30.392362, -98.05126 30.392553, -98.051155 30.392826, -98.051088 30.393017, -98.051024 30.393265, -98.050943 30.393623, -98.050916 30.393854, -98.050907 30.394115, -98.050924 30.394243, -98.050949 30.394387, -98.050991 30.394506, -98.051113 30.394776, -98.051244 30.39502, -98.051291 30.395159, -98.051313 30.395279, -98.051319 30.395407, -98.051291 30.395579, -98.051249 30.395857, -98.051235 30.396015, -98.051241 30.396126, -98.051255 30.396226, -98.051285 30.396329, -98.051338 30.396429, -98.051385 30.396501, -98.05153 30.396637, -98.051649 30.396721, -98.051827 30.396818, -98.05261 30.397113, -98.052941 30.397251, -98.053144 30.397335, -98.053311 30.397427, -98.054233 30.398221, -98.054472 30.398424, -98.054641 30.398538, -98.05485 30.398641, -98.05523 30.39881, -98.055908 30.399121, -98.056543 30.399474, -98.056765 30.399624, -98.057096 30.399874, -98.057447 30.400169, -98.057802 30.40053, -98.057866 30.400611, -98.05798 30.400797, -98.058081 30.401045, -98.058123 30.401187, -98.058156 30.401431, -98.058192 30.402213, -98.058251 30.402999, -98.058396 30.40412, -98.058427 30.404531, -98.058503 30.40531, -98.058594 30.405941, -98.058681 30.406222, -98.058733 30.406353, -98.058803 30.406495, -98.059079 30.4069, -98.05927 30.407136))",44.2,2607.0,142273.0,30.0,27.0,3933882.0381062245,0.0006627041621347174
"POLYGON ((-98.080753 30.290673, -98.080705 30.290749, -98.080259 30.291478, -98.080199 30.29161, -98.080151 30.291718, -98.08 30.292054, -98.079367 30.291822, -98.078257 30.291374, -98.077648 30.291195, -98.076753 30.291052, -98.076732 30.29105, -98.074751 30.290919, -98.074588 30.290908, -98.073829 30.290751, -98.069306 30.288721, -98.068317 30.288277, -98.068193 30.288221, -98.067819 30.28803, -98.06482 30.2865, -98.063837 30.286078, -98.062882 30.285822, -98.06216 30.285823, -98.061307 30.285923, -98.059968 30.286285, -98.059731 30.286328, -98.058865 30.286485, -98.057208 30.286915, -98.055131 30.287244, -98.052847 30.287388, -98.051801 30.287609, -98.051708 30.287629, -98.050217 30.288364, -98.049735 30.288629, -98.046734 30.29029, -98.046721 30.290298, -98.046236 30.290513, -98.045739 30.290734, -98.044907 30.290906, -98.043496 30.291197, -98.041712 30.291566, -98.041534 30.291603, -98.041124 30.291552, -98.040972 30.291533, -98.038547 30.29123, -98.037076 30.291417, -98.036387 30.291505, -98.035716 30.29159, -98.034538 30.291739, -98.031857 30.29208, -98.030641 30.292235, -98.030046 30.292232, -98.029151 30.292228, -98.028687 30.292133, -98.027476 30.291886, -98.022676 30.290907, -98.022628 30.290897, -98.020796 30.29065, -98.019652 30.290786, -98.019525 30.290821, -98.019497 30.290737, -98.019427 30.290623, -98.019342 30.290473, -98.01927 30.290336, -98.019218 30.290267, -98.01917 30.290222, -98.019112 30.290183, -98.018884 30.290063, -98.018789 30.290021, -98.018666 30.289982, -98.018389 30.289907, -98.018275 30.28987, -98.018177 30.28982, -98.018058 30.289743, -98.017942 30.289654, -98.017881 30.2896, -98.01775 30.289466, -98.017546 30.289206, -98.017472 30.289093, -98.017337 30.288779, -98.017288 30.288708, -98.017048 30.28844, -98.016654 30.288068, -98.016583 30.287994, -98.016559 30.287953, -98.016535 30.287882, -98.016501 30.287746, -98.016459 30.287627, -98.016187 30.287069, -98.01602 30.286851, -98.015898 30.286615, -98.015852 30.286536, -98.015849 30.286488, -98.015858 30.286453, -98.015905 30.286406, -98.015907 30.286388, -98.015901 30.286363, -98.015867 30.28629, -98.015846 30.286174, -98.015833 30.285998, -98.01584 30.285861, -98.01583 30.285766, -98.015808 30.285682, -98.01579 30.285642, -98.015762 30.285613, -98.015705 30.285571, -98.015681 30.28554, -98.015625 30.285409, -98.015455 30.285044, -98.015452 30.285005, -98.015455 30.284968, -98.015455 30.284926, -98.015434 30.284867, -98.015401 30.284818, -98.015374 30.284797, -98.015297 30.284765, -98.015008 30.28467, -98.014958 30.284638, -98.014914 30.284593, -98.014825 30.284452, -98.014724 30.284273, -98.014715 30.28425, -98.014697 30.284202, -98.014679 30.284173, -98.014476 30.28398, -98.014433 30.283905, -98.014361 30.283786, -98.014327 30.283751, -98.014295 30.283731, -98.014244 30.283713, -98.014085 30.283673, -98.013971 30.283662, -98.013929 30.283648, -98.013891 30.283621, -98.013839 30.283558, -98.013795 30.28349, -98.013725 30.283426, -98.013707 30.283416, -98.013637 30.283401, -98.013474 30.283391, -98.013424 30.283381, -98.013314 30.283335, -98.013219 30.28328, -98.013129 30.283215, -98.013073 30.283159, -98.013028 30.283099, -98.013006 30.28301, -98.012956 30.282947, -98.012799 30.282766, -98.012675 30.282612, -98.012608 30.282549, -98.012463 30.28245, -98.012308 30.282362, -98.012094 30.282256, -98.011969 30.282208, -98.011782 30.282146, -98.011601 30.282078, -98.011528 30.282044, -98.011463 30.281999, -98.011313 30.281875, -98.011273 30.281827, -98.011256 30.281798, -98.011243 30.281748, -98.011239 30.281557, -98.011241 30.281369, -98.011229 30.281296, -98.011203 30.281243, -98.011142 30.28119, -98.010998 30.281091, -98.010601 30.280764, -98.010544 30.280744, -98.010358 30.280727, -98.010301 30.280709, -98.010089 30.280617, -98.009913 30.280565, -98.00981 30.280549, -98.009642 30.280545, -98.009449 30.28054, -98.009407 30.280529, -98.009368 30.280504, -98.00923 30.280368, -98.009183 30.28034, -98.009105 30.280314, -98.008973 30.28028, -98.008757 30.280196, -98.008679 30.280154, -98.0086 30.280095, -98.008528 30.280026, -98.008484 30.279959, -98.008455 30.279877, -98.008449 30.279848, -98.008412 30.279783, -98.008367 30.279724, -98.008294 30.279649, -98.00814 30.279502, -98.007511 30.278864, -98.007376 30.278717, -98.007121 30.278478, -98.007024 30.278301, -98.00696 30.278158, -98.006937 30.278076, -98.00693 30.278002, -98.006941 30.27789, -98.006972 30.277736, -98.007011 30.277587, -98.007021 30.277492, -98.007017 30.277338, -98.006999 30.277156, -98.006974 30.277027, -98.006941 30.276909, -98.006893 30.276801, -98.006853 30.276747, -98.006806 30.276706, -98.006723 30.276657, -98.006506 30.276551, -98.006435 30.2765, -98.006342 30.276424, -98.006272 30.276385, -98.006222 30.276374, -98.006095 30.276369, -98.005493 30.276368, -98.005266 30.276387, -98.005163 30.276385, -98.005079 30.276367, -98.004989 30.276332, -98.00459 30.276145, -98.004163 30.275913, -98.004015 30.275817, -98.00394 30.275757, -98.003893 30.275695, -98.003868 30.275638, -98.003846 30.275545, -98.003834 30.275416, -98.003809 30.27496, -98.003778 30.274574, -98.00376 30.274487, -98.003726 30.274392, -98.003661 30.274263, -98.003634 30.274225, -98.003612 30.274193, -98.003556 30.274139, -98.003431 30.274054, -98.00322 30.273935, -98.00315 30.273907, -98.003041 30.273864, -98.002966 30.273814, -98.002881 30.273735, -98.002766 30.273612, -98.002691 30.273546, -98.002575 30.273466, -98.002448 30.27339, -98.002341 30.273343, -98.002185 30.273287, -98.002104 30.273245, -98.002011 30.273182, -98.001927 30.273109, -98.001855 30.273029, -98.001793 30.272939, -98.001613 30.272608, -98.001415 30.272299, -98.001328 30.272182, -98.001258 30.272117, -98.001169 30.272056, -98.001061 30.272, -98.000999 30.271972, -98.00079 30.271829, -98.000594 30.271706, -98.000318 30.271545, -98.00012 30.271419, -97.999972 30.27131, -97.999859 30.271211, -97.999568 30.270928, -97.999402 30.270783, -97.999247 30.270659, -97.999103 30.270563, -97.998934 30.270469, -97.998665 30.270344, -97.998523 30.270287, -97.998395 30.27025, -97.997867 30.270134, -97.997764 30.270098, -97.997511 30.269983, -97.997324 30.269856, -97.997263 30.269828, -97.997184 30.26981, -97.99705 30.26979, -97.996974 30.269766, -97.996901 30.269732, -97.996722 30.26963, -97.996391 30.269413, -97.996203 30.269273, -97.996122 30.269204, -97.995885 30.268988, -97.995767 30.268892, -97.995536 30.268716, -97.995391 30.268591, -97.995294 30.268497, -97.995241 30.268463, -97.995077 30.268307, -97.994909 30.268182, -97.994859 30.268129, -97.994779 30.268028, -97.994746 30.267999, -97.994687 30.267958, -97.994642 30.267916, -97.994572 30.267836, -97.994552 30.26779, -97.994522 30.267695, -97.994502 30.267667, -97.994476 30.267651, -97.994423 30.267642, -97.994361 30.267654, -97.99441 30.26761, -97.994535 30.267441, -97.994688 30.267293, -97.995197 30.266822, -97.9954 30.266626, -97.995496 30.266539, -97.995575 30.266491, -97.99602 30.266143, -97.996097 30.26609, -97.996133 30.266048, -97.996197 30.26595, -97.996201 30.265925, -97.996157 30.265704, -97.996162 30.26562, -97.996154 30.265506, -97.996133 30.2654, -97.99608 30.265279, -97.996054 30.265112, -97.995984 30.264963, -97.995832 30.264771, -97.995717 30.264587, -97.995619 30.264466, -97.995387 30.264214, -97.995267 30.264097, -97.995167 30.264018, -97.995065 30.263961, -97.99491 30.263894, -97.994716 30.263823, -97.99451 30.263764, -97.99434 30.263727, -97.994149 30.263702, -97.994051 30.263714, -97.993952 30.263736, -97.993848 30.26375, -97.993788 30.263748, -97.993561 30.263702, -97.993332 30.263662, -97.993233 30.26364, -97.993144 30.263609, -97.992978 30.263533, -97.992811 30.263448, -97.992629 30.263338, -97.99253 30.263264, -97.992352 30.263105, -97.992265 30.263046, -97.992215 30.263005, -97.992194 30.26297, -97.992187 30.262916, -97.992149 30.262747, -97.992136 30.262649, -97.992134 30.262537, -97.992145 30.262355, -97.992172 30.262242, -97.992228 30.262099, -97.992283 30.262013, -97.992326 30.261969, -97.992393 30.261924, -97.992646 30.261775, -97.992723 30.261725, -97.992785 30.261669, -97.992783 30.261572, -97.99279 30.261522, -97.992794 30.26144, -97.992773 30.261355, -97.992761 30.261256, -97.992768 30.26122, -97.992789 30.261196, -97.99292 30.261137, -97.993109 30.261037, -97.9932 30.260975, -97.993248 30.260926, -97.993289 30.260867, -97.993308 30.260818, -97.993307 30.260771, -97.993289 30.260722, -97.993253 30.26067, -97.993213 30.260629, -97.992859 30.260397, -97.992801 30.260351, -97.992788 30.260329, -97.992779 30.260287, -97.992774 30.260179, -97.992777 30.260082, -97.992798 30.259977, -97.992852 30.259825, -97.992911 30.259708, -97.992939 30.259612, -97.992956 30.259507, -97.992953 30.259457, -97.992935 30.259405, -97.992897 30.259345, -97.992827 30.259264, -97.992732 30.259188, -97.992658 30.259143, -97.992533 30.259087, -97.992423 30.259028, -97.992322 30.25896, -97.992229 30.258875, -97.99217 30.258798, -97.99213 30.258713, -97.992104 30.258615, -97.992097 30.258549, -97.992113 30.258456, -97.99223 30.257994, -97.992282 30.257854, -97.99235 30.257715, -97.992436 30.257576, -97.992561 30.257394, -97.99266 30.257269, -97.992863 30.257055, -97.992975 30.25695, -97.993062 30.25689, -97.993152 30.256844, -97.993251 30.256806, -97.993748 30.256659, -97.994213 30.25655, -97.994381 30.256499, -97.994593 30.256439, -97.99479 30.256396, -97.995135 30.256342, -97.995234 30.256313, -97.99532 30.256277, -97.995391 30.256232, -97.995474 30.256165, -97.995538 30.256096, -97.995564 30.256059, -97.995585 30.256019, -97.995605 30.25595, -97.995612 30.255871, -97.995605 30.255797, -97.995588 30.255736, -97.995545 30.255666, -97.995446 30.255543, -97.995293 30.255385, -97.995247 30.255322, -97.99517 30.255172, -97.995094 30.254986, -97.995031 30.254762, -97.994969 30.254599, -97.994924 30.254514, -97.994869 30.254451, -97.994836 30.254425, -97.994743 30.254389, -97.99463 30.254357, -97.994434 30.254337, -97.99436 30.25432, -97.994203 30.254269, -97.994057 30.254205, -97.993906 30.25412, -97.993587 30.253925, -97.993444 30.253828, -97.993402 30.253786, -97.993346 30.253704, -97.993268 30.253526, -97.993038 30.252977, -97.993021 30.252901, -97.993016 30.252815, -97.993027 30.252658, -97.993052 30.252556, -97.993101 30.252442, -97.993266 30.252149, -97.993361 30.252006, -97.993459 30.251885, -97.993562 30.251784, -97.993666 30.251699, -97.993911 30.251522, -97.994191 30.251295, -97.994283 30.251203, -97.994406 30.251049, -97.994517 30.250889, -97.994851 30.250383, -97.994914 30.25028, -97.99499 30.250141, -97.995012 30.250071, -97.995021 30.249997, -97.995016 30.249923, -97.994999 30.24986, -97.994965 30.249805, -97.994918 30.249755, -97.994841 30.249693, -97.994551 30.249504, -97.994344 30.249371, -97.994118 30.249207, -97.993987 30.249124, -97.993852 30.249054, -97.99348 30.248887, -97.993134 30.248765, -97.993035 30.248723, -97.992946 30.248674, -97.992865 30.248614, -97.992682 30.248437, -97.992488 30.248264, -97.992399 30.248191, -97.992343 30.248155, -97.992275 30.248126, -97.992195 30.248102, -97.992008 30.248071, -97.991691 30.24804, -97.991468 30.248039, -97.991402 30.248035, -97.991279 30.248019, -97.991159 30.247991, -97.991045 30.247953, -97.990897 30.247883, -97.990797 30.247821, -97.990723 30.247758, -97.990612 30.247622, -97.990513 30.247513, -97.990442 30.247435, -97.990414 30.247389, -97.990404 30.247342, -97.990413 30.247293, -97.990479 30.247165, -97.990523 30.247081, -97.990901 30.246661, -97.991184 30.246457, -97.991567 30.246395, -97.991909 30.246357, -97.992414 30.246315, -97.992593 30.246316, -97.992884 30.24634, -97.993176 30.246322, -97.993395 30.246262, -97.993737 30.246078, -97.994064 30.245895, -97.99415 30.245727, -97.994126 30.245566, -97.994063 30.245416, -97.993944 30.245336, -97.993705 30.245228, -97.993538 30.245143, -97.993465 30.245125, -97.992972 30.244913, -97.99232 30.244648, -97.992179 30.24461, -97.991993 30.24456, -97.99159 30.24448, -97.991437 30.244405, -97.991364 30.244369, -97.991209 30.24427, -97.991019 30.244056, -97.990923 30.243931, -97.990814 30.243684, -97.99054 30.243262, -97.990387 30.243021, -97.990236 30.242748, -97.990093 30.242607, -97.990012 30.242507, -97.989999 30.242382, -97.99002 30.242065, -97.990024 30.242012, -97.990012 30.241762, -97.990032 30.241512, -97.990093 30.241289, -97.990129 30.241177, -97.99018 30.241017, -97.990313 30.240724, -97.990281 30.240597, -97.990256 30.240281, -97.990033 30.23959, -97.989989 30.239426, -97.98993 30.239338, -97.989878 30.239243, -97.989578 30.239137, -97.989343 30.239068, -97.989169 30.238997, -97.989127 30.238839, -97.989109 30.23868, -97.989133 30.238455, -97.989172 30.238235, -97.989254 30.238164, -97.989382 30.238075, -97.989424 30.237969, -97.989504 30.237666, -97.989566 30.237465, -97.989574 30.237072, -97.989604 30.236615, -97.989613 30.236317, -97.989576 30.236168, -97.989566 30.23594, -97.989582 30.235722, -97.989563 30.235564, -97.98949 30.235447, -97.989309 30.235316, -97.989186 30.235237, -97.989125 30.235161, -97.989113 30.235136, -97.989062 30.235132, -97.989005 30.235088, -97.988888 30.235011, -97.988821 30.234972, -97.988597 30.234802, -97.988402 30.234677, -97.988257 30.234624, -97.9881 30.234554, -97.987818 30.234262, -97.987612 30.233999, -97.987266 30.233595, -97.987084 30.233403, -97.986834 30.233237, -97.986575 30.233166, -97.986085 30.233107, -97.98568 30.233068, -97.985518 30.233068, -97.985396 30.233055, -97.985307 30.233042, -97.985244 30.233014, -97.985125 30.232961, -97.984575 30.232587, -97.984283 30.232314, -97.983791 30.231909, -97.983436 30.231508, -97.9834 30.231475, -97.983314 30.231465, -97.983238 30.231418, -97.98319 30.231374, -97.983111 30.2313, -97.983055 30.231181, -97.982976 30.230955, -97.983154 30.230793, -97.983343 30.230636, -97.983433 30.230391, -97.983521 30.230003, -97.983653 30.229569, -97.983803 30.229031, -97.983838 30.228892, -97.983958 30.228629, -97.984006 30.228479, -97.983897 30.228283, -97.983647 30.227913, -97.983374 30.227609, -97.983272 30.22763, -97.983087 30.227641, -97.982947 30.227615, -97.982603 30.227406, -97.982417 30.227208, -97.98235 30.227144, -97.982167 30.227106, -97.98171 30.226922, -97.981472 30.226821, -97.981404 30.226737, -97.981334 30.226605, -97.981295 30.226306, -97.981259 30.226114, -97.981242 30.225984, -97.981233 30.225811, -97.981284 30.225683, -97.981341 30.225593, -97.981471 30.225427, -97.981527 30.225287, -97.981559 30.22511, -97.981593 30.224847, -97.98165 30.224514, -97.981752 30.224239, -97.982037 30.223962, -97.982212 30.223812, -97.982292 30.223708, -97.982359 30.223607, -97.982411 30.223514, -97.982444 30.223439, -97.982461 30.223374, -97.982466 30.223293, -97.982455 30.223245, -97.982429 30.22319, -97.982392 30.223144, -97.982326 30.223086, -97.982261 30.223047, -97.982161 30.222998, -97.982033 30.222945, -97.98161 30.222847, -97.981585 30.222829, -97.981552 30.222805, -97.981527 30.222761, -97.981501 30.222312, -97.981611 30.22221, -97.981747 30.222154, -97.982001 30.221988, -97.98225 30.22164, -97.982377 30.221271, -97.982583 30.221174, -97.98277 30.221071, -97.982876 30.221026, -97.983046 30.220956, -97.983196 30.220913, -97.982727 30.220567, -97.982591 30.220149, -97.999899 30.232508, -98.009541 30.23942, -98.010831 30.240339, -98.012853 30.241774, -98.026708 30.251686, -98.030672 30.254514, -98.033773 30.256728, -98.038105 30.259825, -98.044847 30.264654, -98.048013 30.266921, -98.050067 30.268392, -98.053149 30.270599, -98.053665 30.270969, -98.053961 30.271181, -98.05412 30.271295, -98.054734 30.271736, -98.056452 30.272966, -98.056616 30.273082, -98.057399 30.273643, -98.057709 30.273865, -98.057921 30.274016, -98.058114 30.274155, -98.058265 30.274264, -98.058522 30.274445, -98.059097 30.274862, -98.059951 30.275473, -98.060489 30.275856, -98.06071 30.276015, -98.060951 30.276187, -98.061382 30.276496, -98.061785 30.276785, -98.062113 30.277019, -98.062158 30.277051, -98.062628 30.277389, -98.063372 30.277921, -98.063804 30.27823, -98.064341 30.278622, -98.066032 30.27982, -98.067399 30.280837, -98.067792 30.281123, -98.069617 30.282467, -98.069922 30.282705, -98.070304 30.282974, -98.070619 30.283203, -98.072009 30.284232, -98.072806 30.284818, -98.073781 30.285536, -98.074889 30.286351, -98.074903 30.286361, -98.075419 30.28674, -98.077392 30.288196, -98.079213 30.289538, -98.080439 30.290441, -98.080741 30.290664, -98.080753 30.290673))",44.2,3974.0,178982.0,76.0,0.0,26627556.14630435,0.00014924388772912428
"POLYGON ((-97.594173 30.348252, -97.594045 30.349314, -97.59377 30.350175, -97.593422 30.351037, -97.592756 30.352094, -97.592506 30.352475, -97.592329 30.35271, -97.589944 30.356439, -97.588063 30.359298, -97.587132 30.360804, -97.586647 30.361477, -97.58585 30.362655, -97.585381 30.363372, -97.584788 30.364657, -97.584417 30.365918, -97.584323 30.366495, -97.584219 30.367129, -97.583848 30.368908, -97.583651 30.369773, -97.58313 30.369705, -97.582621 30.369609, -97.582579 30.369785, -97.582559 30.369862, -97.582524 30.370037, -97.582505 30.370137, -97.582484 30.370245, -97.582436 30.370482, -97.582412 30.370603, -97.582388 30.370726, -97.582364 30.370849, -97.58234 30.370975, -97.582289 30.371235, -97.582265 30.371369, -97.582216 30.371649, -97.582193 30.371792, -97.582164 30.371967, -97.582144 30.372084, -97.582119 30.372231, -97.582093 30.372379, -97.582067 30.372527, -97.582037 30.372675, -97.582007 30.372821, -97.581973 30.372969, -97.581938 30.373112, -97.581866 30.373387, -97.581795 30.373649, -97.581759 30.373775, -97.581685 30.37402, -97.581647 30.374143, -97.581573 30.374395, -97.581537 30.374522, -97.581466 30.374767, -97.581431 30.374886, -97.581363 30.375117, -97.58133 30.375229, -97.581267 30.375447, -97.581236 30.375551, -97.581177 30.375751, -97.581148 30.375848, -97.58109 30.376038, -97.581061 30.376131, -97.581033 30.376223, -97.580979 30.376399, -97.580874 30.376697, -97.580712 30.377049, -97.574518 30.374147, -97.573357 30.373573, -97.572672 30.373235, -97.571367 30.372553, -97.570523 30.372152, -97.56996 30.371694, -97.569909 30.371591, -97.568133 30.368, -97.567497 30.367219, -97.566767 30.366727, -97.565183 30.365474, -97.563957 30.364485, -97.563614 30.364247, -97.563395 30.363956, -97.563232 30.363688, -97.562984 30.363279, -97.562661 30.363483, -97.562041 30.363875, -97.561073 30.365421, -97.560551 30.365262, -97.556075 30.36391, -97.552618 30.362864, -97.55114 30.362417, -97.55101 30.362378, -97.549989 30.362069, -97.548582 30.361628, -97.547776 30.361376, -97.544846 30.360475, -97.544686 30.360458, -97.543516 30.360118, -97.540342 30.359147, -97.539476 30.358935, -97.539682 30.358661, -97.539778 30.358572, -97.53648 30.356972, -97.5353 30.356398, -97.534917 30.356989, -97.534642 30.356851, -97.534218 30.356652, -97.534251 30.356603, -97.534607 30.35606, -97.534634 30.356019, -97.535267 30.355055, -97.535574 30.354544, -97.536045 30.3537, -97.536778 30.352203, -97.536823 30.352111, -97.537769 30.350586, -97.538311 30.349714, -97.538423 30.349533, -97.538505 30.349401, -97.538636 30.349399, -97.538786 30.3494, -97.5389 30.349386, -97.543189 30.349301, -97.543959 30.349282, -97.54478 30.34927, -97.545636 30.349247, -97.546055 30.349241, -97.546558 30.349234, -97.546627 30.349231, -97.546747 30.349227, -97.547774 30.349209, -97.549694 30.349174, -97.549743 30.349173, -97.549933 30.34917, -97.551892 30.34911, -97.552117 30.349115, -97.553246 30.349071, -97.55464 30.349005, -97.554881 30.348992, -97.555255 30.348971, -97.555935 30.348946, -97.556323 30.348931, -97.556635 30.3489, -97.556957 30.348887, -97.557189 30.348884, -97.557636 30.348847, -97.557861 30.348841, -97.55787 30.348835, -97.558236 30.348822, -97.559123 30.348741, -97.559335 30.348721, -97.559547 30.348687, -97.559815 30.348643, -97.560821 30.348476, -97.562001 30.348281, -97.562366 30.348208, -97.563759 30.347931, -97.564653 30.347753, -97.567557 30.347139, -97.569829 30.34665, -97.570914 30.3464, -97.571922 30.346171, -97.572285 30.346083, -97.572571 30.346024, -97.572864 30.345964, -97.572878 30.34596, -97.573161 30.345891, -97.574665 30.345572, -97.578942 30.344665, -97.580038 30.344412, -97.580076 30.344403, -97.580138 30.344389, -97.580317 30.344349, -97.580431 30.344313, -97.580502 30.344292, -97.580705 30.34424, -97.580768 30.344224, -97.581757 30.343943, -97.582927 30.343613, -97.584071 30.343264, -97.585298 30.342788, -97.585553 30.34269, -97.585805 30.342595, -97.588503 30.341626, -97.590192 30.340991, -97.590515 30.340867, -97.590886 30.34073, -97.591383 30.340537, -97.591526 30.340819, -97.592205 30.342162, -97.592909 30.343524, -97.59311 30.343879, -97.593477 30.344532, -97.593729 30.345208, -97.594017 30.346251, -97.594136 30.346969, -97.594173 30.348252))",41.3,2531.0,95043.0,217.0,233.0,11045723.652284626,0.0002291384502885426
"POLYGON ((-97.583191 30.371974, -97.582489 30.375334, -97.581868 30.377591, -97.580957 30.380475, -97.580141 30.382749, -97.579573 30.38443, -97.579266 30.385634, -97.579035 30.387506, -97.578998 30.38951, -97.579035 30.390865, -97.579276 30.392739, -97.579629 30.393801, -97.581825 30.399647, -97.582079 30.400321, -97.582627 30.40211, -97.583359 30.4045, -97.583577 30.405303, -97.583415 30.40556, -97.58312 30.406026, -97.582914 30.406351, -97.582776 30.406569, -97.582422 30.407129, -97.581701 30.40827, -97.580766 30.40975, -97.576328 30.416768, -97.576139 30.417006, -97.575874 30.416888, -97.565013 30.411694, -97.564808 30.411595, -97.562447 30.410467, -97.562129 30.410315, -97.560948 30.409704, -97.560842 30.409234, -97.561161 30.40854, -97.56121 30.408387, -97.561114 30.408099, -97.560851 30.40787, -97.558384 30.406705, -97.556742 30.40593, -97.556504 30.405818, -97.554802 30.405014, -97.547268 30.401456, -97.546085 30.400911, -97.545439 30.400974, -97.54338 30.404292, -97.54335 30.404341, -97.542705 30.405381, -97.541405 30.407476, -97.540709 30.407147, -97.540402 30.407002, -97.538805 30.406247, -97.533555 30.403764, -97.532727 30.403304, -97.530515 30.402241, -97.527184 30.400619, -97.525239 30.399755, -97.524608 30.399708, -97.524517 30.399698, -97.523939 30.399635, -97.52042 30.397977, -97.520403 30.397973, -97.52008 30.397827, -97.520011 30.397799, -97.520047 30.397743, -97.520187 30.397526, -97.520232 30.397455, -97.521662 30.395237, -97.521989 30.394721, -97.522217 30.394275, -97.522451 30.393767, -97.522646 30.393259, -97.522783 30.392745, -97.522914 30.392043, -97.522965 30.391627, -97.522982 30.391301, -97.522977 30.390787, -97.522954 30.390496, -97.52292 30.390142, -97.522811 30.38936, -97.52272 30.388698, -97.522697 30.388424, -97.522697 30.387973, -97.522703 30.387551, -97.522731 30.387088, -97.522783 30.386757, -97.522919 30.386139, -97.522993 30.385878, -97.52306 30.385028, -97.524164 30.383388, -97.525496 30.381406, -97.525835 30.380902, -97.527823 30.377716, -97.529119 30.375769, -97.52994 30.374482, -97.529982 30.374415, -97.530695 30.373289, -97.530866 30.373015, -97.53103 30.372725, -97.531147 30.372493, -97.5313 30.372144, -97.531359 30.371976, -97.531554 30.37137, -97.531592 30.371217, -97.531637 30.370955, -97.531645 30.370894, -97.53168 30.370622, -97.53169 30.370486, -97.531742 30.369787, -97.531787 30.369378, -97.531793 30.369097, -97.531847 30.368673, -97.531945 30.36714, -97.532054 30.364663, -97.532081 30.36395, -97.532098 30.363487, -97.532119 30.362935, -97.532124 30.362871, -97.532255 30.361385, -97.532401 30.360524, -97.532633 30.359728, -97.532642 30.359667, -97.532653 30.359597, -97.532934 30.358853, -97.533248 30.358284, -97.533719 30.35743, -97.534001 30.356988, -97.534218 30.356652, -97.534642 30.356851, -97.534917 30.356989, -97.5353 30.356398, -97.53648 30.356972, -97.539778 30.358572, -97.539682 30.358661, -97.539476 30.358935, -97.540342 30.359147, -97.543516 30.360118, -97.544686 30.360458, -97.544846 30.360475, -97.547776 30.361376, -97.548582 30.361628, -97.549989 30.362069, -97.55101 30.362378, -97.55114 30.362417, -97.552618 30.362864, -97.556075 30.36391, -97.560551 30.365262, -97.561073 30.365421, -97.562041 30.363875, -97.562661 30.363483, -97.562984 30.363279, -97.563232 30.363688, -97.563395 30.363956, -97.563614 30.364247, -97.563957 30.364485, -97.565183 30.365474, -97.566767 30.366727, -97.567497 30.367219, -97.568133 30.368, -97.569909 30.371591, -97.56996 30.371694, -97.570523 30.372152, -97.571367 30.372553, -97.572672 30.373235, -97.573357 30.373573, -97.574518 30.374147, -97.580712 30.377049, -97.580874 30.376697, -97.580979 30.376399, -97.581033 30.376223, -97.581061 30.376131, -97.58109 30.376038, -97.581148 30.375848, -97.581177 30.375751, -97.581236 30.375551, -97.581267 30.375447, -97.58133 30.375229, -97.581363 30.375117, -97.581431 30.374886, -97.581466 30.374767, -97.581537 30.374522, -97.581573 30.374395, -97.581647 30.374143, -97.581685 30.37402, -97.581759 30.373775, -97.581795 30.373649, -97.581866 30.373387, -97.581938 30.373112, -97.581973 30.372969, -97.582007 30.372821, -97.582037 30.372675, -97.582067 30.372527, -97.582093 30.372379, -97.582119 30.372231, -97.582144 30.372084, -97.582164 30.371967, -97.582193 30.371792, -97.582216 30.371649, -97.582265 30.371369, -97.582289 30.371235, -97.58234 30.370975, -97.582364 30.370849, -97.582388 30.370726, -97.582412 30.370603, -97.582436 30.370482, -97.582484 30.370245, -97.582505 30.370137, -97.582524 30.370037, -97.582559 30.369862, -97.582579 30.369785, -97.582621 30.369609, -97.58313 30.369705, -97.583651 30.369773, -97.583191 30.371974))",37.1,2022.0,100000.0,33.0,59.0,24842507.2436883,8.139275074635337e-05
"POLYGON ((-97.627764 30.291532, -97.627577 30.291825, -97.626021 30.294255, -97.623247 30.298567, -97.623105 30.298807, -97.622838 30.29926, -97.622532 30.299722, -97.621888 30.300695, -97.621418 30.301414, -97.621028 30.301978, -97.620842 30.302262, -97.620266 30.303158, -97.620081 30.303447, -97.61983 30.303838, -97.619805 30.303877, -97.619663 30.304146, -97.619336 30.304582, -97.619295 30.304652, -97.619082 30.305009, -97.61901 30.305129, -97.618923 30.305276, -97.618736 30.305595, -97.618517 30.30597, -97.618014 30.306804, -97.617945 30.306896, -97.616937 30.308316, -97.616765 30.308598, -97.615592 30.310353, -97.614958 30.311411, -97.614774 30.311727, -97.614057 30.312846, -97.611943 30.316141, -97.608679 30.321229, -97.605379 30.326375, -97.605319 30.326549, -97.605302 30.326596, -97.605094 30.327047, -97.60475 30.327793, -97.604574 30.328176, -97.60413 30.329145, -97.604104 30.329187, -97.60346 30.330256, -97.602815 30.331324, -97.601167 30.334056, -97.600888 30.334518, -97.600727 30.334783, -97.599615 30.336628, -97.599597 30.336657, -97.599542 30.336748, -97.599402 30.33698, -97.599332 30.337096, -97.599388 30.337247, -97.599433 30.337368, -97.599466 30.337467, -97.599391 30.337504, -97.597514 30.338205, -97.593518 30.339732, -97.59174 30.340411, -97.591383 30.340537, -97.590886 30.34073, -97.590515 30.340867, -97.590192 30.340991, -97.588503 30.341626, -97.585805 30.342595, -97.585553 30.34269, -97.585298 30.342788, -97.584071 30.343264, -97.582927 30.343613, -97.581757 30.343943, -97.580768 30.344224, -97.580705 30.34424, -97.580502 30.344292, -97.580433 30.344191, -97.580338 30.343997, -97.580278 30.343891, -97.57963 30.342838, -97.579481 30.342549, -97.579042 30.341668, -97.578461 30.341835, -97.578162 30.341922, -97.577847 30.341986, -97.577483 30.342032, -97.576818 30.342082, -97.576556 30.342103, -97.576364 30.34212, -97.576322 30.342123, -97.575316 30.342224, -97.575236 30.342236, -97.574913 30.342268, -97.573788 30.342379, -97.573154 30.342425, -97.572707 30.342425, -97.571974 30.342426, -97.569245 30.342246, -97.568875 30.34222, -97.568382 30.342185, -97.565157 30.341961, -97.564281 30.341899, -97.56298 30.34181, -97.561462 30.341704, -97.559646 30.341417, -97.559946 30.340301, -97.56 30.340099, -97.560006 30.340064, -97.5601 30.339762, -97.560184 30.339615, -97.560263 30.339358, -97.560342 30.338947, -97.559253 30.338733, -97.558296 30.33853, -97.558314 30.338462, -97.558479 30.337677, -97.5586 30.337286, -97.559099 30.33529, -97.559869 30.332211, -97.560088 30.331334, -97.560371 30.330201, -97.560503 30.329675, -97.56055 30.329071, -97.560629 30.328405, -97.560754 30.327362, -97.560779 30.327149, -97.560885 30.326265, -97.561262 30.323099, -97.561474 30.322448, -97.561489 30.322415, -97.561492 30.322394, -97.561951 30.321078, -97.56206 30.320767, -97.562316 30.319581, -97.56284 30.317259, -97.563025 30.316384, -97.563106 30.315982, -97.563167 30.315538, -97.5633 30.314725, -97.563366 30.314403, -97.563385 30.314317, -97.563534 30.313766, -97.563657 30.313383, -97.56404 30.312005, -97.564244 30.311249, -97.564344 30.310805, -97.564435 30.310173, -97.564448 30.309836, -97.564442 30.309164, -97.564396 30.308464, -97.564366 30.308083, -97.564325 30.307666, -97.564318 30.307212, -97.564318 30.306953, -97.564344 30.306694, -97.564416 30.306032, -97.564592 30.305002, -97.564674 30.304483, -97.564923 30.302918, -97.565012 30.302558, -97.565143 30.30222, -97.565266 30.301904, -97.565373 30.301667, -97.565412 30.301581, -97.565442 30.301522, -97.565558 30.301304, -97.565835 30.30085, -97.566151 30.300381, -97.566482 30.299977, -97.567184 30.298866, -97.567661 30.298153, -97.568223 30.297316, -97.568811 30.296439, -97.569257 30.29578, -97.570147 30.294467, -97.570331 30.294029, -97.570576 30.293368, -97.570698 30.292919, -97.570783 30.292498, -97.571024 30.291107, -97.571126 30.29073, -97.571291 30.2903, -97.571477 30.289976, -97.571705 30.289653, -97.572099 30.289216, -97.572424 30.288927, -97.572777 30.288692, -97.573149 30.288494, -97.573506 30.288337, -97.573845 30.288218, -97.574244 30.288115, -97.574623 30.28805, -97.574808 30.287947, -97.575033 30.287957, -97.575466 30.288026, -97.575795 30.288044, -97.576107 30.288081, -97.576364 30.288128, -97.57662 30.288172, -97.577929 30.288453, -97.578986 30.288456, -97.57903 30.288456, -97.583518 30.288555, -97.583581 30.288556, -97.584387 30.288575, -97.584998 30.288583, -97.586323 30.288609, -97.587527 30.288627, -97.58789 30.288623, -97.588279 30.288587, -97.588591 30.288547, -97.588871 30.288485, -97.588989 30.288467, -97.590463 30.287828, -97.591245 30.287219, -97.592551 30.286318, -97.59288 30.286066, -97.593165 30.285834, -97.593376 30.285644, -97.59362 30.285412, -97.593869 30.28516, -97.594103 30.284903, -97.594317 30.284633, -97.594816 30.283877, -97.595834 30.282257, -97.595951 30.282092, -97.596084 30.281906, -97.596253 30.281643, -97.596347 30.281496, -97.596771 30.280835, -97.599956 30.275877, -97.601279 30.27626, -97.601363 30.276284, -97.603262 30.276948, -97.603853 30.277238, -97.606186 30.278383, -97.60945 30.279964, -97.610046 30.280253, -97.611913 30.281527, -97.6129 30.28219, -97.613854 30.282831, -97.614585 30.283296, -97.614981 30.283516, -97.615577 30.283797, -97.618362 30.285108, -97.621362 30.286565, -97.622153 30.286949, -97.622258 30.287, -97.622285 30.28702, -97.622795 30.287395, -97.625428 30.289331, -97.625535 30.28941, -97.627952 30.29124, -97.627764 30.291532))",31.0,2410.0,97125.0,113.0,7.0,30137801.994818177,7.996601744262471e-05
"POLYGON ((-97.630378 30.307963, -97.630047 30.308709, -97.629825 30.309432, -97.629647 30.310097, -97.629504 30.310634, -97.628065 30.315883, -97.627807 30.316826, -97.626871 30.32014, -97.626856 30.3202, -97.626039 30.323264, -97.625432 30.325509, -97.625251 30.325944, -97.624934 30.32651, -97.624784 30.326684, -97.624672 30.32682, -97.624464 30.327031, -97.62419 30.327282, -97.623993 30.327431, -97.623758 30.32759, -97.623387 30.327796, -97.623006 30.32798, -97.622469 30.328187, -97.62203 30.328327, -97.621411 30.328539, -97.621039 30.328647, -97.620735 30.328733, -97.620401 30.3288, -97.619742 30.328866, -97.61974 30.32888, -97.618951 30.330293, -97.618557 30.331098, -97.618479 30.331258, -97.618393 30.331434, -97.618405 30.331477, -97.618434 30.331581, -97.618498 30.33181, -97.61728 30.332128, -97.615686 30.332556, -97.614006 30.333004, -97.610647 30.333907, -97.60933 30.334277, -97.609017 30.334364, -97.608452 30.334523, -97.607789 30.334704, -97.607639 30.334745, -97.607431 30.334799, -97.607255 30.334843, -97.605193 30.335363, -97.605168 30.335369, -97.604406 30.335608, -97.603546 30.335918, -97.602393 30.33635, -97.601787 30.336584, -97.599793 30.33734, -97.599466 30.337467, -97.599433 30.337368, -97.599388 30.337247, -97.599332 30.337096, -97.599402 30.33698, -97.599542 30.336748, -97.599597 30.336657, -97.599615 30.336628, -97.600727 30.334783, -97.600888 30.334518, -97.601167 30.334056, -97.602815 30.331324, -97.60346 30.330256, -97.604104 30.329187, -97.60413 30.329145, -97.604574 30.328176, -97.60475 30.327793, -97.605094 30.327047, -97.605302 30.326596, -97.605319 30.326549, -97.605379 30.326375, -97.608679 30.321229, -97.611943 30.316141, -97.614057 30.312846, -97.614774 30.311727, -97.614958 30.311411, -97.615592 30.310353, -97.616765 30.308598, -97.616937 30.308316, -97.617945 30.306896, -97.618014 30.306804, -97.618517 30.30597, -97.618736 30.305595, -97.618923 30.305276, -97.61901 30.305129, -97.619082 30.305009, -97.619295 30.304652, -97.619336 30.304582, -97.619663 30.304146, -97.619805 30.303877, -97.61983 30.303838, -97.620081 30.303447, -97.620266 30.303158, -97.620842 30.302262, -97.62142 30.30254, -97.622388 30.303006, -97.627934 30.305677, -97.627533 30.306579, -97.630199 30.307876, -97.630378 30.307963))",22.1,2982.0,56173.0,353.0,0.0,5077932.344531329,0.0005872468945379826
"POLYGON ((-97.584117 30.484783, -97.583568 30.488148, -97.583041 30.490452, -97.582637 30.49275, -97.582427 30.493912, -97.582511 30.494187, -97.581887 30.497035, -97.581711 30.498058, -97.5816 30.498695, -97.581517 30.499175, -97.581388 30.499927, -97.581301 30.500258, -97.581278 30.500344, -97.581182 30.500712, -97.581177 30.500751, -97.581155 30.50076, -97.581076 30.500793, -97.580897 30.500864, -97.580596 30.500698, -97.580605 30.500682, -97.580566 30.50068, -97.580243 30.5005, -97.580053 30.500394, -97.580001 30.50044, -97.579808 30.500501, -97.578186 30.50043, -97.578005 30.500413, -97.577928 30.500411, -97.577795 30.500408, -97.577526 30.500395, -97.577459 30.500392, -97.577192 30.500379, -97.576909 30.500365, -97.5768 30.50036, -97.576318 30.500336, -97.576014 30.500322, -97.575568 30.5003, -97.575054 30.500275, -97.574538 30.500247, -97.574519 30.500246, -97.574552 30.499979, -97.57457 30.499838, -97.574597 30.499394, -97.574702 30.498999, -97.57477 30.49852, -97.574987 30.497075, -97.575206 30.496027, -97.575326 30.49562, -97.575482 30.495377, -97.575903 30.494802, -97.576128 30.494502, -97.576214 30.494329, -97.576307 30.493898, -97.576532 30.492651, -97.576677 30.491944, -97.575046 30.491733, -97.573902 30.491577, -97.573327 30.491494, -97.573065 30.491456, -97.572833 30.491422, -97.572678 30.491412, -97.57256 30.491419, -97.572421 30.491438, -97.572172 30.4915, -97.572074 30.491179, -97.572042 30.491075, -97.571858 30.49054, -97.571672 30.489999, -97.571363 30.489038, -97.571095 30.488202, -97.570421 30.486155, -97.570295 30.4858, -97.570092 30.485444, -97.570136 30.485439, -97.570185 30.485429, -97.570242 30.485404, -97.570291 30.485366, -97.571169 30.484693, -97.571226 30.484702, -97.571261 30.484696, -97.571317 30.48467, -97.571348 30.484638, -97.571363 30.4846, -97.571369 30.484569, -97.571407 30.484534, -97.571472 30.484458, -97.57159 30.484332, -97.571681 30.484188, -97.57174 30.484073, -97.571792 30.483921, -97.571857 30.483571, -97.571916 30.483212, -97.574875 30.483596, -97.57685 30.483808, -97.578268 30.483985, -97.579735 30.484178, -97.580617 30.484305, -97.581618 30.484431, -97.582566 30.484551, -97.582803 30.484581, -97.583905 30.48475, -97.584003 30.484764, -97.58406 30.484773, -97.584117 30.484783))",32.7,6027.0,128015.0,108.0,11.0,1628569.2506282672,0.0037007944228806436
"POLYGON ((-97.576532 30.492651, -97.576307 30.493898, -97.576214 30.494329, -97.576128 30.494502, -97.575903 30.494802, -97.575482 30.495377, -97.575326 30.49562, -97.575206 30.496027, -97.574987 30.497075, -97.57477 30.49852, -97.574702 30.498999, -97.574597 30.499394, -97.57457 30.499838, -97.574552 30.499979, -97.574519 30.500246, -97.573873 30.500211, -97.57387 30.500225, -97.573686 30.500214, -97.573233 30.50019, -97.572658 30.500277, -97.572641 30.500276, -97.572076 30.500257, -97.571593 30.500193, -97.57072 30.500077, -97.570282 30.500019, -97.570054 30.499989, -97.569146 30.499855, -97.568255 30.499725, -97.56835 30.499223, -97.568882 30.496183, -97.568886 30.496162, -97.568219 30.496105, -97.567897 30.496077, -97.565257 30.495849, -97.565234 30.495744, -97.563769 30.495557, -97.563481 30.492049, -97.563456 30.491832, -97.557529 30.490937, -97.556099 30.490744, -97.554448 30.49052, -97.554168 30.490482, -97.553864 30.490441, -97.552964 30.490295, -97.552219 30.488146, -97.552053 30.487665, -97.551978 30.487448, -97.551561 30.486247, -97.550917 30.484879, -97.549326 30.48113, -97.54949 30.480249, -97.550034 30.480318, -97.553621 30.480772, -97.553793 30.480796, -97.56001 30.481677, -97.563523 30.482095, -97.565504 30.482392, -97.566433 30.482519, -97.568153 30.482724, -97.569249 30.482866, -97.569924 30.482953, -97.571777 30.483194, -97.571916 30.483212, -97.571857 30.483571, -97.571792 30.483921, -97.57174 30.484073, -97.571681 30.484188, -97.57159 30.484332, -97.571472 30.484458, -97.571407 30.484534, -97.571369 30.484569, -97.571363 30.4846, -97.571348 30.484638, -97.571317 30.48467, -97.571261 30.484696, -97.571226 30.484702, -97.571169 30.484693, -97.570291 30.485366, -97.570242 30.485404, -97.570185 30.485429, -97.570136 30.485439, -97.570092 30.485444, -97.570295 30.4858, -97.570421 30.486155, -97.571095 30.488202, -97.571363 30.489038, -97.571672 30.489999, -97.571858 30.49054, -97.572042 30.491075, -97.572074 30.491179, -97.572172 30.4915, -97.572421 30.491438, -97.57256 30.491419, -97.572678 30.491412, -97.572833 30.491422, -97.573065 30.491456, -97.573327 30.491494, -97.573902 30.491577, -97.575046 30.491733, -97.576677 30.491944, -97.576532 30.492651))",36.6,4927.0,133920.0,39.0,17.0,2867558.3525721207,0.0017181864827896587
"POLYGON ((-97.560263 30.339358, -97.560184 30.339615, -97.5601 30.339762, -97.560006 30.340064, -97.56 30.340099, -97.559946 30.340301, -97.559646 30.341417, -97.558682 30.341234, -97.557699 30.341076, -97.556648 30.340896, -97.555626 30.340712, -97.554575 30.34052, -97.554162 30.340507, -97.553858 30.340537, -97.553481 30.340665, -97.553336 30.340722, -97.553183 30.340804, -97.553016 30.340907, -97.552661 30.341152, -97.55221 30.341503, -97.552061 30.341636, -97.551707 30.341889, -97.550561 30.342599, -97.549894 30.342957, -97.549763 30.343021, -97.548698 30.343381, -97.5485 30.343448, -97.547613 30.343533, -97.547215 30.343571, -97.546314 30.343565, -97.545818 30.343527, -97.54572 30.343519, -97.545222 30.343477, -97.544997 30.343457, -97.544915 30.343451, -97.544364 30.343403, -97.542575 30.343248, -97.541672 30.343141, -97.541013 30.343063, -97.54032 30.342982, -97.540271 30.342977, -97.539957 30.342885, -97.538655 30.342502, -97.536333 30.34182, -97.531446 30.340384, -97.531317 30.340346, -97.530478 30.340099, -97.530281 30.340042, -97.530202 30.340018, -97.530162 30.340007, -97.529612 30.339895, -97.529197 30.339773, -97.528693 30.339627, -97.526424 30.338935, -97.526002 30.338806, -97.525686 30.338709, -97.524019 30.338201, -97.523578 30.338071, -97.523518 30.338054, -97.522978 30.337894, -97.522833 30.337852, -97.521225 30.33738, -97.520364 30.337126, -97.520279 30.337106, -97.519648 30.336936, -97.518962 30.336751, -97.517292 30.3363, -97.516188 30.336001, -97.51446 30.335535, -97.513348 30.335235, -97.513327 30.335229, -97.511954 30.334859, -97.511412 30.334713, -97.511372 30.334724, -97.510996 30.33483, -97.510673 30.334991, -97.510793 30.334372, -97.510787 30.334312, -97.510785 30.334288, -97.510759 30.334027, -97.509039 30.333478, -97.506862 30.332784, -97.504973 30.332302, -97.508775 30.32625, -97.51074 30.323123, -97.511152 30.322467, -97.511198 30.322466, -97.511429 30.322471, -97.511578 30.322468, -97.511736 30.322477, -97.51197 30.322503, -97.51199 30.32251, -97.512107 30.322523, -97.512251 30.322489, -97.512306 30.322506, -97.512364 30.322573, -97.512535 30.322573, -97.512589 30.322578, -97.512612 30.322609, -97.512604 30.322819, -97.512618 30.322849, -97.51269 30.322866, -97.512736 30.32287, -97.512832 30.32286, -97.512899 30.32287, -97.512969 30.3229, -97.513018 30.322949, -97.51306 30.323001, -97.513141 30.32303, -97.513242 30.323054, -97.513398 30.323136, -97.513509 30.323245, -97.513765 30.323533, -97.513849 30.323642, -97.513904 30.323702, -97.513952 30.323739, -97.514075 30.32381, -97.514191 30.323893, -97.514268 30.323931, -97.514339 30.323956, -97.514507 30.323965, -97.514564 30.323972, -97.514685 30.324013, -97.514818 30.324052, -97.514845 30.324068, -97.514888 30.324113, -97.514897 30.32413, -97.514867 30.324222, -97.514901 30.324395, -97.514919 30.324427, -97.515053 30.324534, -97.515076 30.324563, -97.515126 30.324579, -97.515233 30.324596, -97.51526 30.324586, -97.515341 30.324516, -97.515418 30.324475, -97.515459 30.32446, -97.515496 30.324469, -97.515566 30.324503, -97.515603 30.324507, -97.515634 30.324502, -97.515651 30.324486, -97.515784 30.324235, -97.515804 30.324219, -97.515849 30.324212, -97.515988 30.324223, -97.516198 30.32431, -97.516339 30.324405, -97.516347 30.324442, -97.516343 30.324513, -97.516372 30.324565, -97.516437 30.324607, -97.516599 30.32466, -97.516778 30.324753, -97.516936 30.324872, -97.517083 30.324989, -97.51717 30.324992, -97.517211 30.325025, -97.517243 30.325089, -97.517305 30.325171, -97.517472 30.325359, -97.51765 30.325597, -97.517932 30.326047, -97.517957 30.326112, -97.517965 30.326192, -97.517983 30.326259, -97.51801 30.3263, -97.518087 30.326366, -97.518164 30.326416, -97.518236 30.32645, -97.518369 30.326498, -97.51878 30.326627, -97.518928 30.326659, -97.519295 30.326711, -97.519577 30.326745, -97.519702 30.326748, -97.520091 30.326793, -97.520222 30.3268, -97.520457 30.326791, -97.520575 30.326778, -97.520628 30.326783, -97.520776 30.326829, -97.520859 30.326848, -97.52094 30.326852, -97.520972 30.326847, -97.521012 30.326816, -97.521076 30.326751, -97.521092 30.326739, -97.521187 30.326704, -97.521882 30.32651, -97.521933 30.326502, -97.522068 30.326499, -97.522196 30.326507, -97.522457 30.32654, -97.522649 30.326571, -97.522766 30.32662, -97.523003 30.3267, -97.523153 30.326758, -97.523277 30.3268, -97.523425 30.32684, -97.523534 30.326859, -97.523714 30.326869, -97.523877 30.326876, -97.523969 30.326892, -97.524334 30.326998, -97.524369 30.326996, -97.524466 30.326958, -97.524556 30.326932, -97.524661 30.326936, -97.524817 30.32692, -97.525028 30.326884, -97.52516 30.32687, -97.525226 30.326874, -97.525319 30.326897, -97.52538 30.326908, -97.525768 30.326917, -97.525832 30.32693, -97.525887 30.326958, -97.526005 30.327048, -97.526085 30.327104, -97.526231 30.327197, -97.526388 30.327278, -97.526432 30.327295, -97.526558 30.327344, -97.526832 30.327403, -97.526959 30.327409, -97.527065 30.327408, -97.527264 30.32738, -97.527346 30.327361, -97.527489 30.327317, -97.527601 30.327271, -97.52766 30.327238, -97.527694 30.327207, -97.527718 30.327161, -97.527767 30.326992, -97.527786 30.326898, -97.527805 30.326838, -97.527858 30.326743, -97.527919 30.326659, -97.527959 30.326618, -97.528013 30.326578, -97.528069 30.32656, -97.528156 30.326557, -97.528247 30.326572, -97.52832 30.326604, -97.528373 30.326651, -97.528417 30.326694, -97.528511 30.326762, -97.528606 30.326821, -97.528762 30.326902, -97.528876 30.326948, -97.528956 30.326965, -97.529017 30.326967, -97.529189 30.326947, -97.529352 30.326934, -97.529444 30.326932, -97.529481 30.326861, -97.529546 30.32676, -97.529587 30.326765, -97.529791 30.326769, -97.52989 30.326785, -97.529979 30.326808, -97.529997 30.326798, -97.530025 30.326792, -97.53017 30.326783, -97.530225 30.32679, -97.530267 30.326815, -97.530354 30.326898, -97.530447 30.327038, -97.530469 30.327054, -97.530643 30.327117, -97.530705 30.327128, -97.530747 30.327146, -97.530998 30.327316, -97.531065 30.327374, -97.53133 30.327633, -97.531346 30.327656, -97.531362 30.327699, -97.531369 30.327771, -97.53136 30.327814, -97.531338 30.327845, -97.53128 30.327886, -97.531221 30.327919, -97.531143 30.327945, -97.531072 30.327974, -97.53102 30.328009, -97.530946 30.328085, -97.530885 30.328156, -97.530866 30.328189, -97.530844 30.328254, -97.530832 30.328331, -97.530825 30.328538, -97.530835 30.328727, -97.530817 30.32891, -97.530813 30.328992, -97.530869 30.329275, -97.53087 30.329331, -97.530849 30.329404, -97.530778 30.329563, -97.530678 30.329732, -97.530654 30.329779, -97.530632 30.32981, -97.530604 30.329827, -97.530342 30.329903, -97.530293 30.329924, -97.530268 30.329946, -97.530255 30.329974, -97.530243 30.330175, -97.53024 30.330252, -97.530231 30.330282, -97.530189 30.330348, -97.530122 30.330509, -97.530111 30.33057, -97.530111 30.330676, -97.530122 30.330754, -97.530145 30.330819, -97.530229 30.33097, -97.530293 30.3311, -97.530457 30.331381, -97.530468 30.33141, -97.530476 30.331477, -97.530493 30.331524, -97.53053 30.331578, -97.530656 30.331711, -97.530687 30.331785, -97.530713 30.331826, -97.53075 30.331847, -97.530788 30.331856, -97.530867 30.331856, -97.530962 30.331832, -97.531036 30.331824, -97.531229 30.331825, -97.53143 30.331791, -97.531466 30.33178, -97.53168 30.331677, -97.531735 30.331669, -97.53186 30.33168, -97.531954 30.331664, -97.532034 30.331668, -97.532095 30.331682, -97.532164 30.331708, -97.532243 30.331756, -97.532309 30.331832, -97.532451 30.331933, -97.532586 30.332052, -97.532614 30.332083, -97.532709 30.332237, -97.53274 30.332272, -97.532802 30.332304, -97.532896 30.332332, -97.533017 30.332352, -97.533351 30.332383, -97.533375 30.332376, -97.533413 30.332352, -97.533445 30.332326, -97.533486 30.332273, -97.533522 30.332182, -97.533543 30.332162, -97.53358 30.332144, -97.533653 30.332124, -97.533723 30.332119, -97.533788 30.332124, -97.533852 30.33211, -97.533949 30.332058, -97.534186 30.33201, -97.534215 30.332021, -97.534229 30.332039, -97.534234 30.332078, -97.534218 30.332136, -97.534214 30.332175, -97.534219 30.332193, -97.534348 30.332241, -97.534385 30.33225, -97.534434 30.332247, -97.534505 30.332219, -97.534587 30.332196, -97.534625 30.332192, -97.53465 30.332198, -97.534668 30.332217, -97.53468 30.33225, -97.534678 30.332297, -97.534635 30.332432, -97.534627 30.332497, -97.534636 30.332533, -97.534664 30.332608, -97.534689 30.332638, -97.534715 30.332651, -97.534769 30.332657, -97.534796 30.332651, -97.53482 30.332651, -97.534865 30.33268, -97.534897 30.332734, -97.534953 30.33278, -97.53506 30.332847, -97.535127 30.332878, -97.535176 30.332886, -97.535232 30.332873, -97.535275 30.33287, -97.535296 30.332801, -97.535322 30.332781, -97.535347 30.332714, -97.535392 30.332631, -97.535396 30.332605, -97.535411 30.332564, -97.535432 30.332541, -97.535474 30.332514, -97.535544 30.332482, -97.535601 30.332464, -97.535635 30.332462, -97.535853 30.332508, -97.535887 30.332508, -97.53591 30.332499, -97.535968 30.332439, -97.536055 30.332381, -97.536159 30.332329, -97.536224 30.332309, -97.53639 30.332282, -97.536524 30.332238, -97.536605 30.332201, -97.536664 30.332163, -97.536713 30.332113, -97.536768 30.332029, -97.536831 30.331891, -97.536872 30.331726, -97.53691 30.331649, -97.537028 30.331441, -97.53712 30.331306, -97.537152 30.331248, -97.537166 30.331188, -97.537158 30.331107, -97.537114 30.330953, -97.537114 30.330909, -97.537129 30.33087, -97.537294 30.330686, -97.537302 30.330662, -97.537283 30.330436, -97.537281 30.330353, -97.537294 30.330259, -97.537309 30.330218, -97.537332 30.330189, -97.537396 30.330154, -97.537419 30.330128, -97.537518 30.329962, -97.537567 30.329904, -97.537695 30.329794, -97.537724 30.329764, -97.537791 30.329665, -97.537839 30.329578, -97.537876 30.329531, -97.537966 30.329481, -97.538137 30.329351, -97.538222 30.329295, -97.5383 30.329259, -97.538374 30.329263, -97.538523 30.329209, -97.53854 30.329197, -97.538566 30.329137, -97.538577 30.329075, -97.538577 30.328792, -97.53857 30.328743, -97.538546 30.328659, -97.538509 30.32859, -97.538399 30.328438, -97.53835 30.328408, -97.538334 30.328388, -97.538326 30.328348, -97.5383 30.328279, -97.538274 30.328239, -97.538237 30.328215, -97.538203 30.328203, -97.538184 30.32819, -97.538165 30.328117, -97.538163 30.328035, -97.538173 30.327983, -97.538202 30.327927, -97.538262 30.327849, -97.538313 30.327804, -97.538368 30.327771, -97.538492 30.32772, -97.53868 30.327664, -97.538733 30.327652, -97.539111 30.327676, -97.539265 30.327676, -97.539482 30.327652, -97.539552 30.327653, -97.539603 30.327643, -97.539654 30.327613, -97.539757 30.327529, -97.539783 30.327495, -97.53981 30.327406, -97.539843 30.327327, -97.539866 30.327307, -97.539909 30.327291, -97.540047 30.327276, -97.54027 30.32724, -97.540456 30.327234, -97.540601 30.327215, -97.540623 30.327217, -97.54067 30.327214, -97.540754 30.327188, -97.540911 30.327122, -97.540983 30.327107, -97.54101 30.327083, -97.541096 30.326929, -97.541123 30.326895, -97.541164 30.326862, -97.541281 30.326801, -97.541297 30.326789, -97.541294 30.326764, -97.54124 30.326675, -97.541227 30.326636, -97.541212 30.326616, -97.54117 30.326596, -97.541087 30.326583, -97.541065 30.32656, -97.541058 30.32653, -97.541067 30.326478, -97.541162 30.326228, -97.541175 30.326171, -97.541185 30.326148, -97.541208 30.326121, -97.541232 30.326114, -97.541302 30.326121, -97.541386 30.326152, -97.541407 30.326146, -97.541518 30.326033, -97.541607 30.325915, -97.54164 30.32589, -97.541919 30.325782, -97.542189 30.325649, -97.542362 30.325574, -97.542396 30.325547, -97.542416 30.325481, -97.542418 30.3254, -97.542418 30.325375, -97.542439 30.325358, -97.54246 30.325349, -97.542531 30.325348, -97.542678 30.325361, -97.542708 30.325374, -97.542734 30.325399, -97.542797 30.325484, -97.542818 30.325486, -97.542861 30.325478, -97.542878 30.325465, -97.542901 30.325411, -97.542921 30.325348, -97.542935 30.325333, -97.543011 30.325293, -97.54315 30.325241, -97.543192 30.325183, -97.543218 30.325172, -97.543249 30.32517, -97.543343 30.325177, -97.543369 30.325174, -97.543423 30.32516, -97.543457 30.325142, -97.543605 30.324986, -97.543687 30.324941, -97.54374 30.324893, -97.54378 30.324844, -97.543857 30.324727, -97.543896 30.324645, -97.543926 30.324616, -97.543954 30.324602, -97.544226 30.324539, -97.545446 30.326541, -97.547468 30.329857, -97.54798 30.330698, -97.548194 30.331049, -97.548623 30.331752, -97.548854 30.332129, -97.548874 30.332162, -97.548912 30.332225, -97.54932 30.332895, -97.549619 30.333386, -97.549885 30.333823, -97.550048 30.33409, -97.550689 30.335142, -97.550713 30.335154, -97.551972 30.335789, -97.553568 30.336594, -97.554205 30.336921, -97.55537 30.3371, -97.555892 30.337195, -97.556281 30.337266, -97.557439 30.337484, -97.558385 30.337642, -97.558479 30.337677, -97.558314 30.338462, -97.558296 30.33853, -97.559253 30.338733, -97.560342 30.338947, -97.560263 30.339358))",31.8,963.0,68533.0,0.0,26.0,5942421.525108114,0.00016205514804547286
"POLYGON ((-97.767419 30.253554, -97.766982 30.254239, -97.766946 30.254294, -97.766534 30.254946, -97.766224 30.25544, -97.765668 30.256345, -97.765219 30.257023, -97.764751 30.257778, -97.763882 30.257266, -97.763528 30.257087, -97.763993 30.256357, -97.764428 30.255673, -97.762287 30.254719, -97.762587 30.254248, -97.763145 30.253387, -97.763546 30.252938, -97.763822 30.252662, -97.765707 30.253587, -97.765854 30.253368, -97.766522 30.252385, -97.767772 30.253001, -97.767419 30.253554))",33.7,1596.0,53042.0,249.0,38.0,144198.03474032585,0.011068112009113734
"POLYGON ((-97.77933 30.235338, -97.778257 30.236995, -97.778016 30.237339, -97.776859 30.239109, -97.775718 30.238608, -97.775433 30.238438, -97.774908 30.238234, -97.773663 30.237615, -97.773295 30.237424, -97.773096 30.237401, -97.773859 30.235213, -97.774424 30.233623, -97.774931 30.232195, -97.775362 30.230873, -97.77566 30.230012, -97.775765 30.230057, -97.776224 30.230254, -97.776603 30.230328, -97.7771 30.230214, -97.777199 30.231113, -97.777381 30.231914, -97.777403 30.232162, -97.777512 30.232805, -97.777607 30.233247, -97.777704 30.233694, -97.777882 30.234517, -97.778451 30.234928, -97.77933 30.235338))",30.0,1254.0,113750.0,38.0,0.0,317562.47571538144,0.0039488292726496755
"POLYGON ((-97.784406 30.228267, -97.784279 30.228441, -97.784149 30.228631, -97.784077 30.228736, -97.78392 30.228974, -97.783804 30.229151, -97.782978 30.23045, -97.782178 30.231729, -97.781482 30.232873, -97.78103 30.233373, -97.779851 30.234678, -97.77933 30.235338, -97.778451 30.234928, -97.777882 30.234517, -97.777704 30.233694, -97.777607 30.233247, -97.777512 30.232805, -97.777403 30.232162, -97.777381 30.231914, -97.777199 30.231113, -97.7771 30.230214, -97.776603 30.230328, -97.776224 30.230254, -97.775765 30.230057, -97.77566 30.230012, -97.776353 30.22801, -97.776439 30.227764, -97.776469 30.227674, -97.776492 30.22758, -97.776594 30.227581, -97.777694 30.227593, -97.778947 30.227655, -97.779489 30.227682, -97.779842 30.227698, -97.78129 30.227762, -97.781323 30.227763, -97.781731 30.22779, -97.782375 30.227852, -97.783232 30.227979, -97.783704 30.228084, -97.784368 30.228256, -97.784406 30.228267))",32.3,1008.0,60167.0,76.0,13.0,409999.70600069826,0.002458538348313555
"POLYGON ((-97.909653 30.192578, -97.908891 30.19422, -97.908709 30.194499, -97.908425 30.194834, -97.908174 30.19505, -97.907981 30.195203, -97.907618 30.195408, -97.905219 30.196567, -97.904816 30.196743, -97.903827 30.197204, -97.90317 30.197474, -97.902876 30.197568, -97.902692 30.197594, -97.902181 30.197607, -97.901853 30.197581, -97.901402 30.197513, -97.900422 30.197381, -97.900324 30.197364, -97.900209 30.197347, -97.898827 30.19716, -97.898047 30.197026, -97.897774 30.196949, -97.897479 30.196832, -97.897197 30.196704, -97.894366 30.195378, -97.893705 30.195079, -97.893447 30.194967, -97.89297 30.194812, -97.893396 30.194094, -97.8935 30.193901, -97.893531 30.193794, -97.893541 30.193696, -97.893536 30.193596, -97.893526 30.193541, -97.893455 30.193339, -97.893129 30.192582, -97.894269 30.192002, -97.894841 30.19141, -97.895454 30.191727, -97.895475 30.191738, -97.895705 30.191842, -97.895898 30.191923, -97.896004 30.191959, -97.896085 30.191987, -97.896296 30.192018, -97.896595 30.191977, -97.896867 30.191889, -97.897153 30.191757, -97.89736 30.191662, -97.897689 30.191481, -97.89791 30.191273, -97.898109 30.190925, -97.898132 30.190816, -97.898201 30.190481, -97.898125 30.189773, -97.89807 30.189255, -97.897909 30.188864, -97.89846 30.188553, -97.898616 30.188443, -97.898662 30.188403, -97.898938 30.188182, -97.899309 30.187788, -97.899396 30.18769, -97.899779 30.187287, -97.900114 30.187051, -97.900309 30.186947, -97.900631 30.186775, -97.901247 30.1865, -97.901297 30.186474, -97.901947 30.186142, -97.90219 30.185995, -97.902381 30.185879, -97.902765 30.185671, -97.9028 30.185667, -97.903145 30.185622, -97.903324 30.185614, -97.90355 30.185628, -97.903824 30.185687, -97.904026 30.185729, -97.904318 30.185841, -97.904688 30.18601, -97.904584 30.186224, -97.904553 30.186321, -97.904545 30.186476, -97.904557 30.186769, -97.904565 30.186967, -97.904634 30.187184, -97.904703 30.187303, -97.904776 30.187428, -97.904976 30.187593, -97.90537 30.187838, -97.905875 30.188116, -97.906047 30.188227, -97.906135 30.188327, -97.906347 30.188736, -97.906457 30.189026, -97.906455 30.189207, -97.906393 30.189509, -97.906347 30.189696, -97.906359 30.189929, -97.906536 30.1903, -97.90666 30.190492, -97.906808 30.190651, -97.907012 30.190776, -97.907245 30.190895, -97.907461 30.190975, -97.907654 30.191066, -97.907853 30.191214, -97.908142 30.191587, -97.908408 30.191926, -97.908571 30.192074, -97.908717 30.19219, -97.908954 30.192323, -97.909653 30.192578))",40.6,2252.0,250001.0,0.0,0.0,1232316.2713233237,0.0018274529456481883
"POLYGON ((-97.768984 30.246016, -97.768864 30.246123, -97.76734 30.247274, -97.7668 30.247682, -97.766694 30.247762, -97.76653 30.247887, -97.764837 30.249181, -97.764766 30.249159, -97.764351 30.248983, -97.764018 30.248889, -97.763205 30.24866, -97.762685 30.249607, -97.76147 30.249225, -97.760595 30.248982, -97.760053 30.248773, -97.759789 30.248704, -97.758591 30.248353, -97.757204 30.247874, -97.755824 30.247448, -97.756339 30.246564, -97.756895 30.245723, -97.75695 30.245627, -97.757678 30.244465, -97.758438 30.243298, -97.758853 30.242629, -97.759622 30.242111, -97.760514 30.242533, -97.761366 30.242779, -97.762246 30.243041, -97.763141 30.243332, -97.763896 30.243572, -97.764334 30.243939, -97.76508 30.244264, -97.76781 30.245117, -97.768309 30.245365, -97.768582 30.245501, -97.768973 30.245999, -97.768984 30.246016))",37.7,981.0,124794.0,0.0,0.0,598074.2252416883,0.0016402646337142638
"POLYGON ((-97.788224 30.230092, -97.788054 30.230361, -97.787622 30.231009, -97.786994 30.231907, -97.786355 30.232841, -97.785781 30.233814, -97.784297 30.236147, -97.784259 30.236211, -97.783685 30.237196, -97.7836 30.23734, -97.783211 30.238012, -97.78311 30.238184, -97.783001 30.238373, -97.782965 30.238436, -97.782806 30.238753, -97.782316 30.239738, -97.782208 30.240103, -97.782151 30.240296, -97.782181 30.240846, -97.782203 30.241342, -97.78222 30.241749, -97.781954 30.242162, -97.781665 30.242613, -97.780702 30.24178, -97.780524 30.241465, -97.780239 30.240964, -97.780169 30.240893, -97.779962 30.240681, -97.779183 30.240275, -97.778585 30.239975, -97.776859 30.239109, -97.778016 30.237339, -97.778257 30.236995, -97.77933 30.235338, -97.779851 30.234678, -97.78103 30.233373, -97.781482 30.232873, -97.782178 30.231729, -97.782978 30.23045, -97.783804 30.229151, -97.78392 30.228974, -97.784077 30.228736, -97.784149 30.228631, -97.784279 30.228441, -97.784406 30.228267, -97.784983 30.228429, -97.785603 30.22864, -97.785974 30.228782, -97.786096 30.228845, -97.786569 30.229044, -97.786915 30.229205, -97.787149 30.229309, -97.788191 30.229827, -97.788341 30.229902, -97.788224 30.230092))",34.7,1321.0,98173.0,18.0,93.0,659191.3631410428,0.0020039704308403607
"POLYGON ((-98.009025 30.449935, -98.008755 30.450006, -98.0084 30.4501, -98.008056 30.45019, -98.007654 30.450296, -98.007553 30.450303, -98.006768 30.450358, -98.005935 30.45037, -98.005247 30.452032, -98.003844 30.453026, -98.002484 30.453989, -98.000276 30.455893, -97.999396 30.457061, -97.99874 30.458789, -97.998628 30.461029, -97.998772 30.4619, -97.999114 30.464163, -97.999124 30.464229, -97.999387 30.464773, -98.000612 30.467301, -98.000638 30.467365, -98.001892 30.470452, -98.002356 30.47186, -98.002852 30.473636, -98.003027 30.473905, -98.002695 30.474297, -98.002666 30.474333, -98.002101 30.475001, -98.00203 30.475085, -98.00085 30.476485, -98.0002 30.477256, -97.998605 30.479148, -97.998298 30.479509, -97.998168 30.479666, -97.997831 30.480589, -97.997621 30.481155, -97.997223 30.481732, -97.997158 30.481733, -97.996969 30.48176, -97.996779 30.481786, -97.994525 30.482058, -97.994065 30.482114, -97.99394 30.48215, -97.993812 30.482195, -97.993757 30.482215, -97.993499 30.482375, -97.992807 30.481779, -97.992442 30.481554, -97.993049 30.48081, -97.993781 30.4799, -97.993573 30.479719, -97.99163 30.47848, -97.990339 30.477756, -97.989739 30.477433, -97.989495 30.477347, -97.989126 30.477309, -97.988092 30.477138, -97.98717 30.477006, -97.986207 30.476874, -97.986356 30.476416, -97.98533 30.476316, -97.984244 30.476212, -97.983475 30.476122, -97.983048 30.476043, -97.982695 30.475932, -97.982227 30.475732, -97.982058 30.475692, -97.981937 30.475676, -97.981721 30.475676, -97.980571 30.475881, -97.979668 30.476046, -97.979306 30.47608, -97.9784 30.476072, -97.978189 30.476109, -97.977969 30.476152, -97.977557 30.476244, -97.977274 30.476296, -97.977009 30.476313, -97.976449 30.476272, -97.976157 30.476203, -97.975828 30.476147, -97.975428 30.476129, -97.97536 30.476133, -97.975107 30.476148, -97.974902 30.476164, -97.974722 30.476181, -97.974708 30.476081, -97.974702 30.47602, -97.974655 30.475531, -97.974556 30.47473, -97.97452 30.474421, -97.974464 30.474147, -97.975008 30.474067, -97.975181 30.473979, -97.975472 30.473787, -97.975682 30.473593, -97.976009 30.473302, -97.976232 30.47308, -97.97642 30.472864, -97.976598 30.472611, -97.976693 30.472445, -97.976767 30.472218, -97.976822 30.471853, -97.976799 30.470932, -97.976805 30.470703, -97.976858 30.470369, -97.97691 30.47019, -97.977353 30.468677, -97.977431 30.46841, -97.977572 30.468022, -97.977608 30.467898, -97.977608 30.467794, -97.977598 30.467535, -97.977574 30.467441, -97.977551 30.467349, -97.977285 30.466481, -97.977255 30.466348, -97.977231 30.466242, -97.977222 30.466202, -97.977214 30.466072, -97.977222 30.465899, -97.977234 30.465737, -97.977288 30.465574, -97.977384 30.46539, -97.977504 30.465215, -97.977705 30.464997, -97.97837 30.46446, -97.978747 30.464182, -97.979108 30.463922, -97.979324 30.463739, -97.979457 30.463589, -97.979562 30.463445, -97.979651 30.463245, -97.979712 30.463029, -97.979723 30.462857, -97.979684 30.462647, -97.979634 30.462447, -97.979557 30.462231, -97.97945 30.461976, -97.979425 30.461898, -97.979344 30.461619, -97.979302 30.461378, -97.97926 30.460997, -97.979207 30.460258, -97.979211 30.460172, -97.97922 30.460058, -97.979239 30.459954, -97.979285 30.459814, -97.979363 30.459632, -97.979418 30.459539, -97.979548 30.459349, -97.979919 30.458976, -97.98023 30.458613, -97.980367 30.458454, -97.980478 30.458278, -97.980556 30.458058, -97.980598 30.457893, -97.980611 30.457745, -97.980594 30.457614, -97.980531 30.45736, -97.980095 30.455931, -97.979905 30.455267, -97.979793 30.454943, -97.981309 30.454296, -97.981768 30.454075, -97.982059 30.453923, -97.98247 30.453686, -97.982698 30.45356, -97.982876 30.453479, -97.983028 30.453424, -97.983375 30.453361, -97.983823 30.453295, -97.985074 30.453201, -97.985373 30.453184, -97.985516 30.453201, -97.985667 30.453245, -97.985982 30.453376, -97.986782 30.453747, -97.987183 30.453958, -97.98788 30.454287, -97.990785 30.455668, -97.991028 30.455826, -97.991649 30.456085, -97.992551 30.456523, -97.992702 30.456583, -97.992811 30.456622, -97.993005 30.456648, -97.993269 30.456635, -97.993521 30.456641, -97.99374 30.456616, -97.993934 30.456545, -97.994082 30.456415, -97.994186 30.456261, -97.994244 30.456112, -97.994347 30.455738, -97.994457 30.455473, -97.994521 30.455306, -97.994563 30.455109, -97.994746 30.454916, -97.994921 30.454762, -97.995019 30.45467, -97.995111 30.454558, -97.99517 30.454446, -97.995206 30.454347, -97.99522 30.454263, -97.995197 30.45385, -97.995097 30.453285, -97.995532 30.452839, -97.996262 30.452088, -97.997498 30.450824, -97.99773 30.450599, -97.997857 30.450501, -97.998089 30.450367, -97.998247 30.450232, -97.998537 30.450148, -97.998799 30.45009, -97.998928 30.450035, -97.998996 30.449977, -97.999028 30.449896, -97.999054 30.449747, -97.999057 30.449525, -97.999073 30.449337, -97.999102 30.449205, -97.999164 30.449037, -97.999244 30.44885, -97.999425 30.448571, -97.99957 30.44834, -97.99979 30.447989, -97.999914 30.447813, -98.000006 30.44772, -98.000455 30.447957, -98.000636 30.448038, -98.000752 30.448054, -98.000862 30.448041, -98.001001 30.447976, -98.001178 30.44787, -98.00143 30.447699, -98.001633 30.447531, -98.001787 30.447399, -98.001958 30.447194, -98.002086 30.446998, -98.002202 30.446665, -98.002237 30.44618, -98.003357 30.446054, -98.00359 30.445989, -98.004218 30.445795, -98.005118 30.445585, -98.005285 30.445965, -98.005438 30.446249, -98.005574 30.446428, -98.005745 30.446605, -98.00591 30.446741, -98.006078 30.446854, -98.005945 30.447059, -98.00591 30.447125, -98.005881 30.447212, -98.005849 30.447334, -98.005835 30.447426, -98.005841 30.447553, -98.005864 30.447681, -98.005913 30.447828, -98.005968 30.447967, -98.006049 30.44808, -98.006193 30.448213, -98.006407 30.448359, -98.006841 30.448641, -98.007107 30.448783, -98.007272 30.448852, -98.007446 30.448898, -98.007634 30.44891, -98.007799 30.448901, -98.007903 30.448878, -98.008004 30.448829, -98.008108 30.448757, -98.008151 30.448707, -98.008649 30.448861, -98.008353 30.44905, -98.008148 30.44922, -98.008065 30.449291, -98.008241 30.449271, -98.008503 30.449391, -98.009424 30.449814, -98.009025 30.449935))",57.8,1474.0,99018.0,0.0,19.0,6269363.635774342,0.0002351115815948269
"POLYGON ((-97.989956 30.415074, -97.989875 30.415387, -97.989595 30.416027, -97.989483 30.416253, -97.989091 30.416909, -97.98888 30.417275, -97.988675 30.417571, -97.988514 30.417818, -97.988364 30.417974, -97.988091 30.418184, -97.98788 30.418339, -97.987614 30.418458, -97.986781 30.418764, -97.986589 30.418866, -97.986514 30.418895, -97.986261 30.418995, -97.986094 30.419038, -97.985908 30.419086, -97.98595 30.419094, -97.986013 30.419107, -97.985968 30.419439, -97.985955 30.419527, -97.985923 30.419991, -97.985907 30.420647, -97.985571 30.421383, -97.985807 30.421242, -97.985974 30.421208, -97.986149 30.421202, -97.986357 30.421242, -97.986308 30.421395, -97.986392 30.421449, -97.986197 30.421817, -97.98618 30.42184, -97.986015 30.422056, -97.985892 30.422218, -97.985778 30.4227, -97.985775 30.42286, -97.985879 30.42309, -97.986341 30.423549, -97.986476 30.423852, -97.986618 30.42414, -97.98679 30.424421, -97.9877 30.425348, -97.988056 30.425868, -97.988076 30.426139, -97.987862 30.42773, -97.987841 30.427884, -97.987819 30.428154, -97.987764 30.428828, -97.987791 30.429074, -97.987859 30.429174, -97.98797 30.429308, -97.988243 30.429453, -97.989166 30.429894, -97.989595 30.430072, -97.989662 30.430123, -97.989699 30.430167, -97.989721 30.430206, -97.989743 30.430281, -97.989743 30.430347, -97.989727 30.430413, -97.989712 30.430443, -97.989165 30.430911, -97.988952 30.431105, -97.988739 30.431393, -97.988645 30.431691, -97.98865 30.431908, -97.9887 30.432107, -97.988781 30.432345, -97.989189 30.432996, -97.989205 30.433076, -97.989161 30.433188, -97.988917 30.433475, -97.988841 30.433545, -97.988129 30.434097, -97.988006 30.434217, -97.987915 30.434317, -97.987826 30.43442, -97.987729 30.434594, -97.987634 30.434805, -97.987518 30.435108, -97.987232 30.435874, -97.987157 30.436144, -97.986675 30.436333, -97.986241 30.436303, -97.986063 30.436231, -97.985559 30.436029, -97.98537 30.435953, -97.985322 30.436023, -97.984905 30.435815, -97.984955 30.435747, -97.984564 30.435575, -97.984314 30.435469, -97.984289 30.435458, -97.983204 30.43499, -97.983133 30.434937, -97.98306 30.434844, -97.982806 30.434518, -97.982563 30.434207, -97.982484 30.434105, -97.98232 30.433896, -97.981876 30.433735, -97.981682 30.433665, -97.979993 30.433149, -97.979637 30.43304, -97.979187 30.432902, -97.978436 30.432673, -97.978073 30.432587, -97.978 30.432581, -97.9779 30.432579, -97.977771 30.432609, -97.977656 30.432647, -97.977365 30.432767, -97.977652 30.433249, -97.977904 30.433699, -97.978572 30.434541, -97.978991 30.43507, -97.979448 30.435713, -97.979702 30.436203, -97.979786 30.436593, -97.979803 30.437218, -97.979697 30.442505, -97.979702 30.442837, -97.979697 30.44348, -97.979693 30.44367, -97.979697 30.443818, -97.979723 30.444025, -97.979774 30.444248, -97.979824 30.444395, -97.979943 30.444674, -97.980057 30.444898, -97.980243 30.445245, -97.980446 30.44563, -97.980573 30.445905, -97.980628 30.446074, -97.98067 30.446252, -97.980708 30.446463, -97.980737 30.446963, -97.980691 30.447216, -97.980611 30.447504, -97.980535 30.447698, -97.980463 30.447838, -97.980387 30.44796, -97.980281 30.4481, -97.979193 30.44952, -97.979025 30.449775, -97.978932 30.449982, -97.978881 30.450121, -97.978843 30.450341, -97.978835 30.450527, -97.978847 30.450735, -97.978902 30.45099, -97.979116 30.451745, -97.979237 30.452806, -97.979286 30.453129, -97.979351 30.453489, -97.979429 30.45382, -97.979649 30.454565, -97.97968 30.454699, -97.97971 30.454763, -97.979793 30.454943, -97.979905 30.455267, -97.980095 30.455931, -97.980531 30.45736, -97.980594 30.457614, -97.980611 30.457745, -97.980598 30.457893, -97.980556 30.458058, -97.980478 30.458278, -97.980367 30.458454, -97.98023 30.458613, -97.979919 30.458976, -97.979548 30.459349, -97.979418 30.459539, -97.979363 30.459632, -97.979285 30.459814, -97.979239 30.459954, -97.97922 30.460058, -97.979211 30.460172, -97.979207 30.460258, -97.97926 30.460997, -97.979302 30.461378, -97.979344 30.461619, -97.979425 30.461898, -97.97945 30.461976, -97.979557 30.462231, -97.979634 30.462447, -97.979684 30.462647, -97.979723 30.462857, -97.979712 30.463029, -97.979651 30.463245, -97.979562 30.463445, -97.979457 30.463589, -97.979324 30.463739, -97.979108 30.463922, -97.978747 30.464182, -97.97837 30.46446, -97.977705 30.464997, -97.977504 30.465215, -97.977384 30.46539, -97.977288 30.465574, -97.977234 30.465737, -97.977222 30.465899, -97.977214 30.466072, -97.977222 30.466202, -97.977231 30.466242, -97.977255 30.466348, -97.977285 30.466481, -97.977551 30.467349, -97.977574 30.467441, -97.977598 30.467535, -97.977608 30.467794, -97.977608 30.467898, -97.977572 30.468022, -97.977431 30.46841, -97.977353 30.468677, -97.97691 30.47019, -97.976858 30.470369, -97.976805 30.470703, -97.976799 30.470932, -97.976822 30.471853, -97.976767 30.472218, -97.976693 30.472445, -97.976598 30.472611, -97.97642 30.472864, -97.976232 30.47308, -97.976009 30.473302, -97.975682 30.473593, -97.975472 30.473787, -97.975181 30.473979, -97.975008 30.474067, -97.974464 30.474147, -97.974369 30.47391, -97.974266 30.473716, -97.974148 30.473535, -97.974019 30.473357, -97.973878 30.473189, -97.973644 30.472978, -97.973347 30.472744, -97.972781 30.472337, -97.972435 30.472079, -97.971865 30.471651, -97.971496 30.471394, -97.971467 30.471378, -97.971205 30.471232, -97.97102 30.471142, -97.970791 30.471052, -97.970514 30.470966, -97.970305 30.470903, -97.970084 30.470849, -97.969925 30.47082, -97.969793 30.470803, -97.969566 30.47078, -97.969326 30.47077, -97.969066 30.47078, -97.968868 30.4708, -97.968504 30.470868, -97.967113 30.471257, -97.96646 30.471457, -97.966337 30.471496, -97.965958 30.471616, -97.965279 30.471826, -97.965214 30.47175, -97.965135 30.471691, -97.965067 30.471591, -97.964878 30.471371, -97.964775 30.471339, -97.964734 30.471322, -97.964646 30.471273, -97.964454 30.471153, -97.964366 30.471106, -97.9641 30.470991, -97.963876 30.470876, -97.963709 30.470801, -97.963478 30.470705, -97.963404 30.470685, -97.963341 30.470668, -97.963251 30.47064, -97.963154 30.470623, -97.962984 30.470613, -97.962814 30.470613, -97.962693 30.470623, -97.962576 30.470641, -97.962356 30.470637, -97.962288 30.47063, -97.962104 30.470568, -97.962021 30.47052, -97.961835 30.470443, -97.961672 30.470386, -97.961589 30.470378, -97.961549 30.470363, -97.961431 30.470307, -97.96133 30.470283, -97.961288 30.470277, -97.961131 30.470214, -97.961015 30.47015, -97.960816 30.470021, -97.960794 30.47002, -97.960717 30.470046, -97.960603 30.470029, -97.960521 30.470011, -97.960461 30.469992, -97.960363 30.469963, -97.960237 30.469909, -97.960138 30.469844, -97.960011 30.46977, -97.95989 30.469681, -97.959837 30.469623, -97.959744 30.469495, -97.959698 30.469372, -97.959686 30.469349, -97.959639 30.469259, -97.959604 30.469212, -97.959554 30.469162, -97.959453 30.469041, -97.959175 30.468787, -97.958874 30.468542, -97.958778 30.468484, -97.958689 30.468412, -97.958564 30.468277, -97.958451 30.468142, -97.958304 30.467992, -97.958197 30.467908, -97.958035 30.467762, -97.957935 30.467616, -97.957755 30.467381, -97.957687 30.467316, -97.957594 30.467207, -97.957525 30.46709, -97.95746 30.466947, -97.957403 30.466789, -97.95735 30.466649, -97.957328 30.466581, -97.957226 30.466389, -97.957129 30.466224, -97.957103 30.466145, -97.956974 30.466055, -97.956976 30.465986, -97.956994 30.465896, -97.957035 30.465789, -97.957059 30.465705, -97.957052 30.465671, -97.957028 30.465639, -97.956996 30.465611, -97.956895 30.465539, -97.956589 30.465203, -97.956464 30.465156, -97.956347 30.464965, -97.956211 30.464689, -97.956189 30.464651, -97.956077 30.46458, -97.956053 30.464478, -97.955929 30.464232, -97.955873 30.46416, -97.955791 30.464081, -97.955646 30.464008, -97.955536 30.463964, -97.955504 30.463921, -97.955464 30.463887, -97.95539 30.463845, -97.955341 30.463817, -97.955233 30.463739, -97.955075 30.463608, -97.954965 30.46353, -97.954908 30.463479, -97.954887 30.463482, -97.954849 30.4635, -97.954823 30.46348, -97.954794 30.463442, -97.954757 30.46337, -97.954668 30.463124, -97.954606 30.462917, -97.954584 30.46283, -97.954529 30.462742, -97.954421 30.462615, -97.954322 30.462512, -97.954271 30.462475, -97.954221 30.462449, -97.954027 30.462367, -97.953964 30.46235, -97.953898 30.462343, -97.95375 30.462341, -97.953578 30.462329, -97.953501 30.462316, -97.953419 30.46229, -97.953277 30.462237, -97.952729 30.462098, -97.952544 30.462031, -97.95239 30.461961, -97.952305 30.461952, -97.952247 30.461934, -97.952189 30.461904, -97.952137 30.461866, -97.952097 30.461823, -97.951966 30.461635, -97.95195 30.461611, -97.951823 30.461416, -97.951765 30.461369, -97.951656 30.46131, -97.951518 30.461247, -97.951394 30.461202, -97.951263 30.461166, -97.951017 30.461111, -97.95094 30.461103, -97.950822 30.461107, -97.950319 30.461129, -97.950199 30.461137, -97.949985 30.461167, -97.949726 30.461179, -97.949712 30.46118, -97.949577 30.461177, -97.949523 30.46117, -97.948772 30.461036, -97.948606 30.460996, -97.948471 30.460945, -97.948378 30.460897, -97.948293 30.460834, -97.948172 30.460723, -97.948123 30.460693, -97.948039 30.460657, -97.947983 30.460639, -97.947867 30.460614, -97.94782 30.460608, -97.947715 30.460604, -97.947669 30.460611, -97.947645 30.460626, -97.947626 30.460653, -97.947604 30.460737, -97.947596 30.460804, -97.947588 30.460827, -97.947559 30.460866, -97.947523 30.46089, -97.947468 30.460906, -97.947432 30.460907, -97.947401 30.4609, -97.94704 30.460738, -97.946969 30.460716, -97.946911 30.460706, -97.946846 30.460712, -97.946723 30.460757, -97.946396 30.460787, -97.946191 30.460797, -97.945951 30.460794, -97.945243 30.460768, -97.945119 30.460754, -97.945089 30.460739, -97.94506 30.460703, -97.945006 30.460574, -97.944987 30.460546, -97.944963 30.460526, -97.944877 30.460482, -97.944798 30.460455, -97.944748 30.460447, -97.944441 30.460422, -97.944136 30.460412, -97.943918 30.460418, -97.943848 30.46041, -97.943768 30.460387, -97.943654 30.460347, -97.943624 30.460323, -97.943595 30.46026, -97.943404 30.460047, -97.943358 30.46001, -97.943323 30.460001, -97.94325 30.46, -97.943122 30.460011, -97.943039 30.460027, -97.942944 30.460066, -97.942654 30.460206, -97.942554 30.460245, -97.942455 30.46027, -97.942322 30.460285, -97.941801 30.460292, -97.941616 30.46029, -97.941505 30.460278, -97.941175 30.460223, -97.940686 30.460199, -97.940585 30.460181, -97.940472 30.460146, -97.940339 30.460091, -97.940283 30.460058, -97.94025 30.460028, -97.940193 30.459935, -97.940138 30.459874, -97.940081 30.459828, -97.939978 30.459768, -97.939791 30.459678, -97.939687 30.459623, -97.939627 30.459606, -97.939572 30.459603, -97.939457 30.459608, -97.939388 30.459629, -97.939335 30.459628, -97.939149 30.459887, -97.939028 30.460054, -97.938966 30.460074, -97.93855 30.460138, -97.93831 30.460138, -97.937797 30.460041, -97.937317 30.459849, -97.936884 30.459416, -97.936451 30.458727, -97.936062 30.458223, -97.935325 30.457966, -97.935006 30.457887, -97.934871 30.457845, -97.934403 30.457839, -97.933933 30.457932, -97.93196 30.458281, -97.931952 30.458319, -97.931859 30.458321, -97.931221 30.458327, -97.930667 30.458281, -97.929911 30.458088, -97.929544 30.457975, -97.929197 30.457861, -97.928852 30.457677, -97.928263 30.457381, -97.927937 30.457268, -97.927267 30.456899, -97.926124 30.456574, -97.926358 30.45624, -97.926469 30.455821, -97.92657 30.455175, -97.926591 30.454338, -97.926485 30.453581, -97.926144 30.452127, -97.925798 30.451421, -97.925676 30.451172, -97.925513 30.449751, -97.92502 30.448024, -97.924671 30.446802, -97.924418 30.446231, -97.924219 30.445781, -97.923351 30.443824, -97.923187 30.443538, -97.921539 30.440661, -97.920756 30.43933, -97.920692 30.43922, -97.92023 30.438436, -97.92 30.437798, -97.919944 30.437641, -97.919937 30.437404, -97.91992 30.436837, -97.919919 30.436793, -97.919879 30.435411, -97.919862 30.433974, -97.919979 30.432968, -97.923361 30.434871, -97.92669 30.436183, -97.929234 30.436823, -97.931394 30.437239, -97.93165 30.437257, -97.934594 30.437463, -97.938658 30.437319, -97.942658 30.435879, -97.945602 30.434695, -97.94677 30.434183, -97.948111 30.433106, -97.948882 30.432487, -97.949938 30.431239, -97.951218 30.428999, -97.951823 30.426887, -97.951874 30.426711, -97.952162 30.423959, -97.951954 30.421639, -97.951468 30.420358, -97.95125 30.419783, -97.950387 30.4184, -97.950082 30.417911, -97.94869 30.416055, -97.947958 30.415205, -97.946114 30.413063, -97.945667 30.412468, -97.944755 30.411256, -97.943239 30.409239, -97.942337 30.40804, -97.941911 30.406943, -97.94143 30.405706, -97.940833 30.404168, -97.940529 30.402552, -97.940561 30.400904, -97.941265 30.398696, -97.941789 30.397819, -97.942611 30.396445, -97.943025 30.395752, -97.944001 30.394664, -97.944449 30.394376, -97.945081 30.394089, -97.945153 30.394056, -97.946193 30.3938, -97.947473 30.393704, -97.949137 30.393704, -97.951633 30.3938, -97.952249 30.393781, -97.953681 30.393736, -97.954953 30.393808, -97.955937 30.393864, -97.957905 30.393896, -97.959585 30.393768, -97.961362 30.3938, -97.963138 30.393976, -97.964658 30.394008, -97.964716 30.394008, -97.96629 30.394008, -97.967682 30.393896, -97.968546 30.393704, -97.968942 30.393663, -97.96916 30.393591, -97.969198 30.393581, -97.970127 30.393362, -97.970684 30.393237, -97.971511 30.392946, -97.971662 30.392893, -97.971775 30.392844, -97.972679 30.392458, -97.972895 30.392152, -97.973522 30.391887, -97.973666 30.391816, -97.974531 30.39128, -97.97493 30.391032, -97.976194 30.390104, -97.977026 30.389336, -97.97731 30.389083, -97.97805 30.388424, -97.978706 30.387688, -97.979746 30.386472, -97.98061 30.3854, -97.981315 30.384542, -97.981346 30.384504, -97.981553 30.384299, -97.982769 30.384975, -97.983393 30.384899, -97.984415 30.384899, -97.984831 30.384918, -97.985247 30.384937, -97.985531 30.385221, -97.985842 30.385384, -97.985586 30.385448, -97.985487 30.385492, -97.985442 30.385512, -97.985378 30.385656, -97.985442 30.385724, -97.985908 30.385882, -97.987096 30.386364, -97.987331 30.386484, -97.987436 30.386559, -97.987526 30.386699, -97.987606 30.386869, -97.987652 30.387124, -97.987641 30.387514, -97.987601 30.387769, -97.987601 30.387979, -97.987631 30.388287, -97.987693 30.389028, -97.987721 30.389147, -97.987586 30.389212, -97.987474 30.389274, -97.987364 30.389294, -97.987234 30.389284, -97.987074 30.389238, -97.986941 30.38918, -97.986826 30.389097, -97.98661 30.388944, -97.986216 30.388647, -97.985972 30.388487, -97.985849 30.388384, -97.985614 30.388272, -97.985301 30.388137, -97.985091 30.388084, -97.984931 30.388059, -97.984833 30.388057, -97.984713 30.388069, -97.984583 30.388087, -97.984453 30.388132, -97.984336 30.388184, -97.984103 30.388322, -97.983743 30.388522, -97.983671 30.388574, -97.983588 30.388627, -97.983471 30.388734, -97.983181 30.389002, -97.982978 30.389242, -97.982906 30.389394, -97.982866 30.389542, -97.982861 30.389647, -97.982876 30.389754, -97.982904 30.389841, -97.982946 30.389919, -97.982993 30.389982, -97.983151 30.390109, -97.983411 30.390277, -97.983663 30.390402, -97.984128 30.39061, -97.984553 30.3908, -97.984838 30.39094, -97.984951 30.391007, -97.985028 30.391065, -97.985123 30.391147, -97.985258 30.391322, -97.985604 30.391832, -97.985919 30.39226, -97.986044 30.392442, -97.986206 30.39264, -97.986291 30.392737, -97.986341 30.392805, -97.986359 30.392865, -97.986345 30.392933, -97.986275 30.39297, -97.986179 30.392982, -97.986017 30.392933, -97.984424 30.392253, -97.983599 30.392119, -97.983167 30.392144, -97.982978 30.392177, -97.982806 30.3923, -97.982665 30.392556, -97.982731 30.392923, -97.983398 30.393815, -97.98372 30.394063, -97.984087 30.394609, -97.984535 30.395068, -97.984542 30.395241, -97.984506 30.395763, -97.984604 30.396864, -97.984627 30.397091, -97.98465 30.397198, -97.984711 30.397346, -97.985105 30.398043, -97.985723 30.398793, -97.985827 30.398919, -97.98815 30.401738, -97.987706 30.402236, -97.987245 30.402591, -97.987027 30.403007, -97.986516 30.40334, -97.985482 30.404192, -97.985029 30.40481, -97.984514 30.406086, -97.984455 30.406348, -97.984447 30.406383, -97.984109 30.40791, -97.9841 30.408274, -97.984077 30.409241, -97.984074 30.409378, -97.984245 30.411298, -97.984546 30.412702, -97.984687 30.412973, -97.985535 30.413827, -97.986141 30.414275, -97.986765 30.414621, -97.987502 30.414734, -97.988808 30.414885, -97.989884 30.414836, -97.989956 30.415074))",57.2,1938.0,132083.0,43.0,15.0,35318540.30288857,5.4872029913464405e-05
"POLYGON ((-97.623117 30.169415, -97.62263 30.17018, -97.621577 30.171965, -97.621415 30.172213, -97.620722 30.173275, -97.620236 30.174022, -97.620205 30.174069, -97.619186 30.17568, -97.618867 30.176186, -97.618826 30.17625, -97.618451 30.176584, -97.618271 30.176723, -97.618075 30.176837, -97.61782 30.176969, -97.617253 30.177235, -97.616974 30.177358, -97.616826 30.177272, -97.615466 30.176626, -97.612803 30.175362, -97.612713 30.175319, -97.607859 30.173016, -97.608583 30.17188, -97.609067 30.171119, -97.609816 30.169944, -97.610025 30.169631, -97.610243 30.169312, -97.610641 30.168687, -97.611416 30.169047, -97.611527 30.168881, -97.611981 30.168203, -97.612166 30.167928, -97.612572 30.167321, -97.613015 30.16666, -97.614991 30.167603, -97.615977 30.166205, -97.616061 30.166095, -97.616683 30.166387, -97.618352 30.167165, -97.620086 30.167974, -97.622984 30.169325, -97.623117 30.169415))",35.1,2794.0,99138.0,27.0,42.0,1058748.1498542451,0.0026389656505039862
"POLYGON ((-97.757179 30.308968, -97.756926 30.310469, -97.756746 30.312008, -97.756667 30.312769, -97.756653 30.312873, -97.756518 30.313959, -97.756434 30.314638, -97.755988 30.318202, -97.755932 30.31865, -97.755807 30.319712, -97.755708 30.321363, -97.7556 30.321364, -97.755507 30.321364, -97.755421 30.321358, -97.755296 30.321355, -97.755169 30.321336, -97.755013 30.321303, -97.754823 30.321235, -97.754264 30.320974, -97.753479 30.320568, -97.754052 30.319625, -97.754939 30.318166, -97.755101 30.31788, -97.755155 30.317703, -97.755139 30.317548, -97.755103 30.317426, -97.75507 30.317316, -97.75456 30.316274, -97.754079 30.315269, -97.753692 30.314389, -97.753102 30.313206, -97.752565 30.312081, -97.751848 30.310947, -97.751764 30.310817, -97.750664 30.309185, -97.749802 30.308711, -97.749586 30.308583, -97.749422 30.308453, -97.749305 30.308334, -97.749202 30.308204, -97.749029 30.307925, -97.748928 30.3078, -97.748843 30.307683, -97.748769 30.307596, -97.748697 30.307535, -97.748618 30.307482, -97.748533 30.307439, -97.748395 30.307392, -97.74822 30.307344, -97.748099 30.307312, -97.748003 30.307218, -97.747938 30.307143, -97.747875 30.307047, -97.747846 30.306985, -97.747787 30.306835, -97.747621 30.306494, -97.747504 30.306267, -97.747478 30.306201, -97.747462 30.306129, -97.747458 30.305996, -97.747466 30.305912, -97.747494 30.305807, -97.74755 30.305687, -97.747589 30.305624, -97.747634 30.305576, -97.747804 30.305443, -97.747977 30.305315, -97.748089 30.30522, -97.748299 30.305029, -97.748346 30.304977, -97.748382 30.304952, -97.748459 30.30492, -97.748589 30.304875, -97.748645 30.304857, -97.748714 30.30483, -97.74875 30.304801, -97.74877 30.304779, -97.748821 30.304717, -97.749139 30.304947, -97.749201 30.305029, -97.749244 30.305084, -97.749281 30.305149, -97.749308 30.305209, -97.749319 30.305363, -97.749311 30.305456, -97.749279 30.305622, -97.749259 30.305738, -97.749259 30.30583, -97.749287 30.305919, -97.749331 30.305992, -97.749378 30.306052, -97.749453 30.306132, -97.749897 30.306507, -97.750186 30.306767, -97.75032 30.306902, -97.750372 30.306974, -97.750405 30.307039, -97.750412 30.307096, -97.750412 30.307159, -97.75072 30.307245, -97.750742 30.307251, -97.751182 30.307509, -97.751624 30.307765, -97.752614 30.308097, -97.754291 30.308482, -97.754639 30.308569, -97.754938 30.308624, -97.755457 30.308706, -97.755893 30.308777, -97.756332 30.308831, -97.756697 30.308889, -97.757009 30.308937, -97.757179 30.308968))",52.6,1715.0,94662.0,0.0,0.0,507763.56022044615,0.0033775562768927937
"POLYGON ((-97.543954 30.324602, -97.543926 30.324616, -97.543896 30.324645, -97.543857 30.324727, -97.54378 30.324844, -97.54374 30.324893, -97.543687 30.324941, -97.543605 30.324986, -97.543457 30.325142, -97.543423 30.32516, -97.543369 30.325174, -97.543343 30.325177, -97.543249 30.32517, -97.543218 30.325172, -97.543192 30.325183, -97.54315 30.325241, -97.543011 30.325293, -97.542935 30.325333, -97.542921 30.325348, -97.542901 30.325411, -97.542878 30.325465, -97.542861 30.325478, -97.542818 30.325486, -97.542797 30.325484, -97.542734 30.325399, -97.542708 30.325374, -97.542678 30.325361, -97.542531 30.325348, -97.54246 30.325349, -97.542439 30.325358, -97.542418 30.325375, -97.542418 30.3254, -97.542416 30.325481, -97.542396 30.325547, -97.542362 30.325574, -97.542189 30.325649, -97.541919 30.325782, -97.54164 30.32589, -97.541607 30.325915, -97.541518 30.326033, -97.541407 30.326146, -97.541386 30.326152, -97.541302 30.326121, -97.541232 30.326114, -97.541208 30.326121, -97.541185 30.326148, -97.541175 30.326171, -97.541162 30.326228, -97.541067 30.326478, -97.541058 30.32653, -97.541065 30.32656, -97.541087 30.326583, -97.54117 30.326596, -97.541212 30.326616, -97.541227 30.326636, -97.54124 30.326675, -97.541294 30.326764, -97.541297 30.326789, -97.541281 30.326801, -97.541164 30.326862, -97.541123 30.326895, -97.541096 30.326929, -97.54101 30.327083, -97.540983 30.327107, -97.540911 30.327122, -97.540754 30.327188, -97.54067 30.327214, -97.540623 30.327217, -97.540601 30.327215, -97.540456 30.327234, -97.54027 30.32724, -97.540047 30.327276, -97.539909 30.327291, -97.539866 30.327307, -97.539843 30.327327, -97.53981 30.327406, -97.539783 30.327495, -97.539757 30.327529, -97.539654 30.327613, -97.539603 30.327643, -97.539552 30.327653, -97.539482 30.327652, -97.539265 30.327676, -97.539111 30.327676, -97.538733 30.327652, -97.53868 30.327664, -97.538492 30.32772, -97.538368 30.327771, -97.538313 30.327804, -97.538262 30.327849, -97.538202 30.327927, -97.538173 30.327983, -97.538163 30.328035, -97.538165 30.328117, -97.538184 30.32819, -97.538203 30.328203, -97.538237 30.328215, -97.538274 30.328239, -97.5383 30.328279, -97.538326 30.328348, -97.538334 30.328388, -97.53835 30.328408, -97.538399 30.328438, -97.538509 30.32859, -97.538546 30.328659, -97.53857 30.328743, -97.538577 30.328792, -97.538577 30.329075, -97.538566 30.329137, -97.53854 30.329197, -97.538523 30.329209, -97.538374 30.329263, -97.5383 30.329259, -97.538222 30.329295, -97.538137 30.329351, -97.537966 30.329481, -97.537876 30.329531, -97.537839 30.329578, -97.537791 30.329665, -97.537724 30.329764, -97.537695 30.329794, -97.537567 30.329904, -97.537518 30.329962, -97.537419 30.330128, -97.537396 30.330154, -97.537332 30.330189, -97.537309 30.330218, -97.537294 30.330259, -97.537281 30.330353, -97.537283 30.330436, -97.537302 30.330662, -97.537294 30.330686, -97.537129 30.33087, -97.537114 30.330909, -97.537114 30.330953, -97.537158 30.331107, -97.537166 30.331188, -97.537152 30.331248, -97.53712 30.331306, -97.537028 30.331441, -97.53691 30.331649, -97.536872 30.331726, -97.536831 30.331891, -97.536768 30.332029, -97.536713 30.332113, -97.536664 30.332163, -97.536605 30.332201, -97.536524 30.332238, -97.53639 30.332282, -97.536224 30.332309, -97.536159 30.332329, -97.536055 30.332381, -97.535968 30.332439, -97.53591 30.332499, -97.535887 30.332508, -97.535853 30.332508, -97.535635 30.332462, -97.535601 30.332464, -97.535544 30.332482, -97.535474 30.332514, -97.535432 30.332541, -97.535411 30.332564, -97.535396 30.332605, -97.535392 30.332631, -97.535347 30.332714, -97.535322 30.332781, -97.535296 30.332801, -97.535275 30.33287, -97.535232 30.332873, -97.535176 30.332886, -97.535127 30.332878, -97.53506 30.332847, -97.534953 30.33278, -97.534897 30.332734, -97.534865 30.33268, -97.53482 30.332651, -97.534796 30.332651, -97.534769 30.332657, -97.534715 30.332651, -97.534689 30.332638, -97.534664 30.332608, -97.534636 30.332533, -97.534627 30.332497, -97.534635 30.332432, -97.534678 30.332297, -97.53468 30.33225, -97.534668 30.332217, -97.53465 30.332198, -97.534625 30.332192, -97.534587 30.332196, -97.534505 30.332219, -97.534434 30.332247, -97.534385 30.33225, -97.534348 30.332241, -97.534219 30.332193, -97.534214 30.332175, -97.534218 30.332136, -97.534234 30.332078, -97.534229 30.332039, -97.534215 30.332021, -97.534186 30.33201, -97.533949 30.332058, -97.533852 30.33211, -97.533788 30.332124, -97.533723 30.332119, -97.533653 30.332124, -97.53358 30.332144, -97.533543 30.332162, -97.533522 30.332182, -97.533486 30.332273, -97.533445 30.332326, -97.533413 30.332352, -97.533375 30.332376, -97.533351 30.332383, -97.533017 30.332352, -97.532896 30.332332, -97.532802 30.332304, -97.53274 30.332272, -97.532709 30.332237, -97.532614 30.332083, -97.532586 30.332052, -97.532451 30.331933, -97.532309 30.331832, -97.532243 30.331756, -97.532164 30.331708, -97.532095 30.331682, -97.532034 30.331668, -97.531954 30.331664, -97.53186 30.33168, -97.531735 30.331669, -97.53168 30.331677, -97.531466 30.33178, -97.53143 30.331791, -97.531229 30.331825, -97.531036 30.331824, -97.530962 30.331832, -97.530867 30.331856, -97.530788 30.331856, -97.53075 30.331847, -97.530713 30.331826, -97.530687 30.331785, -97.530656 30.331711, -97.53053 30.331578, -97.530493 30.331524, -97.530476 30.331477, -97.530468 30.33141, -97.530457 30.331381, -97.530293 30.3311, -97.530229 30.33097, -97.530145 30.330819, -97.530122 30.330754, -97.530111 30.330676, -97.530111 30.33057, -97.530122 30.330509, -97.530189 30.330348, -97.530231 30.330282, -97.53024 30.330252, -97.530243 30.330175, -97.530255 30.329974, -97.530268 30.329946, -97.530293 30.329924, -97.530342 30.329903, -97.530604 30.329827, -97.530632 30.32981, -97.530654 30.329779, -97.530678 30.329732, -97.530778 30.329563, -97.530849 30.329404, -97.53087 30.329331, -97.530869 30.329275, -97.530813 30.328992, -97.530817 30.32891, -97.530835 30.328727, -97.530825 30.328538, -97.530832 30.328331, -97.530844 30.328254, -97.530866 30.328189, -97.530885 30.328156, -97.530946 30.328085, -97.53102 30.328009, -97.531072 30.327974, -97.531143 30.327945, -97.531221 30.327919, -97.53128 30.327886, -97.531338 30.327845, -97.53136 30.327814, -97.531369 30.327771, -97.531362 30.327699, -97.531346 30.327656, -97.53133 30.327633, -97.531065 30.327374, -97.530998 30.327316, -97.530747 30.327146, -97.530705 30.327128, -97.530643 30.327117, -97.530469 30.327054, -97.530447 30.327038, -97.530354 30.326898, -97.530267 30.326815, -97.530225 30.32679, -97.53017 30.326783, -97.530025 30.326792, -97.529997 30.326798, -97.529979 30.326808, -97.52989 30.326785, -97.529791 30.326769, -97.529587 30.326765, -97.529546 30.32676, -97.529481 30.326861, -97.529444 30.326932, -97.529352 30.326934, -97.529189 30.326947, -97.529017 30.326967, -97.528956 30.326965, -97.528876 30.326948, -97.528762 30.326902, -97.528606 30.326821, -97.528511 30.326762, -97.528417 30.326694, -97.528373 30.326651, -97.52832 30.326604, -97.528247 30.326572, -97.528156 30.326557, -97.528069 30.32656, -97.528013 30.326578, -97.527959 30.326618, -97.527919 30.326659, -97.527858 30.326743, -97.527805 30.326838, -97.527786 30.326898, -97.527767 30.326992, -97.527718 30.327161, -97.527694 30.327207, -97.52766 30.327238, -97.527601 30.327271, -97.527489 30.327317, -97.527346 30.327361, -97.527264 30.32738, -97.527065 30.327408, -97.526959 30.327409, -97.526832 30.327403, -97.526558 30.327344, -97.526432 30.327295, -97.526388 30.327278, -97.526231 30.327197, -97.526085 30.327104, -97.526005 30.327048, -97.525887 30.326958, -97.525832 30.32693, -97.525768 30.326917, -97.52538 30.326908, -97.525319 30.326897, -97.525226 30.326874, -97.52516 30.32687, -97.525028 30.326884, -97.524817 30.32692, -97.524661 30.326936, -97.524556 30.326932, -97.524466 30.326958, -97.524369 30.326996, -97.524334 30.326998, -97.523969 30.326892, -97.523877 30.326876, -97.523714 30.326869, -97.523534 30.326859, -97.523425 30.32684, -97.523277 30.3268, -97.523153 30.326758, -97.523003 30.3267, -97.522766 30.32662, -97.522649 30.326571, -97.522457 30.32654, -97.522196 30.326507, -97.522068 30.326499, -97.521933 30.326502, -97.521882 30.32651, -97.521187 30.326704, -97.521092 30.326739, -97.521076 30.326751, -97.521012 30.326816, -97.520972 30.326847, -97.52094 30.326852, -97.520859 30.326848, -97.520776 30.326829, -97.520628 30.326783, -97.520575 30.326778, -97.520457 30.326791, -97.520222 30.3268, -97.520091 30.326793, -97.519702 30.326748, -97.519577 30.326745, -97.519295 30.326711, -97.518928 30.326659, -97.51878 30.326627, -97.518369 30.326498, -97.518236 30.32645, -97.518164 30.326416, -97.518087 30.326366, -97.51801 30.3263, -97.517983 30.326259, -97.517965 30.326192, -97.517957 30.326112, -97.517932 30.326047, -97.51765 30.325597, -97.517472 30.325359, -97.517305 30.325171, -97.517243 30.325089, -97.517211 30.325025, -97.51717 30.324992, -97.517083 30.324989, -97.516936 30.324872, -97.516778 30.324753, -97.516599 30.32466, -97.516437 30.324607, -97.516372 30.324565, -97.516343 30.324513, -97.516347 30.324442, -97.516339 30.324405, -97.516198 30.32431, -97.515988 30.324223, -97.515849 30.324212, -97.515804 30.324219, -97.515784 30.324235, -97.515651 30.324486, -97.515634 30.324502, -97.515603 30.324507, -97.515566 30.324503, -97.515496 30.324469, -97.515459 30.32446, -97.515418 30.324475, -97.515341 30.324516, -97.51526 30.324586, -97.515233 30.324596, -97.515126 30.324579, -97.515076 30.324563, -97.515053 30.324534, -97.514919 30.324427, -97.514901 30.324395, -97.514867 30.324222, -97.514897 30.32413, -97.514888 30.324113, -97.514845 30.324068, -97.514818 30.324052, -97.514685 30.324013, -97.514564 30.323972, -97.514507 30.323965, -97.514339 30.323956, -97.514268 30.323931, -97.514191 30.323893, -97.514075 30.32381, -97.513952 30.323739, -97.513904 30.323702, -97.513849 30.323642, -97.513765 30.323533, -97.513509 30.323245, -97.513398 30.323136, -97.513242 30.323054, -97.513141 30.32303, -97.51306 30.323001, -97.513018 30.322949, -97.512969 30.3229, -97.512899 30.32287, -97.512832 30.32286, -97.512736 30.32287, -97.51269 30.322866, -97.512618 30.322849, -97.512604 30.322819, -97.512612 30.322609, -97.512589 30.322578, -97.512535 30.322573, -97.512364 30.322573, -97.512306 30.322506, -97.512251 30.322489, -97.512107 30.322523, -97.51199 30.32251, -97.51197 30.322503, -97.511736 30.322477, -97.511578 30.322468, -97.511429 30.322471, -97.511198 30.322466, -97.511152 30.322467, -97.514568 30.317033, -97.516193 30.312379, -97.516396 30.31175, -97.516949 30.310034, -97.51689 30.309622, -97.515086 30.307958, -97.517447 30.306264, -97.52055 30.30658, -97.521762 30.305149, -97.522548 30.304188, -97.523122 30.304044, -97.5247 30.303872, -97.52658 30.303666, -97.526739 30.303355, -97.528395 30.300809, -97.530152 30.304354, -97.530759 30.305107, -97.532364 30.306578, -97.532703 30.306866, -97.533895 30.307449, -97.534904 30.307943, -97.535659 30.308372, -97.536924 30.30909, -97.537349 30.309567, -97.537598 30.310274, -97.537389 30.311763, -97.53731 30.312325, -97.537713 30.313547, -97.538801 30.315367, -97.538931 30.31559, -97.539316 30.316327, -97.540569 30.318463, -97.541561 30.320154, -97.542306 30.321381, -97.542603 30.321869, -97.543673 30.323629, -97.544226 30.324539, -97.543954 30.324602))",34.2,3554.0,108049.0,155.0,18.0,6040696.758834709,0.0005883427263257609
"POLYGON ((-97.903573 30.209319, -97.903365 30.209303, -97.902861 30.209305, -97.901412 30.209313, -97.901322 30.209327, -97.900887 30.209393, -97.899768 30.209826, -97.89922 30.210245, -97.898958 30.210541, -97.898881 30.210629, -97.89882 30.210725, -97.898203 30.211703, -97.897447 30.212901, -97.897372 30.21302, -97.896893 30.213779, -97.896882 30.213796, -97.896875 30.213807, -97.896843 30.213857, -97.896498 30.214403, -97.894689 30.217316, -97.894442 30.217975, -97.894326 30.218286, -97.894284 30.218108, -97.894138 30.218025, -97.893889 30.217759, -97.893462 30.216758, -97.893273 30.215929, -97.893278 30.215663, -97.89331 30.213864, -97.893207 30.213221, -97.89318 30.213053, -97.893106 30.212881, -97.892924 30.21246, -97.892446 30.211719, -97.890443 30.209742, -97.889525 30.208837, -97.889412 30.208703, -97.889329 30.208612, -97.887009 30.205528, -97.886888 30.205368, -97.886598 30.204982, -97.885881 30.204209, -97.885469 30.203822, -97.884877 30.20342, -97.884799 30.203357, -97.884712 30.203285, -97.884633 30.203223, -97.88429 30.202947, -97.883902 30.202722, -97.883118 30.202209, -97.882691 30.202021, -97.882343 30.201868, -97.881497 30.20146, -97.880125 30.200964, -97.879257 30.20072, -97.878479 30.200538, -97.878464 30.200569, -97.878386 30.200725, -97.878276 30.201266, -97.87822 30.201538, -97.878145 30.201859, -97.878089 30.202063, -97.87808 30.202143, -97.87808 30.202314, -97.878069 30.202572, -97.878101 30.20273, -97.87816 30.202899, -97.878242 30.203077, -97.878485 30.203528, -97.878751 30.204179, -97.878803 30.204418, -97.878807 30.204808, -97.878779 30.204984, -97.878763 30.205085, -97.878674 30.205364, -97.878545 30.205678, -97.878293 30.206294, -97.878046 30.206768, -97.877791 30.207272, -97.877637 30.207556, -97.877435 30.207992, -97.877294 30.208276, -97.877115 30.208676, -97.877027 30.208945, -97.87692 30.209245, -97.876887 30.209333, -97.876834 30.209726, -97.876588 30.211594, -97.876587 30.211625, -97.876563 30.211746, -97.876408 30.211732, -97.876357 30.211727, -97.875478 30.211657, -97.874669 30.211539, -97.874245 30.211432, -97.874142 30.211406, -97.873503 30.211124, -97.873425 30.211082, -97.873344 30.211029, -97.872746 30.210597, -97.872359 30.210186, -97.87231 30.210093, -97.872088 30.209833, -97.871881 30.209557, -97.871633 30.209259, -97.87139 30.208996, -97.871178 30.208814, -97.870978 30.208652, -97.870692 30.20847, -97.870402 30.208299, -97.870093 30.208152, -97.869798 30.208045, -97.869569 30.207981, -97.869388 30.207936, -97.869337 30.20793, -97.869376 30.207868, -97.869415 30.207809, -97.870504 30.205867, -97.870788 30.204052, -97.870889 30.203498, -97.871019 30.202783, -97.871083 30.202463, -97.871117 30.202224, -97.871136 30.201915, -97.871131 30.20179, -97.871105 30.201628, -97.871038 30.201352, -97.870874 30.200935, -97.870479 30.201006, -97.869433 30.201182, -97.868549 30.201226, -97.86826 30.201217, -97.868048 30.201199, -97.867769 30.201186, -97.866941 30.201079, -97.866834 30.201063, -97.866869 30.200995, -97.866896 30.200932, -97.866922 30.200873, -97.867043 30.20062, -97.867102 30.200488, -97.867284 30.200148, -97.867441 30.199805, -97.868223 30.198216, -97.86877 30.197168, -97.868992 30.196783, -97.869083 30.196626, -97.86929 30.196284, -97.869571 30.195867, -97.869645 30.195875, -97.869679 30.195882, -97.869737 30.195902, -97.869771 30.195923, -97.870105 30.19621, -97.870138 30.196231, -97.870185 30.196252, -97.87045 30.196296, -97.87047 30.196303, -97.870525 30.196349, -97.870619 30.196392, -97.871028 30.196518, -97.871182 30.196573, -97.871389 30.196666, -97.871502 30.196709, -97.871911 30.196891, -97.872011 30.196917, -97.872069 30.196936, -97.872092 30.19695, -97.87212 30.196982, -97.872142 30.197036, -97.872141 30.19708, -97.872146 30.197107, -97.872171 30.197128, -97.872231 30.197159, -97.872447 30.197237, -97.872619 30.197305, -97.872793 30.197379, -97.873001 30.197458, -97.873206 30.197549, -97.873364 30.197603, -97.873494 30.19767, -97.873684 30.197785, -97.873828 30.197858, -97.873883 30.197878, -97.87415 30.197937, -97.874649 30.198075, -97.874741 30.198092, -97.874782 30.198095, -97.874867 30.198094, -97.875168 30.198074, -97.875391 30.198073, -97.875497 30.198061, -97.875605 30.198035, -97.87572 30.197995, -97.875903 30.197909, -97.875982 30.197866, -97.876297 30.197646, -97.876357 30.197614, -97.876597 30.197515, -97.876726 30.197473, -97.877177 30.197281, -97.877252 30.197236, -97.877558 30.197003, -97.877834 30.196805, -97.878109 30.196581, -97.878164 30.19654, -97.878284 30.196528, -97.878371 30.196509, -97.878426 30.196484, -97.878582 30.196378, -97.878674 30.196305, -97.878715 30.196277, -97.878743 30.196262, -97.878862 30.196202, -97.879058 30.196095, -97.879117 30.196067, -97.879338 30.195981, -97.879404 30.195969, -97.879463 30.195971, -97.879604 30.196, -97.879782 30.196027, -97.879832 30.196052, -97.87996 30.196141, -97.880026 30.196204, -97.880043 30.196234, -97.880067 30.196316, -97.880127 30.196405, -97.880168 30.196449, -97.880194 30.196478, -97.880236 30.196513, -97.880266 30.196538, -97.880295 30.196555, -97.880318 30.196565, -97.880341 30.196567, -97.880395 30.196552, -97.88059 30.196469, -97.880772 30.196373, -97.880871 30.19633, -97.880931 30.196316, -97.880987 30.196314, -97.881072 30.196325, -97.881291 30.196381, -97.881437 30.196428, -97.881537 30.196476, -97.881682 30.196566, -97.881712 30.196597, -97.881773 30.1967, -97.881783 30.196736, -97.881784 30.196808, -97.881799 30.196874, -97.881842 30.196992, -97.881922 30.197167, -97.881988 30.197277, -97.882048 30.197398, -97.882138 30.197644, -97.88231 30.198161, -97.882339 30.198226, -97.88241 30.198344, -97.882528 30.198604, -97.882626 30.198878, -97.882733 30.199158, -97.882787 30.199266, -97.882853 30.199364, -97.882975 30.199501, -97.883076 30.199644, -97.883217 30.199796, -97.883371 30.199972, -97.88342 30.200004, -97.883496 30.200034, -97.883662 30.200075, -97.883804 30.200119, -97.883864 30.200147, -97.884028 30.200254, -97.884245 30.200369, -97.884407 30.200477, -97.884494 30.200521, -97.884564 30.200544, -97.884787 30.200583, -97.884917 30.200618, -97.885275 30.200734, -97.885595 30.200849, -97.885908 30.200967, -97.886063 30.201053, -97.886171 30.201125, -97.886322 30.201249, -97.886648 30.201502, -97.886721 30.201632, -97.886739 30.20168, -97.886766 30.201732, -97.886799 30.201771, -97.886921 30.201868, -97.887099 30.201994, -97.887577 30.202288, -97.887907 30.202446, -97.888089 30.202521, -97.888169 30.202534, -97.88833 30.202528, -97.88852 30.202506, -97.888631 30.202477, -97.888711 30.202437, -97.888791 30.202384, -97.888838 30.20236, -97.888924 30.20235, -97.889105 30.202347, -97.889189 30.202315, -97.88922 30.202307, -97.889462 30.202282, -97.889672 30.202241, -97.88981 30.202233, -97.890108 30.202238, -97.890277 30.202249, -97.89035 30.202262, -97.890383 30.202268, -97.890498 30.202301, -97.890693 30.202372, -97.890864 30.202446, -97.891415 30.202763, -97.891992 30.203053, -97.8923 30.203223, -97.892467 30.203324, -97.892811 30.203552, -97.893169 30.203823, -97.893625 30.204057, -97.894164 30.204343, -97.894246 30.204372, -97.894531 30.204449, -97.89466 30.204496, -97.894713 30.204522, -97.895279 30.204887, -97.895369 30.20494, -97.89548 30.204987, -97.895805 30.205073, -97.895876 30.205083, -97.896186 30.205094, -97.896278 30.205109, -97.896578 30.205191, -97.896648 30.205219, -97.896759 30.205285, -97.89706 30.205499, -97.897171 30.205556, -97.897208 30.205579, -97.897312 30.205674, -97.897717 30.205961, -97.89779 30.206003, -97.897932 30.206062, -97.898152 30.206162, -97.898289 30.206233, -97.898416 30.206281, -97.898639 30.206374, -97.898861 30.206478, -97.899082 30.206564, -97.899258 30.206623, -97.899736 30.206797, -97.899888 30.20684, -97.89998 30.206871, -97.900126 30.206943, -97.900213 30.207004, -97.900283 30.207038, -97.900375 30.207065, -97.900478 30.207081, -97.900585 30.207088, -97.900915 30.207072, -97.900978 30.20708, -97.901063 30.207104, -97.901169 30.207134, -97.901282 30.207175, -97.901336 30.207205, -97.901382 30.207225, -97.901738 30.207277, -97.901772 30.207289, -97.901963 30.207381, -97.902049 30.207434, -97.902145 30.207505, -97.9022 30.207561, -97.902274 30.207659, -97.902385 30.207827, -97.902462 30.207918, -97.902558 30.208056, -97.902668 30.208182, -97.903118 30.208726, -97.903242 30.208898, -97.903385 30.209079, -97.903532 30.209279, -97.903573 30.209319))",43.2,1352.0,173750.0,35.0,9.0,2674690.0833463473,0.0005054791238873146
"POLYGON ((-97.753248 30.288795, -97.753125 30.288931, -97.752934 30.289185, -97.752564 30.289661, -97.752371 30.289877, -97.752125 30.29011, -97.751995 30.290314, -97.75194 30.290615, -97.75187 30.290866, -97.751827 30.291103, -97.751721 30.291378, -97.751531 30.291609, -97.751392 30.291722, -97.751308 30.291816, -97.751232 30.291921, -97.750998 30.29201, -97.750557 30.292114, -97.750194 30.292157, -97.749928 30.292144, -97.749869 30.292133, -97.749752 30.292087, -97.749629 30.292077, -97.749472 30.292074, -97.749278 30.292083, -97.749096 30.292111, -97.748942 30.292148, -97.748847 30.292164, -97.748651 30.29218, -97.748446 30.292184, -97.747905 30.292285, -97.747803 30.292312, -97.747739 30.292338, -97.747658 30.292391, -97.747515 30.292513, -97.74747 30.29256, -97.747438 30.292605, -97.747414 30.292659, -97.7474 30.29272, -97.747395 30.292766, -97.747017 30.292906, -97.747008 30.293078, -97.747009 30.293098, -97.747015 30.293173, -97.74704 30.293262, -97.747228 30.293667, -97.747084 30.295576, -97.746505 30.295567, -97.746046 30.29556, -97.745581 30.29554, -97.745704 30.294226, -97.745745 30.293552, -97.745928 30.291694, -97.745987 30.291373, -97.746035 30.290772, -97.746514 30.290778, -97.747541 30.290874, -97.749107 30.290966, -97.749166 30.290029, -97.749211 30.289576, -97.750746 30.289654, -97.752158 30.289765, -97.75246 30.289276, -97.752567 30.289061, -97.752769 30.288534, -97.753314 30.288686, -97.753248 30.288795))",21.4,1506.0,17656.0,1118.0,41.0,173476.54514543252,0.00868128886667335
"POLYGON ((-97.640949 30.290378, -97.640233 30.291551, -97.640057 30.291655, -97.639811 30.291661, -97.639845 30.292058, -97.639786 30.292194, -97.639479 30.292633, -97.639113 30.293219, -97.638927 30.293334, -97.638828 30.293294, -97.63873 30.293253, -97.638655 30.293333, -97.638577 30.293402, -97.638505 30.293489, -97.63848 30.293541, -97.638443 30.29373, -97.63842 30.293901, -97.638407 30.293977, -97.638414 30.294029, -97.638431 30.29407, -97.638469 30.294109, -97.63866 30.294247, -97.638736 30.294333, -97.638941 30.29454, -97.639024 30.294617, -97.639162 30.294768, -97.639235 30.294864, -97.639307 30.294976, -97.639573 30.295299, -97.639601 30.29534, -97.639634 30.295388, -97.639649 30.29543, -97.639647 30.29546, -97.639621 30.295504, -97.639621 30.295557, -97.639926 30.295691, -97.639299 30.296756, -97.638212 30.296224, -97.637954 30.296098, -97.637933 30.296088, -97.637673 30.295961, -97.636703 30.295487, -97.635662 30.294978, -97.634626 30.294472, -97.63255 30.293456, -97.631526 30.292955, -97.628883 30.291687, -97.627952 30.29124, -97.628862 30.289849, -97.628894 30.289788, -97.628963 30.289656, -97.629204 30.289293, -97.629381 30.289027, -97.629906 30.28824, -97.631192 30.286226, -97.632474 30.284235, -97.632933 30.283523, -97.634318 30.281372, -97.634519 30.281458, -97.63577 30.282035, -97.638098 30.283184, -97.638157 30.283211, -97.638443 30.283344, -97.63855 30.283394, -97.638577 30.283407, -97.638654 30.283443, -97.638761 30.283492, -97.638807 30.283514, -97.638819 30.283519, -97.638871 30.283544, -97.638976 30.283593, -97.639081 30.283642, -97.639111 30.283655, -97.639152 30.283673, -97.63919 30.283691, -97.639211 30.283701, -97.639258 30.283724, -97.639305 30.283746, -97.639336 30.28376, -97.639401 30.283789, -97.639434 30.283804, -97.63946 30.283816, -97.639505 30.283838, -97.639586 30.283875, -97.639616 30.28389, -97.639647 30.283904, -97.639714 30.283936, -97.639823 30.283987, -97.639921 30.284034, -97.639998 30.284063, -97.64003 30.284083, -97.640138 30.284131, -97.640199 30.28416, -97.639974 30.284437, -97.640376 30.284678, -97.640286 30.284954, -97.640232 30.285121, -97.640073 30.285346, -97.639937 30.285541, -97.639543 30.285918, -97.6394 30.286116, -97.639204 30.28653, -97.639161 30.286691, -97.63886 30.287188, -97.638051 30.286807, -97.637135 30.287935, -97.639162 30.288906, -97.640288 30.289446, -97.640076 30.289826, -97.640439 30.290029, -97.640767 30.290186, -97.640913 30.290257, -97.640967 30.290304, -97.640949 30.290378))",39.1,1214.0,66667.0,40.0,0.0,1144508.4226493584,0.0010607174014410305
"POLYGON ((-97.915849 30.558267, -97.915829 30.558485, -97.915804 30.558789, -97.915804 30.559011, -97.915804 30.559127, -97.915804 30.559415, -97.915805 30.559451, -97.915813 30.559869, -97.915755 30.560927, -97.915653 30.562487, -97.915638 30.562782, -97.915579 30.563009, -97.915517 30.562988, -97.915496 30.562806, -97.915616 30.560828, -97.915679 30.559818, -97.915463 30.559702, -97.915478 30.559371, -97.915482 30.559286, -97.914533 30.558864, -97.914392 30.558813, -97.91404 30.558701, -97.913476 30.558567, -97.91253 30.558359, -97.910627 30.55789, -97.906636 30.557051, -97.905721 30.556725, -97.904074 30.555012, -97.904191 30.554841, -97.904036 30.553848, -97.903444 30.553647, -97.902606 30.553361, -97.901201 30.551744, -97.900961 30.551468, -97.900424 30.550847, -97.90013 30.550507, -97.899551 30.549836, -97.899267 30.549687, -97.898646 30.549361, -97.898438 30.549129, -97.898451 30.548639, -97.898219 30.548641, -97.89349 30.54868, -97.892972 30.549222, -97.890573 30.551795, -97.886785 30.555843, -97.88412 30.553593, -97.883369 30.552958, -97.882289 30.553805, -97.881527 30.553421, -97.881295 30.553304, -97.881241 30.553277, -97.880619 30.552963, -97.880308 30.552806, -97.878788 30.55204, -97.877153 30.551215, -97.875746 30.550506, -97.87529 30.550276, -97.874485 30.549867, -97.874197 30.549721, -97.873936 30.549588, -97.873841 30.54954, -97.873802 30.54952, -97.873769 30.549503, -97.873648 30.549441, -97.873878 30.549399, -97.874107 30.549341, -97.874214 30.549314, -97.87452 30.549208, -97.874843 30.54907, -97.875287 30.548866, -97.875627 30.548721, -97.875874 30.548642, -97.876147 30.548579, -97.876602 30.54851, -97.876778 30.548476, -97.876976 30.54845, -97.877106 30.548444, -97.877458 30.548447, -97.877939 30.54849, -97.878255 30.548493, -97.878528 30.548467, -97.878795 30.548418, -97.8792 30.548296, -97.879464 30.548227, -97.879549 30.5482, -97.879754 30.548134, -97.880027 30.548029, -97.880277 30.547894, -97.880445 30.547789, -97.88064 30.54764, -97.880857 30.547439, -97.881055 30.547222, -97.881213 30.547005, -97.881427 30.546629, -97.881605 30.546333, -97.881773 30.546043, -97.881931 30.545753, -97.882244 30.545233, -97.882306 30.545127, -97.882504 30.544788, -97.882751 30.544366, -97.882929 30.54406, -97.883041 30.543833, -97.883193 30.543474, -97.883272 30.54323, -97.883328 30.542989, -97.883354 30.542713, -97.883354 30.542433, -97.883328 30.542173, -97.883281 30.541949, -97.883235 30.541774, -97.883143 30.541474, -97.883084 30.541339, -97.882982 30.541148, -97.882896 30.540997, -97.882827 30.540845, -97.882784 30.540717, -97.882754 30.540581, -97.882741 30.540519, -97.882722 30.540345, -97.882708 30.54016, -97.882698 30.540035, -97.882672 30.539946, -97.882557 30.539518, -97.882504 30.539284, -97.882484 30.539109, -97.882488 30.538882, -97.882514 30.538744, -97.882534 30.538638, -97.882613 30.538375, -97.882712 30.53819, -97.882909 30.537851, -97.88312 30.537528, -97.883308 30.537248, -97.883505 30.536939, -97.883664 30.536669, -97.883878 30.53631, -97.884052 30.536033, -97.884151 30.535799, -97.884194 30.535667, -97.884243 30.535545, -97.884296 30.535457, -97.884355 30.535381, -97.884438 30.535298, -97.884527 30.535229, -97.884615 30.535173, -97.884777 30.535124, -97.884917 30.535075, -97.885189 30.535001, -97.885341 30.534945, -97.885509 30.534872, -97.885696 30.534757, -97.885787 30.534678, -97.885835 30.534631, -97.885887 30.53458, -97.88601 30.534466, -97.886079 30.534412, -97.886229 30.534314, -97.886312 30.534267, -97.88635 30.534247, -97.8864 30.534223, -97.886491 30.534178, -97.886586 30.534133, -97.886774 30.534041, -97.886864 30.533996, -97.886953 30.533951, -97.887043 30.533906, -97.88723 30.533813, -97.887327 30.533764, -97.887426 30.533715, -97.887627 30.533614, -97.887825 30.53351, -97.887924 30.533455, -97.888024 30.533396, -97.888126 30.533333, -97.888336 30.533192, -97.888551 30.533033, -97.888598 30.532994, -97.888763 30.532863, -97.888862 30.532777, -97.888956 30.532693, -97.889041 30.532612, -97.889121 30.532533, -97.889269 30.532375, -97.889284 30.532356, -97.889334 30.532297, -97.889434 30.532358, -97.889493 30.532394, -97.889554 30.532433, -97.889619 30.532473, -97.889763 30.53257, -97.889924 30.532676, -97.890087 30.532783, -97.890334 30.532941, -97.890416 30.532997, -97.890497 30.533055, -97.89058 30.533112, -97.890663 30.53317, -97.890751 30.533238, -97.89082 30.533291, -97.89089 30.533352, -97.890932 30.533392, -97.890952 30.533411, -97.891058 30.533532, -97.891081 30.533564, -97.891104 30.533596, -97.89115 30.533665, -97.891252 30.533806, -97.891437 30.534029, -97.891516 30.534092, -97.891599 30.534148, -97.891681 30.534195, -97.891833 30.534263, -97.891908 30.534288, -97.891989 30.53431, -97.892078 30.534332, -97.892173 30.534356, -97.892375 30.53442, -97.892478 30.534461, -97.892579 30.534513, -97.892751 30.534663, -97.892822 30.534759, -97.892887 30.534861, -97.893024 30.535053, -97.893042 30.535072, -97.893102 30.535137, -97.893185 30.535213, -97.893374 30.535345, -97.893479 30.535403, -97.893588 30.535458, -97.893699 30.535513, -97.893762 30.535545, -97.894052 30.535691, -97.894182 30.535754, -97.894373 30.535844, -97.894463 30.535887, -97.89461 30.535957, -97.894759 30.53603, -97.894791 30.536048, -97.895038 30.536191, -97.89506 30.536212, -97.895239 30.536378, -97.8953 30.536479, -97.895343 30.536577, -97.895409 30.536757, -97.89544 30.536838, -97.895527 30.537062, -97.895556 30.537143, -97.895578 30.537203, -97.895605 30.537273, -97.895635 30.537343, -97.895672 30.537416, -97.89578 30.537567, -97.895958 30.537718, -97.896239 30.537826, -97.896367 30.537885, -97.896521 30.537915, -97.896929 30.537958, -97.897055 30.537955, -97.897186 30.537938, -97.897471 30.537881, -97.897624 30.537852, -97.897931 30.537802, -97.898072 30.537788, -97.898337 30.537788, -97.898464 30.537803, -97.898591 30.537826, -97.898829 30.537893, -97.898942 30.53794, -97.899046 30.537992, -97.899229 30.538107, -97.89931 30.538167, -97.899386 30.538228, -97.899457 30.538288, -97.899616 30.538429, -97.89965 30.538459, -97.899711 30.538513, -97.899771 30.538568, -97.899889 30.538683, -97.899948 30.538742, -97.900007 30.538803, -97.900124 30.538929, -97.90018 30.538994, -97.900234 30.539058, -97.900343 30.539194, -97.9004 30.53927, -97.900576 30.53952, -97.900634 30.539607, -97.900742 30.539791, -97.900793 30.539884, -97.900841 30.539978, -97.900931 30.54016, -97.900971 30.540252, -97.901043 30.540437, -97.901077 30.540532, -97.901101 30.540663, -97.901148 30.540803, -97.90117 30.540922, -97.901195 30.541045, -97.901214 30.541195, -97.901223 30.541412, -97.901205 30.54171, -97.901189 30.541932, -97.901189 30.542149, -97.901175 30.542326, -97.90117 30.542607, -97.901148 30.542952, -97.901145 30.54304, -97.901159 30.5432, -97.901151 30.54338, -97.901147 30.543503, -97.901147 30.543624, -97.901159 30.543978, -97.901167 30.544199, -97.90117 30.544301, -97.901179 30.544595, -97.901186 30.544686, -97.901195 30.544876, -97.901199 30.544974, -97.901212 30.545162, -97.901215 30.54526, -97.901213 30.545358, -97.901207 30.545552, -97.901203 30.545649, -97.901196 30.545747, -97.901179 30.545945, -97.901173 30.54604, -97.901156 30.546322, -97.901157 30.546417, -97.901177 30.546592, -97.90119 30.546698, -97.901208 30.54679, -97.901229 30.546883, -97.901273 30.547032, -97.901435 30.547477, -97.901504 30.547646, -97.901586 30.547803, -97.901717 30.547979, -97.901818 30.548104, -97.901968 30.548248, -97.902081 30.548342, -97.902251 30.548455, -97.902579 30.548624, -97.902942 30.548756, -97.903271 30.548838, -97.903781 30.548912, -97.904308 30.548994, -97.904687 30.549036, -97.90505 30.549036, -97.905371 30.549044, -97.905601 30.549077, -97.905799 30.549143, -97.905997 30.549225, -97.906087 30.549294, -97.906301 30.549023, -97.906598 30.548809, -97.906853 30.548677, -97.907158 30.548611, -97.907503 30.548587, -97.90775 30.54862, -97.908195 30.54876, -97.911571 30.549855, -97.911876 30.549987, -97.912115 30.550143, -97.912329 30.550316, -97.912518 30.550514, -97.912617 30.550645, -97.912641 30.550688, -97.912782 30.550942, -97.915013 30.555479, -97.915129 30.555734, -97.91517 30.555899, -97.915186 30.556031, -97.915162 30.556245, -97.915104 30.556467, -97.914963 30.556925, -97.914692 30.557801, -97.915722 30.558049, -97.915781 30.558076, -97.915822 30.558111, -97.915841 30.558148, -97.915849 30.558187, -97.915849 30.558267))",45.6,1373.0,250001.0,19.0,78.0,4455122.190784412,0.00030818458870558073
"POLYGON ((-97.946368 30.377434, -97.946222 30.377963, -97.946089 30.37837, -97.945912 30.378766, -97.945626 30.37927, -97.94542 30.379653, -97.945134 30.380073, -97.944818 30.38045, -97.944438 30.380903, -97.943869 30.38159, -97.943586 30.381934, -97.943413 30.382177, -97.943252 30.382487, -97.943136 30.382746, -97.943072 30.382974, -97.942938 30.383697, -97.942832 30.384363, -97.94278 30.38464, -97.942715 30.385217, -97.942684 30.386277, -97.942641 30.386531, -97.942554 30.386787, -97.942461 30.387018, -97.942326 30.387271, -97.941789 30.388064, -97.94164 30.388247, -97.941054 30.389137, -97.940837 30.389432, -97.940564 30.389745, -97.940345 30.389928, -97.94005 30.390144, -97.939737 30.390323, -97.93747 30.391607, -97.937384 30.391658, -97.937297 30.391708, -97.9368 30.391969, -97.935511 30.393009, -97.934805 30.393579, -97.933806 30.394723, -97.932356 30.396355, -97.931613 30.396932, -97.930796 30.397349, -97.930359 30.397508, -97.930143 30.397561, -97.929824 30.397615, -97.9298 30.397619, -97.929714 30.397631, -97.929631 30.397626, -97.929558 30.397625, -97.929243 30.397621, -97.929187 30.397616, -97.928914 30.397615, -97.928878 30.397614, -97.928803 30.397613, -97.928517 30.397573, -97.927671 30.397455, -97.926323 30.397229, -97.925107 30.397063, -97.924654 30.396992, -97.9242 30.396922, -97.923345 30.396788, -97.923026 30.396738, -97.92279 30.396722, -97.921863 30.396657, -97.920783 30.396695, -97.918403 30.396741, -97.917939 30.39668, -97.917428 30.396588, -97.916845 30.396482, -97.916046 30.396247, -97.914936 30.395809, -97.91403 30.395492, -97.91392 30.395453, -97.913877 30.395442, -97.912614 30.394778, -97.912248 30.394563, -97.911961 30.394322, -97.911701 30.394079, -97.911521 30.393919, -97.91133 30.393734, -97.911219 30.393634, -97.911079 30.393445, -97.910945 30.393261, -97.910859 30.393143, -97.910656 30.392855, -97.910557 30.392704, -97.910067 30.392129, -97.909836 30.391786, -97.909349 30.391076, -97.909558 30.390976, -97.910514 30.390675, -97.911094 30.390492, -97.911741 30.389871, -97.912182 30.389448, -97.912622 30.389024, -97.913405 30.388272, -97.913417 30.388232, -97.913522 30.387893, -97.914483 30.384781, -97.914481 30.38472, -97.914383 30.380965, -97.914315 30.37832, -97.914329 30.375804, -97.914322 30.375697, -97.914416 30.375697, -97.915288 30.375701, -97.915603 30.375701, -97.916022 30.375594, -97.916247 30.375681, -97.916844 30.375734, -97.917182 30.375985, -97.917385 30.37625, -97.917603 30.377084, -97.917622 30.377107, -97.917915 30.377465, -97.918024 30.377547, -97.918045 30.377563, -97.918103 30.377608, -97.918173 30.377646, -97.918278 30.377681, -97.918422 30.377696, -97.918582 30.377676, -97.918665 30.377657, -97.918761 30.377661, -97.918877 30.377674, -97.918993 30.377687, -97.919048 30.377702, -97.919103 30.377731, -97.919162 30.377785, -97.919317 30.377869, -97.919444 30.377906, -97.919551 30.377919, -97.919636 30.377939, -97.919704 30.377967, -97.919766 30.378009, -97.919855 30.378188, -97.919885 30.378286, -97.919914 30.378627, -97.919936 30.378741, -97.919969 30.378831, -97.919997 30.378908, -97.920047 30.379015, -97.920119 30.37915, -97.920303 30.379435, -97.920402 30.379557, -97.920576 30.379727, -97.920714 30.379841, -97.920795 30.379927, -97.920841 30.380032, -97.920878 30.380134, -97.920907 30.380259, -97.920955 30.380566, -97.920982 30.380666, -97.921015 30.380716, -97.92107 30.380777, -97.921148 30.380835, -97.921269 30.380882, -97.9214 30.380904, -97.921555 30.380922, -97.921616 30.38093, -97.921675 30.380954, -97.921813 30.381037, -97.921894 30.381107, -97.921944 30.38116, -97.92196 30.381195, -97.922067 30.381527, -97.922187 30.381936, -97.922279 30.382197, -97.922335 30.382345, -97.922478 30.38266, -97.922491 30.382708, -97.922543 30.382896, -97.922558 30.38301, -97.922545 30.383262, -97.922497 30.383572, -97.92249 30.383751, -97.922483 30.383953, -97.922483 30.384069, -97.922497 30.384169, -97.922544 30.384325, -97.922542 30.38441, -97.922553 30.384478, -97.922596 30.384603, -97.922621 30.384692, -97.922727 30.384915, -97.922823 30.38509, -97.922857 30.385131, -97.923046 30.385267, -97.923355 30.385475, -97.923632 30.385717, -97.923921 30.385943, -97.924473 30.38656, -97.924567 30.386675, -97.924648 30.386747, -97.924746 30.386824, -97.924868 30.386905, -97.924958 30.386945, -97.925113 30.386995, -97.925185 30.386912, -97.925357 30.386611, -97.925619 30.386441, -97.925805 30.386332, -97.926009 30.386214, -97.926293 30.386092, -97.927154 30.385647, -97.927344 30.385516, -97.92741 30.385447, -97.927453 30.3854, -97.927536 30.385265, -97.927632 30.385113, -97.927749 30.385021, -97.92794 30.384891, -97.928959 30.384344, -97.929212 30.38423, -97.929333 30.384132, -97.929454 30.384035, -97.929581 30.383893, -97.929612 30.383787, -97.929616 30.383711, -97.929579 30.383648, -97.92951 30.383575, -97.929391 30.383473, -97.929186 30.383337, -97.929014 30.38325, -97.928779 30.383192, -97.928134 30.383105, -97.927981 30.382186, -97.928774 30.382077, -97.929133 30.382207, -97.929569 30.382356, -97.929688 30.382375, -97.929766 30.382371, -97.92985 30.382358, -97.92993 30.382319, -97.929999 30.382269, -97.930077 30.382201, -97.93014 30.382099, -97.930328 30.38156, -97.930867 30.380907, -97.931077 30.380667, -97.931342 30.380379, -97.931543 30.380191, -97.931782 30.379887, -97.931955 30.379675, -97.9322 30.379463, -97.932654 30.379173, -97.932815 30.379038, -97.932906 30.378951, -97.932977 30.378861, -97.933025 30.378784, -97.933045 30.378696, -97.933048 30.378577, -97.93304 30.378519, -97.932965 30.37836, -97.93277 30.377848, -97.932775 30.377421, -97.932978 30.377346, -97.933208 30.377278, -97.934002 30.377668, -97.934144 30.377697, -97.93424 30.377684, -97.935269 30.376079, -97.935401 30.375004, -97.935467 30.374147, -97.93541 30.373904, -97.935105 30.373634, -97.934751 30.373498, -97.934893 30.373264, -97.935317 30.372664, -97.935652 30.372101, -97.935989 30.371783, -97.936122 30.3719, -97.936621 30.372186, -97.93681 30.372342, -97.937352 30.372862, -97.938797 30.374317, -97.939489 30.374993, -97.939779 30.375272, -97.939934 30.375403, -97.940083 30.375497, -97.940196 30.375543, -97.940345 30.375594, -97.940962 30.375746, -97.941533 30.375863, -97.941773 30.375913, -97.942014 30.375961, -97.943043 30.376156, -97.944416 30.376434, -97.946506 30.376889, -97.946368 30.377434))",42.5,1394.0,193521.0,18.0,22.0,5218925.864980317,0.0002671047713771764
"POLYGON ((-97.991652 30.374122, -97.991664 30.374949, -97.991545 30.376019, -97.991525 30.376469, -97.991495 30.37723, -97.990594 30.377491, -97.989586 30.377469, -97.988578 30.378293, -97.988085 30.378692, -97.987426 30.379227, -97.987084 30.379542, -97.986362 30.380214, -97.984962 30.381256, -97.98438 30.381766, -97.983922 30.382168, -97.982482 30.383384, -97.982147 30.383714, -97.981553 30.384299, -97.981346 30.384504, -97.981315 30.384542, -97.98061 30.3854, -97.979746 30.386472, -97.978706 30.387688, -97.97805 30.388424, -97.97731 30.389083, -97.977026 30.389336, -97.976194 30.390104, -97.97493 30.391032, -97.974531 30.39128, -97.973666 30.391816, -97.973522 30.391887, -97.972895 30.392152, -97.972679 30.392458, -97.971775 30.392844, -97.971662 30.392893, -97.971511 30.392946, -97.970684 30.393237, -97.970127 30.393362, -97.969198 30.393581, -97.96916 30.393591, -97.968942 30.393663, -97.968546 30.393704, -97.967682 30.393896, -97.96629 30.394008, -97.964716 30.394008, -97.966431 30.390808, -97.966259 30.390516, -97.967249 30.388956, -97.967453 30.388686, -97.967694 30.388346, -97.967891 30.387646, -97.967971 30.387421, -97.968004 30.387225, -97.968007 30.387056, -97.967985 30.386832, -97.967894 30.386527, -97.967846 30.386399, -97.967767 30.386296, -97.9677 30.386177, -97.967642 30.386019, -97.967613 30.385883, -97.967781 30.385324, -97.967786 30.385309, -97.967802 30.385278, -97.967906 30.38509, -97.968237 30.384802, -97.968446 30.38463, -97.968588 30.384426, -97.968795 30.383938, -97.96882 30.383763, -97.96886 30.383488, -97.968885 30.383115, -97.968862 30.382917, -97.968792 30.382436, -97.968735 30.382003, -97.968657 30.381671, -97.968567 30.381158, -97.96855 30.380791, -97.968567 30.380463, -97.968573 30.380375, -97.968665 30.379887, -97.968851 30.378933, -97.968888 30.378502, -97.969267 30.377854, -97.970129 30.376542, -97.970235 30.376343, -97.970295 30.376028, -97.970233 30.375818, -97.97023 30.375375, -97.970183 30.375105, -97.970189 30.374871, -97.970218 30.374728, -97.970318 30.374546, -97.970606 30.37415, -97.970993 30.373626, -97.971465 30.372768, -97.972034 30.372138, -97.972847 30.371873, -97.973791 30.371843, -97.974067 30.371559, -97.974741 30.370909, -97.97497 30.370746, -97.975332 30.370609, -97.975797 30.37059, -97.97608 30.370648, -97.976962 30.370702, -97.977156 30.370687, -97.977283 30.370656, -97.977328 30.370624, -97.977532 30.370463, -97.977611 30.370258, -97.977671 30.369907, -97.97771 30.369534, -97.97776 30.369309, -97.977921 30.369114, -97.978374 30.368767, -97.97855 30.368644, -97.978782 30.368497, -97.979068 30.36842, -97.979251 30.368385, -97.979461 30.368334, -97.979611 30.368257, -97.980334 30.368066, -97.980565 30.367985, -97.98082 30.367888, -97.981353 30.367595, -97.982089 30.367524, -97.982144 30.367717, -97.982189 30.367842, -97.982242 30.367958, -97.982379 30.368096, -97.983747 30.36962, -97.984184 30.370136, -97.984668 30.370519, -97.98483 30.370602, -97.985398 30.370676, -97.985623 30.370683, -97.985852 30.370609, -97.986089 30.370517, -97.986336 30.370387, -97.986458 30.370306, -97.986547 30.370225, -97.986595 30.370125, -97.986768 30.369804, -97.986906 30.36956, -97.986971 30.369449, -97.987031 30.369279, -97.98706 30.369131, -97.987093 30.368936, -97.98711 30.368567, -97.987088 30.368409, -97.987066 30.368291, -97.987084 30.368228, -97.987125 30.368132, -97.987162 30.368066, -97.987158 30.368029, -97.987136 30.367862, -97.987066 30.367582, -97.986999 30.367397, -97.986934 30.367175, -97.986899 30.367053, -97.986896 30.366987, -97.986896 30.366906, -97.986973 30.366747, -97.98704 30.366595, -97.987158 30.366436, -97.987247 30.366377, -97.987382 30.366314, -97.98749 30.366269, -97.987573 30.366166, -97.987698 30.366037, -97.987752 30.365953, -97.987798 30.365891, -97.987829 30.365872, -97.987857 30.365833, -97.987868 30.365747, -97.987872 30.365695, -97.987872 30.365671, -97.987877 30.365649, -97.98789 30.365628, -97.987907 30.365608, -97.987926 30.365586, -97.987933 30.365567, -97.987957 30.365427, -97.987972 30.365315, -97.988012 30.364875, -97.988025 30.36476, -97.988077 30.364623, -97.988121 30.3645, -97.988194 30.364388, -97.988276 30.364271, -97.988395 30.364169, -97.988649 30.364024, -97.988639 30.364103, -97.988501 30.364628, -97.988492 30.365029, -97.988498 30.365174, -97.988523 30.365365, -97.988554 30.365528, -97.988558 30.365616, -97.988621 30.365878, -97.988755 30.366189, -97.988806 30.366366, -97.988816 30.366472, -97.988812 30.366546, -97.988797 30.366614, -97.988752 30.366728, -97.988694 30.36682, -97.988657 30.366918, -97.98864 30.366986, -97.98861 30.367148, -97.988578 30.367404, -97.988573 30.367505, -97.988591 30.367611, -97.988611 30.36769, -97.988647 30.367803, -97.988683 30.367963, -97.988725 30.368232, -97.988733 30.368319, -97.988724 30.368418, -97.988712 30.368469, -97.988677 30.368521, -97.988624 30.36858, -97.988755 30.368541, -97.988939 30.368497, -97.989118 30.36847, -97.989294 30.368455, -97.989398 30.368442, -97.989619 30.368402, -97.989748 30.368384, -97.989914 30.368344, -97.990246 30.368228, -97.990437 30.368173, -97.990703 30.368085, -97.990814 30.368038, -97.990926 30.367976, -97.991096 30.367871, -97.991166 30.367828, -97.991146 30.368025, -97.990814 30.368435, -97.989976 30.368807, -97.98959 30.369278, -97.989585 30.369501, -97.989782 30.369983, -97.98977 30.370258, -97.989209 30.37028, -97.988668 30.371158, -97.988489 30.371512, -97.988383 30.371728, -97.988328 30.371816, -97.988257 30.371903, -97.988149 30.37202, -97.987953 30.372197, -97.98762 30.372503, -97.98751 30.372607, -97.987328 30.372793, -97.987238 30.372942, -97.987535 30.3736, -97.987406 30.37365, -97.987252 30.373728, -97.986953 30.374053, -97.986903 30.374099, -97.986818 30.374131, -97.986744 30.374138, -97.986657 30.37414, -97.986489 30.374138, -97.986273 30.37414, -97.986031 30.374163, -97.9859 30.374289, -97.985851 30.3744, -97.985813 30.374676, -97.985735 30.374961, -97.985744 30.375112, -97.985841 30.375236, -97.985979 30.375363, -97.985018 30.376735, -97.986866 30.375889, -97.987385 30.375641, -97.987845 30.375457, -97.988328 30.375186, -97.988985 30.37485, -97.989206 30.374754, -97.989381 30.374666, -97.989841 30.374478, -97.990116 30.37434, -97.990641 30.374073, -97.991114 30.37382, -97.991418 30.373733, -97.991514 30.373692, -97.991684 30.373554, -97.991652 30.374122))",56.2,1909.0,205417.0,43.0,25.0,3766057.770737782,0.0005068961009660829
"POLYGON ((-97.914483 30.384781, -97.913522 30.387893, -97.913417 30.388232, -97.913405 30.388272, -97.912622 30.389024, -97.912182 30.389448, -97.911741 30.389871, -97.911094 30.390492, -97.910514 30.390675, -97.909558 30.390976, -97.909349 30.391076, -97.909157 30.390759, -97.909016 30.390537, -97.90882 30.390188, -97.908579 30.389767, -97.908357 30.389405, -97.90818 30.389117, -97.908039 30.38891, -97.907832 30.388637, -97.907725 30.388511, -97.907444 30.388238, -97.907201 30.388053, -97.906935 30.387868, -97.90678 30.387762, -97.906406 30.387576, -97.906241 30.387514, -97.906022 30.387432, -97.90526 30.387253, -97.904992 30.38722, -97.904725 30.387186, -97.903901 30.387084, -97.898588 30.38766, -97.897051 30.387488, -97.895028 30.387565, -97.893793 30.387841, -97.893467 30.38784, -97.893101 30.388004, -97.892894 30.3881, -97.892539 30.388264, -97.892143 30.388448, -97.891341 30.388947, -97.890941 30.389223, -97.890343 30.388103, -97.890148 30.387736, -97.890177 30.387727, -97.890296 30.387674, -97.890345 30.387648, -97.890546 30.387508, -97.890746 30.387354, -97.890814 30.387285, -97.891 30.387044, -97.891113 30.386881, -97.891164 30.386861, -97.891247 30.386816, -97.891316 30.386757, -97.891521 30.386568, -97.891557 30.386538, -97.89162 30.386486, -97.891769 30.386385, -97.891886 30.386317, -97.892075 30.386224, -97.892239 30.386165, -97.892484 30.386113, -97.892602 30.386074, -97.892715 30.386024, -97.89281 30.385973, -97.892874 30.385926, -97.892929 30.385864, -97.892995 30.385763, -97.893088 30.385595, -97.893214 30.385422, -97.893459 30.385099, -97.893499 30.385063, -97.893726 30.384919, -97.893848 30.384851, -97.893944 30.384814, -97.894348 30.38472, -97.894419 30.384694, -97.894479 30.38466, -97.894577 30.384581, -97.894678 30.384479, -97.894754 30.384422, -97.894826 30.384386, -97.89496 30.384339, -97.895112 30.384291, -97.89516 30.384265, -97.895204 30.384229, -97.895337 30.384087, -97.895385 30.384019, -97.895413 30.383948, -97.895432 30.383845, -97.895456 30.383551, -97.895461 30.383434, -97.895456 30.383403, -97.895524 30.383377, -97.895569 30.383349, -97.895604 30.38331, -97.895766 30.383071, -97.895786 30.383058, -97.895828 30.383047, -97.896054 30.383016, -97.896147 30.383009, -97.896403 30.382994, -97.896512 30.38301, -97.896617 30.383045, -97.896783 30.383074, -97.896872 30.383109, -97.896912 30.383117, -97.897051 30.383115, -97.89717 30.383119, -97.897229 30.383112, -97.897278 30.38309, -97.897304 30.38307, -97.897367 30.383006, -97.897462 30.382933, -97.898004 30.382681, -97.898309 30.382522, -97.898291 30.382512, -97.898268 30.382512, -97.898199 30.382498, -97.898161 30.382482, -97.898101 30.382434, -97.898053 30.382372, -97.898009 30.382288, -97.897965 30.382162, -97.897904 30.382048, -97.897815 30.381935, -97.897623 30.381541, -97.897575 30.38146, -97.897546 30.381411, -97.897468 30.381223, -97.897431 30.38117, -97.897409 30.381152, -97.89735 30.38112, -97.897285 30.381102, -97.897217 30.381097, -97.897132 30.38108, -97.897083 30.38106, -97.897028 30.381021, -97.896886 30.380879, -97.896723 30.380698, -97.896631 30.380453, -97.896572 30.380351, -97.896522 30.380286, -97.896512 30.380276, -97.897046 30.378558, -97.897196 30.378307, -97.89723 30.378275, -97.897312 30.378222, -97.897908 30.377966, -97.8982 30.37784, -97.898307 30.377789, -97.89844 30.377707, -97.89856 30.37761, -97.898646 30.377524, -97.89871 30.377453, -97.898799 30.377345, -97.898862 30.37725, -97.89891 30.37716, -97.898957 30.377037, -97.898968 30.377021, -97.899114 30.376405, -97.898946 30.376369, -97.898842 30.376334, -97.898714 30.376285, -97.89857 30.376213, -97.898435 30.376128, -97.89834 30.376055, -97.898226 30.375951, -97.898109 30.375814, -97.897913 30.375521, -97.897815 30.375343, -97.897469 30.374847, -97.89735 30.374633, -97.897225 30.374474, -97.897118 30.374368, -97.89699 30.374263, -97.89686 30.374178, -97.89668 30.374084, -97.896563 30.374038, -97.896453 30.374003, -97.895985 30.373887, -97.896049 30.373493, -97.896201 30.373499, -97.896388 30.373495, -97.896689 30.373487, -97.896828 30.373466, -97.896965 30.37343, -97.897319 30.373378, -97.897385 30.373383, -97.897819 30.373444, -97.897938 30.373451, -97.898017 30.373451, -97.898266 30.373465, -97.898395 30.373593, -97.898469 30.373652, -97.898508 30.373676, -97.898612 30.37372, -97.898696 30.373737, -97.89879 30.373748, -97.89884 30.373765, -97.899007 30.373896, -97.899071 30.373925, -97.899164 30.373954, -97.899256 30.373968, -97.899538 30.373983, -97.900384 30.374008, -97.900762 30.374038, -97.90088 30.37406, -97.901157 30.374149, -97.901206 30.374168, -97.901738 30.374421, -97.901804 30.374438, -97.901916 30.374452, -97.902033 30.374449, -97.902125 30.374432, -97.90222 30.374403, -97.902314 30.374362, -97.902565 30.374222, -97.902776 30.374111, -97.90297 30.37403, -97.903043 30.37401, -97.903108 30.374003, -97.903612 30.373999, -97.903872 30.373978, -97.90398 30.373961, -97.904103 30.373932, -97.904164 30.373914, -97.904275 30.373868, -97.904377 30.373814, -97.904499 30.373733, -97.904634 30.373636, -97.904727 30.37359, -97.904764 30.373576, -97.90483 30.373562, -97.904866 30.373561, -97.905262 30.373638, -97.905324 30.373659, -97.905384 30.373671, -97.905501 30.373682, -97.90556 30.373694, -97.905609 30.373709, -97.90567 30.373741, -97.90576 30.3738, -97.905964 30.373924, -97.906043 30.37399, -97.906131 30.374094, -97.906192 30.374181, -97.906244 30.374274, -97.906323 30.374358, -97.906485 30.374494, -97.906792 30.374722, -97.906998 30.374987, -97.907191 30.375213, -97.907336 30.375365, -97.907532 30.375544, -97.907633 30.375659, -97.908075 30.375782, -97.908406 30.37589, -97.908675 30.375946, -97.90886 30.376011, -97.909188 30.376146, -97.909279 30.376188, -97.909352 30.376204, -97.909391 30.376199, -97.909963 30.375916, -97.910215 30.375759, -97.910342 30.375698, -97.910492 30.375641, -97.910561 30.375619, -97.910686 30.375582, -97.910963 30.375509, -97.911187 30.375462, -97.911289 30.375449, -97.911416 30.375447, -97.911558 30.375551, -97.911753 30.375671, -97.911773 30.375478, -97.911877 30.375507, -97.911995 30.375518, -97.912066 30.375511, -97.912117 30.375496, -97.912154 30.37547, -97.912175 30.375445, -97.912184 30.375423, -97.912189 30.375392, -97.9122 30.375364, -97.912255 30.375261, -97.912265 30.375206, -97.912249 30.375148, -97.912208 30.37505, -97.912148 30.374882, -97.912132 30.374767, -97.912136 30.374696, -97.91211 30.374498, -97.912108 30.374358, -97.912117 30.374241, -97.912132 30.37419, -97.912155 30.374156, -97.912191 30.374132, -97.912231 30.37413, -97.912256 30.374142, -97.912287 30.374174, -97.91234 30.374257, -97.912418 30.374332, -97.912489 30.374386, -97.912577 30.374431, -97.912685 30.374472, -97.912835 30.374514, -97.91291 30.374546, -97.912962 30.374584, -97.913019 30.374642, -97.913139 30.374778, -97.913175 30.374803, -97.913198 30.374804, -97.913227 30.374783, -97.913324 30.374676, -97.913356 30.374662, -97.913392 30.374659, -97.913461 30.374669, -97.913596 30.374708, -97.913622 30.374715, -97.913712 30.37473, -97.913894 30.374626, -97.914247 30.374479, -97.914322 30.375697, -97.914329 30.375804, -97.914315 30.37832, -97.914383 30.380965, -97.914481 30.38472, -97.914483 30.384781))",43.5,1518.0,250001.0,61.0,29.0,2680214.079359011,0.000566372668396339
"POLYGON ((-97.876564 30.21182, -97.876276 30.213701, -97.876244 30.213806, -97.875961 30.214523, -97.875937 30.214579, -97.875884 30.214557, -97.875825 30.214541, -97.875789 30.214529, -97.875225 30.214327, -97.874965 30.214214, -97.874795 30.214102, -97.874683 30.21401, -97.874596 30.213911, -97.874194 30.2136, -97.873793 30.213513, -97.873476 30.213664, -97.873445 30.2137, -97.873137 30.214048, -97.872695 30.214551, -97.872624 30.214632, -97.872441 30.214917, -97.87227 30.215175, -97.871766 30.215933, -97.871267 30.21669, -97.870222 30.218285, -97.869569 30.219196, -97.869355 30.219371, -97.868988 30.219617, -97.868429 30.22006, -97.867942 30.220404, -97.867893 30.220435, -97.866924 30.220955, -97.866475 30.221188, -97.866052 30.221333, -97.865356 30.221571, -97.864245 30.221781, -97.8634 30.222034, -97.862582 30.222816, -97.86183 30.222427, -97.860758 30.221939, -97.85866 30.220922, -97.857805 30.220504, -97.85813 30.219988, -97.85884 30.219182, -97.859541 30.218769, -97.860063 30.218607, -97.860689 30.218414, -97.861421 30.217934, -97.861825 30.217271, -97.862477 30.216253, -97.862743 30.215961, -97.864929 30.212468, -97.865196 30.211992, -97.865537 30.211448, -97.865977 30.210909, -97.866384 30.210703, -97.867919 30.209847, -97.868426 30.209423, -97.868693 30.209151, -97.868954 30.208712, -97.869337 30.20793, -97.869388 30.207936, -97.869569 30.207981, -97.869798 30.208045, -97.870093 30.208152, -97.870402 30.208299, -97.870692 30.20847, -97.870978 30.208652, -97.871178 30.208814, -97.87139 30.208996, -97.871633 30.209259, -97.871881 30.209557, -97.872088 30.209833, -97.87231 30.210093, -97.872359 30.210186, -97.872746 30.210597, -97.873344 30.211029, -97.873425 30.211082, -97.873503 30.211124, -97.874142 30.211406, -97.874245 30.211432, -97.874669 30.211539, -97.875478 30.211657, -97.876357 30.211727, -97.876408 30.211732, -97.876563 30.211746, -97.876564 30.21182))",48.4,1810.0,201406.0,52.0,0.0,1245831.4242521953,0.0014528450356647927
"POLYGON ((-97.740769 30.316694, -97.739912 30.318019, -97.739561 30.318595, -97.737547 30.317658, -97.736848 30.318766, -97.73647 30.319391, -97.735734 30.320526, -97.735313 30.32118, -97.734892 30.321851, -97.734008 30.32328, -97.733086 30.322834, -97.732072 30.322366, -97.731865 30.322262, -97.731879 30.322182, -97.733537 30.319415, -97.733468 30.319394, -97.733255 30.319323, -97.731133 30.318265, -97.731455 30.317762, -97.731525 30.317662, -97.732176 30.316699, -97.732223 30.316499, -97.732249 30.316264, -97.732281 30.315841, -97.732325 30.315366, -97.732352 30.315023, -97.732472 30.313529, -97.732517 30.313047, -97.73265 30.311856, -97.732704 30.311571, -97.732836 30.311058, -97.732976 30.310843, -97.733469 30.311124, -97.735306 30.312172, -97.737571 30.313464, -97.738776 30.314041, -97.739649 30.31448, -97.74056 30.3149, -97.741567 30.315401, -97.740769 30.316694))",26.1,2265.0,98609.0,606.0,365.0,641565.6275907191,0.003530426043093655
"POLYGON ((-97.736176 30.378682, -97.73593 30.379197, -97.735884 30.379188, -97.735834 30.37918, -97.735176 30.380893, -97.734391 30.382943, -97.733745 30.384544, -97.733206 30.385829, -97.731173 30.390669, -97.731099 30.390846, -97.730512 30.392235, -97.730084 30.393265, -97.729669 30.394251, -97.729622 30.394359, -97.729609 30.394378, -97.729602 30.394404, -97.729445 30.394768, -97.728683 30.396026, -97.728567 30.396425, -97.728296 30.397426, -97.727936 30.3993, -97.727851 30.399697, -97.727926 30.400235, -97.728043 30.402017, -97.728046 30.40209, -97.727792 30.402133, -97.727579 30.401666, -97.726961 30.400633, -97.72672 30.400541, -97.7262 30.400387, -97.725762 30.400366, -97.725181 30.400261, -97.725044 30.400237, -97.723778 30.399863, -97.723269 30.399714, -97.723159 30.399668, -97.722517 30.399403, -97.7215 30.39904, -97.720672 30.398803, -97.720013 30.398556, -97.719476 30.398377, -97.719319 30.398324, -97.719346 30.398245, -97.720399 30.395203, -97.720915 30.39375, -97.721147 30.393095, -97.721742 30.391203, -97.720732 30.390985, -97.717944 30.390392, -97.717111 30.390338, -97.717141 30.390222, -97.717151 30.3902, -97.717152 30.390178, -97.717203 30.389979, -97.718261 30.385843, -97.719067 30.382695, -97.719228 30.381965, -97.719526 30.380616, -97.719574 30.380543, -97.719712 30.380312, -97.719831 30.380072, -97.719908 30.37989, -97.719974 30.379701, -97.720045 30.37945, -97.720633 30.378359, -97.722866 30.374217, -97.723115 30.373755, -97.723294 30.373523, -97.72341 30.373349, -97.723515 30.373173, -97.723641 30.37293, -97.723722 30.372742, -97.723793 30.372554, -97.723849 30.372365, -97.723869 30.372297, -97.723914 30.372095, -97.726302 30.373232, -97.726497 30.373325, -97.72818 30.374128, -97.728661 30.374358, -97.729496 30.37479, -97.731047 30.375561, -97.731262 30.375671, -97.731776 30.375934, -97.732464 30.376321, -97.73274 30.376476, -97.732836 30.376532, -97.733058 30.376661, -97.73354 30.376954, -97.735073 30.37797, -97.735123 30.378003, -97.735222 30.378069, -97.735851 30.378486, -97.736006 30.378579, -97.736176 30.378682))",31.0,3779.0,94055.0,74.0,76.0,3364610.991644739,0.0011231610457744755
"POLYGON ((-97.729175 30.411567, -97.727297 30.411665, -97.726445 30.411717, -97.726257 30.411727, -97.725261 30.411781, -97.724947 30.411762, -97.724653 30.411771, -97.723505 30.41183, -97.723455 30.411837, -97.723398 30.411833, -97.722991 30.411808, -97.722749 30.411778, -97.722533 30.411746, -97.722129 30.411654, -97.722036 30.411632, -97.721956 30.411603, -97.721602 30.411464, -97.721406 30.411381, -97.720966 30.411136, -97.720437 30.410824, -97.719925 30.410537, -97.719654 30.410385, -97.719433 30.410301, -97.719227 30.410261, -97.719046 30.410236, -97.718856 30.410232, -97.718674 30.410236, -97.718475 30.410253, -97.718159 30.41029, -97.717654 30.410323, -97.717464 30.410311, -97.717266 30.410279, -97.717094 30.410223, -97.716849 30.41012, -97.716645 30.409986, -97.716484 30.409825, -97.716365 30.409658, -97.716304 30.40956, -97.716244 30.409427, -97.716215 30.409282, -97.716158 30.409149, -97.716106 30.409117, -97.716095 30.409059, -97.71599 30.40858, -97.716149 30.408568, -97.716232 30.408554, -97.717545 30.408335, -97.718574 30.408222, -97.719591 30.407959, -97.720665 30.407596, -97.7213 30.407342, -97.722498 30.406761, -97.724428 30.405676, -97.725854 30.404846, -97.727287 30.403619, -97.728116 30.402932, -97.728097 30.403679, -97.728122 30.40383, -97.728318 30.404003, -97.728576 30.405491, -97.728848 30.406987, -97.729016 30.408808, -97.729091 30.409908, -97.72912 30.410328, -97.72915 30.411223, -97.729175 30.411567))",29.9,1076.0,76430.0,177.0,47.0,645965.6980144581,0.001665723123236053
"POLYGON ((-97.71599 30.40858, -97.714476 30.408889, -97.713961 30.409046, -97.713431 30.409242, -97.712803 30.409485, -97.711954 30.409948, -97.71191 30.40997, -97.71188 30.409928, -97.711831 30.40988, -97.711809 30.409866, -97.711748 30.409844, -97.711658 30.409797, -97.71154 30.409746, -97.71145 30.409705, -97.711402 30.409679, -97.711306 30.409632, -97.711262 30.409609, -97.711213 30.40959, -97.711113 30.409553, -97.71103 30.409519, -97.710595 30.409312, -97.71051 30.409267, -97.710404 30.409234, -97.710328 30.409227, -97.710266 30.409236, -97.710232 30.409243, -97.710147 30.409274, -97.710083 30.409321, -97.710026 30.409369, -97.709988 30.409407, -97.709961 30.409458, -97.709949 30.409495, -97.70995 30.409537, -97.709925 30.40965, -97.709929 30.409691, -97.709951 30.409751, -97.709974 30.409796, -97.71 30.40982, -97.710052 30.409837, -97.710104 30.409846, -97.710118 30.409871, -97.710113 30.409889, -97.710086 30.409918, -97.710054 30.409936, -97.709988 30.409954, -97.709917 30.409959, -97.709845 30.409971, -97.709782 30.409986, -97.709551 30.410006, -97.709403 30.410004, -97.709376 30.409998, -97.709324 30.409973, -97.709235 30.409917, -97.70919 30.409867, -97.709115 30.409698, -97.709043 30.409564, -97.708978 30.409427, -97.708936 30.409349, -97.708916 30.409298, -97.708886 30.40916, -97.70888 30.40905, -97.708832 30.408948, -97.708819 30.408888, -97.70879 30.408649, -97.708791 30.408614, -97.708806 30.408535, -97.708806 30.408477, -97.708798 30.408421, -97.708793 30.408335, -97.7088 30.408251, -97.708834 30.408194, -97.708847 30.40807, -97.708885 30.408012, -97.708926 30.407963, -97.708961 30.407886, -97.70898 30.407781, -97.709013 30.407702, -97.709079 30.407579, -97.709115 30.407546, -97.70915 30.407531, -97.709176 30.407504, -97.709197 30.407443, -97.709196 30.407335, -97.70924 30.40721, -97.709316 30.407061, -97.709356 30.406999, -97.709387 30.406944, -97.709412 30.406874, -97.709461 30.406787, -97.709503 30.406735, -97.709543 30.4067, -97.709582 30.406658, -97.709629 30.40659, -97.709661 30.40653, -97.709663 30.406488, -97.709657 30.406445, -97.709659 30.406373, -97.709668 30.406299, -97.70967 30.406236, -97.709656 30.40616, -97.709588 30.406002, -97.709557 30.405959, -97.709525 30.405928, -97.709498 30.405879, -97.709417 30.40576, -97.709376 30.405716, -97.709267 30.405632, -97.709114 30.405554, -97.709022 30.405517, -97.708827 30.405461, -97.708763 30.405448, -97.708694 30.40544, -97.708561 30.405417, -97.708407 30.405422, -97.708357 30.405411, -97.708316 30.405387, -97.708259 30.405342, -97.708164 30.405284, -97.708079 30.405257, -97.70791 30.405159, -97.707837 30.405129, -97.707666 30.40509, -97.707537 30.405064, -97.707457 30.40506, -97.707249 30.405077, -97.707109 30.405109, -97.707026 30.405122, -97.706655 30.40527, -97.706602 30.40532, -97.706267 30.405572, -97.706005 30.405782, -97.705896 30.405882, -97.70585 30.405913, -97.705746 30.405954, -97.705701 30.405985, -97.705663 30.406025, -97.705625 30.406115, -97.705546 30.406236, -97.705462 30.406335, -97.705423 30.406366, -97.705364 30.406383, -97.705292 30.406385, -97.70527 30.406389, -97.705224 30.406418, -97.705172 30.406466, -97.705105 30.406523, -97.705058 30.406572, -97.7049 30.406778, -97.704845 30.406831, -97.704794 30.40687, -97.704725 30.406911, -97.704665 30.406935, -97.704592 30.406958, -97.704468 30.406984, -97.704426 30.406978, -97.704358 30.406954, -97.704299 30.406923, -97.704068 30.406674, -97.704027 30.406619, -97.703991 30.406554, -97.703985 30.406491, -97.703965 30.406447, -97.703928 30.406404, -97.70388 30.406359, -97.703814 30.406317, -97.703731 30.406276, -97.703637 30.406239, -97.70343 30.406178, -97.702912 30.406069, -97.702831 30.406065, -97.70274 30.406049, -97.70244 30.406019, -97.702376 30.406007, -97.70224 30.405993, -97.702134 30.405977, -97.701905 30.405907, -97.701839 30.405881, -97.70172 30.405813, -97.701662 30.405766, -97.701605 30.405732, -97.701516 30.405694, -97.701467 30.405679, -97.701388 30.40568, -97.701346 30.405685, -97.701279 30.405685, -97.701225 30.405673, -97.701125 30.405633, -97.700764 30.405613, -97.700693 30.405619, -97.700637 30.40563, -97.700252 30.405739, -97.70007 30.405753, -97.700012 30.405762, -97.699957 30.40578, -97.69983 30.405833, -97.699793 30.405852, -97.699564 30.405923, -97.699428 30.405957, -97.699295 30.405979, -97.699089 30.405987, -97.698882 30.40599, -97.698707 30.406003, -97.698486 30.406037, -97.698348 30.406051, -97.698312 30.406049, -97.697941 30.405982, -97.697843 30.405976, -97.697736 30.405978, -97.698049 30.405084, -97.698352 30.404554, -97.698417 30.404454, -97.698458 30.4044, -97.698538 30.404327, -97.69857 30.404292, -97.698682 30.404214, -97.70025 30.403232, -97.700354 30.403168, -97.700436 30.403122, -97.701402 30.402595, -97.702008 30.402135, -97.702511 30.401551, -97.702995 30.400736, -97.703033 30.40064, -97.703949 30.401085, -97.704477 30.401487, -97.704855 30.401676, -97.705258 30.401723, -97.706455 30.401166, -97.707722 30.400577, -97.708164 30.401367, -97.708818 30.402538, -97.709263 30.402935, -97.709799 30.403268, -97.710224 30.403482, -97.710371 30.403554, -97.710401 30.403566, -97.710469 30.403534, -97.710672 30.403642, -97.711506 30.404085, -97.711779 30.404256, -97.712033 30.404476, -97.712236 30.404718, -97.712268 30.404757, -97.712213 30.404859, -97.712199 30.404878, -97.712237 30.404889, -97.712369 30.404915, -97.712658 30.405567, -97.712957 30.406222, -97.713297 30.406657, -97.71383 30.407075, -97.71428 30.407375, -97.714628 30.407619, -97.714827 30.407719, -97.715086 30.407793, -97.715324 30.407847, -97.715537 30.407852, -97.715855 30.407834, -97.715908 30.408206, -97.715924 30.408277, -97.71599 30.40858))",29.3,1985.0,78720.0,255.0,55.0,725686.4140679917,0.0027353412734746605
"POLYGON ((-97.740845 30.367447, -97.740226 30.368942, -97.739606 30.370436, -97.739392 30.370945, -97.739221 30.371356, -97.738542 30.372991, -97.738341 30.373446, -97.737475 30.375411, -97.73652 30.377579, -97.73644 30.377701, -97.736383 30.377887, -97.736362 30.378008, -97.736309 30.378306, -97.736176 30.378682, -97.736006 30.378579, -97.735851 30.378486, -97.735222 30.378069, -97.735123 30.378003, -97.735073 30.37797, -97.73354 30.376954, -97.733058 30.376661, -97.732836 30.376532, -97.73274 30.376476, -97.732464 30.376321, -97.731776 30.375934, -97.731262 30.375671, -97.731047 30.375561, -97.729496 30.37479, -97.728661 30.374358, -97.72818 30.374128, -97.72846 30.374067, -97.728682 30.374018, -97.728905 30.37397, -97.730038 30.372166, -97.728935 30.371613, -97.728873 30.371263, -97.729968 30.369412, -97.730008 30.368948, -97.730837 30.368871, -97.730795 30.368207, -97.730897 30.367852, -97.731848 30.366386, -97.732744 30.36498, -97.733423 30.363901, -97.734222 30.364264, -97.73502 30.364671, -97.735848 30.365064, -97.736306 30.365294, -97.736678 30.365462, -97.73762 30.365887, -97.738639 30.36635, -97.740446 30.367248, -97.740845 30.367447))",40.0,1524.0,140581.0,198.0,37.0,1098003.4272610345,0.0013879738097007698
"POLYGON ((-97.914203 30.275436, -97.913645 30.275657, -97.912803 30.275986, -97.912054 30.276446, -97.911437 30.276984, -97.910924 30.277655, -97.910464 30.278259, -97.909929 30.278999, -97.909258 30.279668, -97.908493 30.280125, -97.908243 30.280296, -97.907665 30.280546, -97.906732 30.280704, -97.905694 30.280717, -97.905078 30.28068, -97.901953 30.279921, -97.900889 30.279526, -97.90017 30.27907, -97.89953 30.27864, -97.898754 30.277707, -97.898281 30.276748, -97.897874 30.275368, -97.897054 30.272996, -97.896904 30.272524, -97.896517 30.271535, -97.896454 30.271404, -97.896377 30.271223, -97.896312 30.271093, -97.89623 30.270961, -97.896149 30.270806, -97.895946 30.270522, -97.895844 30.270389, -97.894938 30.269232, -97.894788 30.269041, -97.894655 30.268854, -97.894551 30.268723, -97.894309 30.268399, -97.894224 30.268279, -97.894147 30.268159, -97.894006 30.267928, -97.89395 30.267756, -97.893742 30.26731, -97.893573 30.266899, -97.893207 30.265969, -97.893155 30.26586, -97.893041 30.265625, -97.892913 30.265425, -97.892747 30.265194, -97.892499 30.264875, -97.892188 30.264519, -97.891995 30.264342, -97.891652 30.264057, -97.891227 30.263683, -97.890904 30.263387, -97.890482 30.263019, -97.890205 30.262829, -97.890048 30.262717, -97.889721 30.262544, -97.889432 30.262411, -97.889027 30.262246, -97.888888 30.26219, -97.888753 30.262161, -97.887333 30.261911, -97.886532 30.261754, -97.88618 30.261657, -97.885811 30.261525, -97.885532 30.261415, -97.885299 30.261305, -97.885104 30.261195, -97.884871 30.261051, -97.884587 30.260839, -97.884465 30.260748, -97.884387 30.260691, -97.884175 30.260504, -97.883993 30.260279, -97.883633 30.259784, -97.883345 30.259394, -97.883061 30.259004, -97.882806 30.258648, -97.882599 30.258389, -97.882448 30.258204, -97.881963 30.257753, -97.881877 30.257679, -97.881789 30.257617, -97.881581 30.257472, -97.880986 30.257146, -97.88066 30.257009, -97.880347 30.256902, -97.880032 30.256814, -97.879651 30.256743, -97.879198 30.256704, -97.878965 30.256688, -97.878958 30.256517, -97.87896 30.256163, -97.878963 30.256089, -97.878979 30.256048, -97.879026 30.255979, -97.879163 30.255812, -97.878605 30.255402, -97.878565 30.255324, -97.878561 30.255296, -97.878561 30.255218, -97.878586 30.255153, -97.878819 30.254748, -97.878867 30.254668, -97.878912 30.254604, -97.878969 30.254543, -97.879073 30.254444, -97.879172 30.254348, -97.879264 30.254297, -97.879093 30.254141, -97.878962 30.254019, -97.878855 30.253942, -97.878742 30.253874, -97.879177 30.253166, -97.879254 30.253034, -97.87937 30.252833, -97.879569 30.252527, -97.879744 30.252248, -97.881403 30.249602, -97.882577 30.247758, -97.882985 30.247118, -97.884514 30.248001, -97.886092 30.248913, -97.886419 30.24934, -97.886686 30.249975, -97.887068 30.251558, -97.887505 30.252579, -97.889154 30.254588, -97.889797 30.255323, -97.890721 30.255877, -97.891924 30.256365, -97.893137 30.25668, -97.894885 30.257255, -97.895491 30.257563, -97.897386 30.258967, -97.897652 30.259164, -97.897956 30.259389, -97.898573 30.259789, -97.899075 30.260008, -97.901078 30.260057, -97.902981 30.260483, -97.90542 30.260296, -97.907243 30.260127, -97.907743 30.261338, -97.908553 30.264805, -97.909066 30.266754, -97.909185 30.267019, -97.909336 30.267355, -97.910004 30.268729, -97.911945 30.271534, -97.912789 30.272753, -97.913383 30.273881, -97.913746 30.274569, -97.914203 30.275436))",35.1,1912.0,165417.0,0.0,0.0,4609093.443673752,0.00041483211901991937
"POLYGON ((-97.732744 30.36498, -97.731848 30.366386, -97.730897 30.367852, -97.730795 30.368207, -97.730837 30.368871, -97.730008 30.368948, -97.729968 30.369412, -97.728873 30.371263, -97.728935 30.371613, -97.730038 30.372166, -97.728905 30.37397, -97.728682 30.374018, -97.72846 30.374067, -97.72818 30.374128, -97.726497 30.373325, -97.726302 30.373232, -97.72634 30.373028, -97.726376 30.37284, -97.726546 30.372217, -97.726867 30.37104, -97.727358 30.369241, -97.727583 30.368285, -97.727735 30.367714, -97.728174 30.36605, -97.728603 30.364527, -97.728986 30.363163, -97.729061 30.362911, -97.729343 30.361847, -97.731625 30.362977, -97.732617 30.363462, -97.733423 30.363901, -97.732744 30.36498))",35.9,1177.0,65603.0,65.0,30.0,393587.07892126724,0.0029904436985733617
"POLYGON ((-97.728986 30.363163, -97.728603 30.364527, -97.728174 30.36605, -97.727735 30.367714, -97.727583 30.368285, -97.727358 30.369241, -97.726867 30.37104, -97.726546 30.372217, -97.726376 30.37284, -97.72634 30.373028, -97.726302 30.373232, -97.723914 30.372095, -97.723804 30.372043, -97.721699 30.371139, -97.721101 30.370849, -97.720868 30.370728, -97.720682 30.370601, -97.720429 30.370439, -97.71997 30.370036, -97.719877 30.36994, -97.719589 30.369644, -97.719461 30.369492, -97.71936 30.369358, -97.71923 30.369158, -97.719029 30.368833, -97.71899 30.36877, -97.718759 30.368355, -97.718657 30.36817, -97.718363 30.367415, -97.718166 30.366584, -97.718107 30.366208, -97.717979 30.365531, -97.717866 30.36493, -97.717542 30.363771, -97.71738 30.363234, -97.717578 30.363187, -97.717797 30.363135, -97.719225 30.362804, -97.720126 30.36255, -97.720668 30.362403, -97.720851 30.362327, -97.720984 30.362252, -97.721101 30.36217, -97.721233 30.36206, -97.721423 30.361863, -97.72157 30.361735, -97.721659 30.361668, -97.721842 30.361558, -97.72234 30.361377, -97.722769 30.361235, -97.722848 30.361207, -97.723296 30.361061, -97.723575 30.360985, -97.72371 30.360962, -97.723838 30.360948, -97.723964 30.360944, -97.724152 30.360953, -97.724449 30.36104, -97.724623 30.361111, -97.724927 30.361246, -97.725724 30.36152, -97.726578 30.36184, -97.727016 30.362083, -97.727318 30.362251, -97.728083 30.362586, -97.729061 30.362911, -97.728986 30.363163))",37.0,2323.0,70266.0,0.0,29.0,980087.5708228621,0.0023701963672997663
"POLYGON ((-97.825874 30.192305, -97.825758 30.192481, -97.825693 30.192616, -97.825637 30.192692, -97.825542 30.192821, -97.825459 30.192932, -97.825399 30.192997, -97.82534 30.193044, -97.825225 30.193115, -97.825169 30.193145, -97.825024 30.193229, -97.824799 30.193379, -97.82469 30.193463, -97.824624 30.19353, -97.824455 30.193738, -97.82435 30.19388, -97.82431 30.193957, -97.824207 30.194117, -97.82415 30.194199, -97.824063 30.194347, -97.823978 30.194471, -97.823868 30.194653, -97.823722 30.194897, -97.823522 30.195204, -97.823477 30.195286, -97.823385 30.19542, -97.822933 30.195207, -97.822039 30.194777, -97.821633 30.195383, -97.821537 30.195371, -97.821454 30.195364, -97.82132 30.195346, -97.821184 30.195312, -97.821111 30.195285, -97.821027 30.195242, -97.820834 30.195129, -97.820666 30.195017, -97.820483 30.19487, -97.820306 30.194716, -97.820127 30.194541, -97.819975 30.194374, -97.819657 30.194088, -97.819404 30.193895, -97.819352 30.193845, -97.819295 30.193776, -97.819083 30.193491, -97.818942 30.193316, -97.818803 30.193135, -97.818705 30.193016, -97.818658 30.192947, -97.818504 30.192749, -97.818465 30.192656, -97.818352 30.192482, -97.818275 30.192458, -97.818245 30.192431, -97.818195 30.192367, -97.818025 30.192249, -97.817977 30.192222, -97.817902 30.192199, -97.817414 30.192076, -97.817363 30.192056, -97.81715 30.191938, -97.817078 30.191911, -97.81685 30.191839, -97.816737 30.191799, -97.816562 30.191717, -97.816506 30.191684, -97.816478 30.19166, -97.816442 30.191598, -97.816397 30.191561, -97.816353 30.191538, -97.816022 30.191431, -97.815825 30.191358, -97.815665 30.191279, -97.815563 30.191243, -97.815515 30.191232, -97.815412 30.191234, -97.815367 30.191224, -97.815315 30.191199, -97.815247 30.191141, -97.815207 30.191099, -97.81513 30.191004, -97.815108 30.190952, -97.814948 30.190854, -97.814876 30.190782, -97.814795 30.19073, -97.81473 30.190679, -97.814684 30.190634, -97.81456 30.190555, -97.814516 30.19049, -97.814385 30.190372, -97.814357 30.19029, -97.814327 30.190259, -97.814233 30.190188, -97.814134 30.190074, -97.813979 30.18988, -97.813945 30.189851, -97.813874 30.189796, -97.812966 30.191216, -97.811939 30.192896, -97.811064 30.194281, -97.810621 30.194916, -97.810285 30.195363, -97.809481 30.196665, -97.808882 30.197637, -97.807835 30.199215, -97.807338 30.199964, -97.807179 30.200896, -97.806922 30.20282, -97.806918 30.202853, -97.806909 30.20292, -97.806906 30.202936, -97.80656 30.202932, -97.80632 30.202921, -97.806244 30.202913, -97.805944 30.202855, -97.805815 30.202818, -97.805572 30.202755, -97.805185 30.202629, -97.804941 30.202544, -97.804487 30.202405, -97.80434 30.202368, -97.804194 30.20233, -97.802078 30.201595, -97.801952 30.201518, -97.802033 30.201403, -97.804121 30.198422, -97.804323 30.198134, -97.804826 30.197348, -97.807019 30.194132, -97.807164 30.193919, -97.808547 30.191891, -97.808733 30.191606, -97.810806 30.188599, -97.811439 30.18766, -97.812237 30.186477, -97.812744 30.185692, -97.81278 30.185641, -97.812823 30.185581, -97.813443 30.185689, -97.813712 30.185707, -97.813916 30.185684, -97.814183 30.185665, -97.814583 30.185594, -97.814972 30.185528, -97.81527 30.185528, -97.815503 30.18557, -97.815814 30.185695, -97.816306 30.185927, -97.817403 30.18645, -97.819509 30.187453, -97.822571 30.188909, -97.822912 30.189071, -97.82323 30.18924, -97.823984 30.189606, -97.825351 30.190332, -97.82462 30.191673, -97.8254 30.192024, -97.825893 30.192273, -97.825874 30.192305))",37.8,2325.0,134348.0,81.0,49.0,1370812.9628542627,0.0016960738357470445
"POLYGON ((-97.90542 30.260296, -97.902981 30.260483, -97.901078 30.260057, -97.899075 30.260008, -97.898573 30.259789, -97.897956 30.259389, -97.897652 30.259164, -97.897386 30.258967, -97.895491 30.257563, -97.894885 30.257255, -97.893137 30.25668, -97.891924 30.256365, -97.890721 30.255877, -97.889797 30.255323, -97.889154 30.254588, -97.887505 30.252579, -97.887068 30.251558, -97.886686 30.249975, -97.886419 30.24934, -97.886092 30.248913, -97.884514 30.248001, -97.882985 30.247118, -97.882321 30.246564, -97.881587 30.24586, -97.881143 30.24543, -97.880199 30.244377, -97.879597 30.243705, -97.878954 30.242987, -97.877431 30.241088, -97.877389 30.24104, -97.877013 30.240619, -97.876369 30.239896, -97.876143 30.239719, -97.875144 30.238937, -97.87459 30.238641, -97.873805 30.238466, -97.872285 30.238126, -97.87164 30.237982, -97.871286 30.23778, -97.871024 30.237423, -97.871388 30.235053, -97.871215 30.234012, -97.871638 30.233993, -97.872614 30.233944, -97.873162 30.23398, -97.873577 30.234017, -97.874107 30.234121, -97.874577 30.234218, -97.875308 30.23448, -97.87578 30.234695, -97.876593 30.23517, -97.877252 30.235741, -97.877577 30.236147, -97.87834 30.237101, -97.878607 30.237491, -97.879098 30.238206, -97.879961 30.239478, -97.880283 30.239879, -97.880502 30.240153, -97.881415 30.241291, -97.882188 30.242098, -97.882284 30.242193, -97.884722 30.244599, -97.885886 30.245538, -97.886827 30.246204, -97.888383 30.246991, -97.888587 30.247082, -97.89214 30.248842, -97.894259 30.249891, -97.897971 30.251664, -97.89819 30.251793, -97.899827 30.252761, -97.901311 30.25418, -97.903796 30.256556, -97.904483 30.257213, -97.907243 30.260127, -97.90542 30.260296))",28.8,2174.0,60452.0,26.0,21.0,2036015.59920043,0.0010677717797711167
"POLYGON ((-97.911219 30.235238, -97.910228 30.236916, -97.909045 30.238725, -97.90731 30.241267, -97.906681 30.242238, -97.906624 30.242175, -97.906531 30.242163, -97.906386 30.242162, -97.906275 30.242173, -97.906163 30.2422, -97.905975 30.242259, -97.905928 30.242284, -97.905864 30.242335, -97.905834 30.242375, -97.905815 30.242415, -97.905788 30.242496, -97.905766 30.242525, -97.905738 30.242544, -97.905685 30.242558, -97.905615 30.242563, -97.905553 30.242559, -97.905507 30.242547, -97.905443 30.242518, -97.905223 30.242419, -97.905072 30.242347, -97.904948 30.242289, -97.9049 30.242278, -97.904785 30.24227, -97.904513 30.242228, -97.904282 30.242235, -97.904242 30.242245, -97.904197 30.242265, -97.904117 30.242291, -97.904021 30.242385, -97.903929 30.242536, -97.903856 30.24263, -97.90376 30.242725, -97.903615 30.242849, -97.903387 30.243035, -97.903134 30.24325, -97.90298 30.24336, -97.902914 30.243399, -97.902528 30.243635, -97.90247 30.24368, -97.902433 30.243725, -97.902398 30.243791, -97.90233 30.243953, -97.902259 30.244079, -97.902232 30.244111, -97.90218 30.24414, -97.90211 30.24416, -97.90203 30.244176, -97.901759 30.244165, -97.901688 30.244177, -97.901658 30.244194, -97.901618 30.244236, -97.90159 30.244284, -97.901565 30.244367, -97.901554 30.244447, -97.901522 30.244523, -97.901491 30.244566, -97.901418 30.244639, -97.901233 30.2448, -97.90113 30.244903, -97.900967 30.245027, -97.900852 30.245104, -97.900726 30.245181, -97.900536 30.245328, -97.900463 30.245391, -97.900419 30.245438, -97.900396 30.245476, -97.900384 30.245518, -97.900374 30.245626, -97.900344 30.245762, -97.900318 30.245831, -97.900285 30.245879, -97.900034 30.246125, -97.899954 30.24618, -97.89987 30.246217, -97.89977 30.246242, -97.899598 30.246266, -97.899179 30.246312, -97.899091 30.246331, -97.898963 30.246379, -97.898858 30.246427, -97.898796 30.246471, -97.898755 30.246521, -97.89872 30.246586, -97.898693 30.24666, -97.898668 30.246769, -97.898622 30.247126, -97.898494 30.247501, -97.898442 30.247625, -97.898401 30.247682, -97.898344 30.247742, -97.898281 30.247795, -97.898186 30.247854, -97.898167 30.247863, -97.898079 30.247905, -97.897889 30.247978, -97.897738 30.248018, -97.897593 30.248034, -97.897465 30.248038, -97.897346 30.248031, -97.897259 30.248017, -97.897173 30.247991, -97.897057 30.247934, -97.897011 30.247903, -97.896868 30.247793, -97.896775 30.247741, -97.896632 30.247682, -97.896524 30.247657, -97.896445 30.24765, -97.896257 30.247657, -97.896032 30.247677, -97.895956 30.247952, -97.895917 30.248066, -97.895859 30.248189, -97.895789 30.248306, -97.895705 30.248417, -97.895619 30.248512, -97.895531 30.24859, -97.895446 30.248657, -97.894964 30.248975, -97.894906 30.249018, -97.894812 30.249107, -97.89473 30.249204, -97.894489 30.249596, -97.894259 30.249891, -97.89214 30.248842, -97.888587 30.247082, -97.888545 30.246922, -97.888503 30.24676, -97.888594 30.246161, -97.889073 30.245772, -97.889107 30.245756, -97.889477 30.245578, -97.889908 30.245081, -97.890423 30.244246, -97.890857 30.243369, -97.89156 30.24245, -97.891686 30.242188, -97.891594 30.24173, -97.891395 30.241344, -97.891434 30.240817, -97.891612 30.240391, -97.891818 30.23993, -97.891836 30.239174, -97.891467 30.238444, -97.891884 30.238272, -97.892556 30.237994, -97.893612 30.237445, -97.894388 30.236899, -97.895175 30.236551, -97.895841 30.236253, -97.897843 30.23573, -97.898243 30.235572, -97.898593 30.235408, -97.898897 30.235183, -97.899408 30.234791, -97.900036 30.234586, -97.900147 30.234564, -97.900213 30.234532, -97.900253 30.234496, -97.900428 30.23434, -97.901181 30.233234, -97.901714 30.232398, -97.901849 30.232239, -97.908523 30.234224, -97.909356 30.234439, -97.910034 30.234492, -97.91103 30.234498, -97.911076 30.234498, -97.911101 30.234906, -97.911219 30.235238))",36.8,2416.0,115179.0,64.0,40.0,2115921.3322416223,0.0011418193876992922
"POLYGON ((-97.911564 30.229065, -97.911841 30.229198, -97.911924 30.229258, -97.911976 30.229364, -97.911998 30.229448, -97.912007 30.229689, -97.912038 30.229855, -97.912132 30.230005, -97.912294 30.230238, -97.912405 30.230378, -97.912447 30.230497, -97.911494 30.232125, -97.911137 30.232807, -97.911099 30.232945, -97.911087 30.233139, -97.91108 30.233746, -97.911076 30.234498, -97.91103 30.234498, -97.910034 30.234492, -97.909356 30.234439, -97.908523 30.234224, -97.901849 30.232239, -97.901189 30.232045, -97.901161 30.232037, -97.900831 30.231936, -97.900803 30.231927, -97.900422 30.231799, -97.899932 30.231652, -97.899461 30.231501, -97.899204 30.231419, -97.898928 30.231331, -97.895557 30.23032, -97.89487 30.230132, -97.894822 30.230119, -97.894208 30.229935, -97.893737 30.229874, -97.893579 30.229854, -97.891602 30.229555, -97.891566 30.229551, -97.89144 30.229537, -97.891424 30.229535, -97.888305 30.229195, -97.888515 30.22856, -97.888655 30.228336, -97.888749 30.228187, -97.889559 30.226893, -97.891305 30.224106, -97.891814 30.223277, -97.89182 30.223267, -97.89221 30.222633, -97.892601 30.221997, -97.893223 30.22106, -97.893254 30.221074, -97.893728 30.221296, -97.8941 30.221307, -97.894437 30.221199, -97.895345 30.219832, -97.896336 30.218231, -97.898852 30.219448, -97.899886 30.21949, -97.89984 30.219816, -97.899748 30.220158, -97.899507 30.220591, -97.899951 30.221006, -97.900615 30.22194, -97.900853 30.222621, -97.901937 30.221893, -97.902628 30.221429, -97.904058 30.220059, -97.90446 30.219867, -97.904681 30.219762, -97.90729 30.219471, -97.908226 30.21945, -97.908161 30.220524, -97.908379 30.221062, -97.908466 30.221148, -97.908666 30.221348, -97.910979 30.222475, -97.909964 30.224158, -97.911337 30.224842, -97.913585 30.22586, -97.911564 30.229065))",39.5,1936.0,144167.0,76.0,30.0,2581154.41660772,0.0007500519874143704
"POLYGON ((-97.889412 30.208703, -97.889277 30.208792, -97.889187 30.208853, -97.889157 30.208873, -97.888712 30.209172, -97.888569 30.209268, -97.888322 30.209435, -97.888133 30.209575, -97.887609 30.209966, -97.887158 30.21032, -97.88669 30.21082, -97.886196 30.211399, -97.886081 30.211606, -97.885889 30.212015, -97.885685 30.21241, -97.885155 30.212212, -97.884431 30.211948, -97.884032 30.211787, -97.883689 30.211502, -97.883747 30.211183, -97.883762 30.211105, -97.884385 30.210091, -97.884871 30.209355, -97.88448 30.209174, -97.884015 30.208958, -97.8836 30.209729, -97.883301 30.210213, -97.883152 30.210345, -97.882943 30.210385, -97.882276 30.210328, -97.881389 30.210254, -97.881348 30.210649, -97.881378 30.210939, -97.881382 30.210977, -97.881485 30.211467, -97.881267 30.212049, -97.880856 30.212232, -97.88062 30.212217, -97.8801 30.211938, -97.879385 30.211519, -97.879065 30.211965, -97.87904 30.212, -97.879014 30.212036, -97.878992 30.212084, -97.879068 30.212123, -97.879574 30.212362, -97.879685 30.212441, -97.879855 30.212546, -97.880045 30.212696, -97.880471 30.213007, -97.881202 30.21347, -97.881254 30.213502, -97.880966 30.213932, -97.880038 30.215401, -97.879601 30.216119, -97.879255 30.216789, -97.878971 30.216965, -97.87838 30.217033, -97.877816 30.217061, -97.877109 30.216709, -97.876369 30.216357, -97.876159 30.215839, -97.876117 30.215736, -97.876552 30.214834, -97.875937 30.214579, -97.875961 30.214523, -97.876244 30.213806, -97.876276 30.213701, -97.876564 30.21182, -97.876563 30.211746, -97.876587 30.211625, -97.876588 30.211594, -97.876834 30.209726, -97.876887 30.209333, -97.87692 30.209245, -97.877027 30.208945, -97.877115 30.208676, -97.877294 30.208276, -97.877435 30.207992, -97.877637 30.207556, -97.877791 30.207272, -97.878046 30.206768, -97.878293 30.206294, -97.878545 30.205678, -97.878674 30.205364, -97.878763 30.205085, -97.878779 30.204984, -97.878807 30.204808, -97.878803 30.204418, -97.878751 30.204179, -97.878485 30.203528, -97.878242 30.203077, -97.87816 30.202899, -97.878101 30.20273, -97.878069 30.202572, -97.87808 30.202314, -97.87808 30.202143, -97.878089 30.202063, -97.878145 30.201859, -97.87822 30.201538, -97.878276 30.201266, -97.878386 30.200725, -97.878464 30.200569, -97.878479 30.200538, -97.879257 30.20072, -97.880125 30.200964, -97.881497 30.20146, -97.882343 30.201868, -97.882691 30.202021, -97.883118 30.202209, -97.883902 30.202722, -97.88429 30.202947, -97.884633 30.203223, -97.884712 30.203285, -97.884799 30.203357, -97.884877 30.20342, -97.885469 30.203822, -97.885881 30.204209, -97.886598 30.204982, -97.886888 30.205368, -97.887009 30.205528, -97.889329 30.208612, -97.889412 30.208703))",45.6,2349.0,141821.0,108.0,7.0,1156693.6119352423,0.002030788426392303
"POLYGON ((-97.869162 30.258654, -97.8691 30.258806, -97.86904 30.258933, -97.868979 30.25903, -97.868884 30.259143, -97.868787 30.259248, -97.868754 30.259294, -97.86872 30.259341, -97.868677 30.259417, -97.868639 30.259502, -97.868606 30.259613, -97.868583 30.259744, -97.868576 30.25985, -97.868557 30.259904, -97.868537 30.259939, -97.868469 30.260022, -97.868403 30.260081, -97.868384 30.260099, -97.868338 30.260166, -97.868278 30.260299, -97.868194 30.260512, -97.868152 30.260582, -97.868114 30.260624, -97.868064 30.260658, -97.868005 30.260681, -97.867893 30.260697, -97.867807 30.2607, -97.867644 30.260688, -97.867553 30.260691, -97.867496 30.260699, -97.867413 30.260724, -97.867244 30.260791, -97.86687 30.260952, -97.866669 30.261055, -97.86652 30.26114, -97.866394 30.261227, -97.866327 30.261282, -97.866055 30.261536, -97.865969 30.261592, -97.865881 30.261632, -97.8658 30.261659, -97.865692 30.261682, -97.86561 30.261693, -97.86558 30.261732, -97.865473 30.261832, -97.86535 30.261939, -97.865327 30.261973, -97.865307 30.262036, -97.865301 30.262107, -97.865313 30.262173, -97.865373 30.262292, -97.865412 30.262417, -97.865426 30.262509, -97.865423 30.262583, -97.865406 30.262656, -97.865355 30.262772, -97.865291 30.262866, -97.865264 30.262888, -97.865224 30.2629, -97.865136 30.262911, -97.86505 30.262942, -97.864988 30.262972, -97.86493 30.263022, -97.864896 30.263068, -97.864869 30.263126, -97.864845 30.263219, -97.86473 30.263971, -97.864707 30.264037, -97.864679 30.264074, -97.864652 30.26409, -97.864619 30.264103, -97.864453 30.264149, -97.864391 30.264158, -97.864036 30.26417, -97.863927 30.26417, -97.863882 30.264191, -97.863849 30.264229, -97.863824 30.264326, -97.863811 30.264435, -97.863787 30.264725, -97.863767 30.264786, -97.863671 30.264933, -97.863588 30.26503, -97.863574 30.265063, -97.863536 30.265436, -97.863462 30.265799, -97.86344 30.265838, -97.863404 30.265877, -97.863323 30.265937, -97.863226 30.265996, -97.863141 30.266037, -97.863015 30.266088, -97.862887 30.266123, -97.862509 30.2662, -97.862421 30.266229, -97.862339 30.266244, -97.862182 30.266257, -97.861727 30.266353, -97.861584 30.266374, -97.861488 30.266394, -97.861447 30.266414, -97.861409 30.266453, -97.861272 30.266643, -97.861213 30.266702, -97.861141 30.266757, -97.86094 30.266881, -97.860873 30.266937, -97.860847 30.266977, -97.86081 30.267077, -97.860777 30.267131, -97.860723 30.26719, -97.860677 30.267222, -97.860616 30.267246, -97.860544 30.26726, -97.860442 30.26726, -97.860402 30.267248, -97.860379 30.267231, -97.860318 30.267144, -97.860278 30.267118, -97.860224 30.267095, -97.86012 30.267078, -97.859997 30.267071, -97.859828 30.26707, -97.859742 30.267059, -97.859661 30.267039, -97.859604 30.267009, -97.859553 30.266973, -97.859485 30.26722, -97.859463 30.267271, -97.859406 30.267348, -97.85932 30.26743, -97.859167 30.267925, -97.859009 30.268262, -97.858817 30.268509, -97.858789 30.268551, -97.858586 30.26871, -97.858563 30.268793, -97.85823 30.269079, -97.858027 30.269203, -97.858007 30.269233, -97.857848 30.269466, -97.857852 30.269709, -97.857886 30.269993, -97.857861 30.270244, -97.85779 30.270396, -97.857702 30.270485, -97.857364 30.270506, -97.857106 30.270509, -97.856881 30.270527, -97.856853 30.270564, -97.856819 30.270609, -97.856816 30.270771, -97.856917 30.271056, -97.856995 30.271209, -97.857153 30.271327, -97.85726 30.271496, -97.85727 30.271599, -97.85731 30.271761, -97.857309 30.27187, -97.857301 30.27189, -97.857241 30.271939, -97.85701 30.272057, -97.856985 30.272065, -97.856841 30.272113, -97.856704 30.272139, -97.856682 30.272133, -97.856619 30.272098, -97.856447 30.271908, -97.856337 30.271736, -97.85604 30.271422, -97.855936 30.271359, -97.855865 30.271376, -97.855757 30.271417, -97.855728 30.271451, -97.855611 30.271615, -97.855466 30.27186, -97.855286 30.272086, -97.85505 30.272269, -97.854932 30.27241, -97.854878 30.272475, -97.854814 30.272552, -97.85467 30.272761, -97.854448 30.272871, -97.854368 30.272904, -97.854087 30.273073, -97.853739 30.273241, -97.853664 30.273268, -97.853462 30.273341, -97.853273 30.273417, -97.853135 30.273454, -97.853053 30.27354, -97.852823 30.273636, -97.852697 30.27372, -97.852677 30.273774, -97.852687 30.273841, -97.852866 30.273983, -97.852919 30.27413, -97.852867 30.274167, -97.852794 30.274197, -97.852601 30.274313, -97.852281 30.274654, -97.852141 30.274632, -97.851653 30.274791, -97.851572 30.27485, -97.851489 30.274894, -97.850991 30.27497, -97.850711 30.275065, -97.849917 30.275773, -97.849769 30.27593, -97.849347 30.276249, -97.849236 30.27636, -97.849064 30.276509, -97.848854 30.276645, -97.848638 30.276746, -97.848499 30.276797, -97.848384 30.276825, -97.848295 30.276826, -97.848209 30.276806, -97.848162 30.276766, -97.848105 30.276709, -97.848024 30.27654, -97.847997 30.2765, -97.847966 30.276477, -97.847862 30.276439, -97.847803 30.276438, -97.847748 30.276451, -97.847675 30.276462, -97.847641 30.276474, -97.84759 30.276507, -97.847539 30.276521, -97.847494 30.276526, -97.847454 30.276523, -97.847425 30.276516, -97.847362 30.27649, -97.847277 30.276445, -97.84704 30.276292, -97.846809 30.276132, -97.846541 30.275987, -97.846476 30.275951, -97.846349 30.275869, -97.846307 30.275851, -97.84613 30.275797, -97.846113 30.275786, -97.845955 30.275743, -97.845787 30.275693, -97.845722 30.275652, -97.845572 30.275538, -97.845475 30.275469, -97.845376 30.275345, -97.845207 30.275019, -97.845077 30.274835, -97.844928 30.274654, -97.844718 30.274418, -97.844581 30.274228, -97.844568 30.274203, -97.844537 30.274124, -97.844511 30.274065, -97.844471 30.273954, -97.844452 30.273887, -97.844433 30.273819, -97.844409 30.273732, -97.844395 30.27368, -97.844379 30.273641, -97.844368 30.273612, -97.844354 30.273589, -97.844334 30.273558, -97.844322 30.273545, -97.844283 30.273504, -97.844233 30.27345, -97.844099 30.273326, -97.84408 30.273313, -97.844009 30.273265, -97.843979 30.273245, -97.843963 30.273236, -97.843926 30.273216, -97.84385 30.273175, -97.84379 30.273143, -97.843686 30.273086, -97.843645 30.273064, -97.843586 30.273045, -97.843573 30.273044, -97.843547 30.273043, -97.843507 30.273041, -97.843487 30.273042, -97.843438 30.273045, -97.84338 30.273048, -97.843321 30.273052, -97.843257 30.273064, -97.843227 30.273077, -97.843181 30.273097, -97.843099 30.273134, -97.842872 30.273259, -97.842665 30.273393, -97.842582 30.273438, -97.842365 30.273546, -97.842254 30.273613, -97.841729 30.273978, -97.841681 30.274027, -97.841618 30.274108, -97.841562 30.274213, -97.841527 30.274298, -97.841514 30.274357, -97.841514 30.274419, -97.841496 30.274457, -97.841437 30.274498, -97.841317 30.274572, -97.841012 30.274775, -97.840856 30.274889, -97.840753 30.274973, -97.840676 30.275051, -97.840557 30.275172, -97.84042 30.275294, -97.840324 30.275367, -97.840226 30.27543, -97.839952 30.275591, -97.839873 30.275629, -97.839806 30.275646, -97.839725 30.275651, -97.839357 30.275639, -97.839193 30.275622, -97.839 30.275603, -97.838783 30.275592, -97.838618 30.27556, -97.838156 30.275555, -97.838007 30.275548, -97.83788 30.275525, -97.83778 30.275493, -97.837593 30.275417, -97.837306 30.275312, -97.837073 30.275236, -97.836791 30.275144, -97.836772 30.275138, -97.836439 30.275036, -97.83593 30.27481, -97.835639 30.274712, -97.835509 30.274663, -97.835419 30.274627, -97.835236 30.274553, -97.835026 30.274454, -97.834712 30.274283, -97.83442 30.274117, -97.834339 30.274087, -97.83428 30.274092, -97.834211 30.27408, -97.834125 30.274029, -97.834034 30.273952, -97.833825 30.273757, -97.833619 30.273549, -97.833404 30.273323, -97.832973 30.272754, -97.832956 30.272732, -97.83275 30.272497, -97.832391 30.272061, -97.832294 30.271961, -97.832148 30.271826, -97.831958 30.271661, -97.831913 30.271614, -97.831862 30.271527, -97.831732 30.271365, -97.831698 30.271313, -97.831632 30.271289, -97.831581 30.27126, -97.831517 30.271209, -97.8314 30.271095, -97.831369 30.271036, -97.831309 30.270847, -97.831267 30.270654, -97.831242 30.270566, -97.831191 30.270454, -97.831115 30.270338, -97.83102 30.270225, -97.830927 30.270138, -97.830825 30.270066, -97.830715 30.270009, -97.830593 30.269966, -97.83046 30.269937, -97.829684 30.269905, -97.828886 30.269881, -97.82833 30.269885, -97.828277 30.269893, -97.828147 30.269933, -97.827961 30.269953, -97.827839 30.269956, -97.827529 30.269938, -97.827143 30.269926, -97.826975 30.269928, -97.826847 30.269935, -97.826586 30.269976, -97.82642 30.269983, -97.826125 30.269978, -97.825945 30.269967, -97.825794 30.269947, -97.825383 30.269867, -97.825179 30.269817, -97.825114 30.269794, -97.825031 30.269751, -97.824956 30.269693, -97.824883 30.269613, -97.824794 30.269491, -97.824415 30.268936, -97.824058 30.268287, -97.823914 30.267918, -97.823802 30.267589, -97.82375 30.267407, -97.823622 30.266917, -97.823569 30.266746, -97.823436 30.266369, -97.82338 30.266176, -97.823375 30.266085, -97.823383 30.266016, -97.823417 30.265816, -97.823418 30.265725, -97.823414 30.265698, -97.823383 30.265553, -97.823338 30.265405, -97.823248 30.26518, -97.823211 30.265104, -97.823183 30.264968, -97.823097 30.264788, -97.82304 30.264639, -97.823005 30.264502, -97.822994 30.264405, -97.822993 30.264231, -97.823006 30.263925, -97.82305 30.26337, -97.823084 30.26314, -97.823127 30.262974, -97.82319 30.262803, -97.823242 30.262687, -97.823572 30.262052, -97.823599 30.261977, -97.823612 30.261908, -97.823612 30.26184, -97.823595 30.261683, -97.82358 30.261249, -97.823589 30.26113, -97.823622 30.260949, -97.823629 30.260563, -97.823611 30.260353, -97.823587 30.260271, -97.82354 30.260151, -97.823459 30.259973, -97.823397 30.259763, -97.823271 30.259462, -97.823198 30.2593, -97.823007 30.25887, -97.822897 30.258646, -97.822807 30.258486, -97.822754 30.258348, -97.822631 30.257931, -97.82259 30.25783, -97.822439 30.257541, -97.822354 30.257402, -97.822212 30.257247, -97.822184 30.2572, -97.822122 30.257016, -97.822035 30.256869, -97.821963 30.256777, -97.821794 30.2566, -97.82138 30.256221, -97.821196 30.256061, -97.82101 30.255919, -97.820784 30.255715, -97.820171 30.25525, -97.819925 30.255081, -97.819332 30.254653, -97.819172 30.254531, -97.819112 30.254491, -97.818929 30.2544, -97.818635 30.254233, -97.81852 30.25418, -97.818435 30.254152, -97.818365 30.254142, -97.818415 30.254129, -97.818437 30.254114, -97.818453 30.254097, -97.81848 30.254038, -97.818513 30.253997, -97.818609 30.253912, -97.818826 30.253757, -97.818971 30.253665, -97.819095 30.253601, -97.819264 30.253532, -97.8194 30.253491, -97.819575 30.253472, -97.819662 30.253449, -97.81978 30.253406, -97.819955 30.253323, -97.820078 30.253256, -97.820226 30.253164, -97.820279 30.253133, -97.820392 30.253082, -97.820531 30.253033, -97.820703 30.252992, -97.820844 30.252938, -97.820924 30.252897, -97.821091 30.252792, -97.821136 30.25277, -97.821275 30.25267, -97.821374 30.252604, -97.821569 30.252449, -97.82174 30.252324, -97.821838 30.252234, -97.822007 30.252042, -97.822058 30.251993, -97.822169 30.251915, -97.822248 30.25188, -97.822671 30.251745, -97.822701 30.251726, -97.822772 30.251631, -97.822903 30.251523, -97.823299 30.251273, -97.82338 30.251231, -97.82344 30.251211, -97.823562 30.251195, -97.823746 30.251153, -97.823988 30.251066, -97.824111 30.251009, -97.82416 30.250995, -97.82423 30.250992, -97.824288 30.250999, -97.824354 30.251032, -97.824522 30.251118, -97.824643 30.25118, -97.825049 30.251365, -97.825987 30.251842, -97.82618 30.251929, -97.827182 30.252421, -97.827584 30.252634, -97.827615 30.252645, -97.827663 30.252642, -97.827688 30.25262, -97.827815 30.252452, -97.827875 30.252331, -97.827948 30.252218, -97.828078 30.252267, -97.828585 30.252381, -97.82905 30.252376, -97.829589 30.252335, -97.830484 30.252215, -97.830943 30.252152, -97.831468 30.252124, -97.832051 30.252149, -97.832707 30.252291, -97.833939 30.252475, -97.834368 30.252508, -97.834684 30.252574, -97.835001 30.252718, -97.83548 30.252956, -97.836292 30.253403, -97.837038 30.253828, -97.837306 30.253981, -97.837402 30.254052, -97.83749 30.254131, -97.837538 30.254181, -97.838023 30.254856, -97.838228 30.255039, -97.838326 30.255107, -97.838443 30.255181, -97.838628 30.255275, -97.839513 30.255672, -97.839716 30.255797, -97.839897 30.255952, -97.839965 30.256011, -97.840078 30.256145, -97.840192 30.256329, -97.840235 30.256516, -97.840287 30.256773, -97.84026 30.257078, -97.840198 30.257416, -97.840141 30.25773, -97.840128 30.257884, -97.840134 30.258007, -97.840165 30.258168, -97.8402 30.258273, -97.840261 30.258406, -97.840328 30.258512, -97.840414 30.258621, -97.840523 30.258728, -97.840646 30.258824, -97.841535 30.259317, -97.841729 30.259389, -97.841795 30.25941, -97.842017 30.259455, -97.842156 30.259469, -97.842244 30.259471, -97.842322 30.259467, -97.842434 30.259461, -97.842595 30.259434, -97.842741 30.259398, -97.842916 30.259333, -97.843013 30.259273, -97.843166 30.259178, -97.843446 30.258961, -97.843597 30.258793, -97.843757 30.258587, -97.843878 30.258405, -97.843998 30.258226, -97.844088 30.257986, -97.84415 30.257698, -97.844185 30.257416, -97.844259 30.256713, -97.844354 30.256255, -97.844444 30.256015, -97.844647 30.255684, -97.844896 30.255335, -97.84503 30.255122, -97.845843 30.253828, -97.846201 30.253318, -97.84872 30.249592, -97.849068 30.24908, -97.849359 30.248651, -97.849708 30.248129, -97.84986 30.248221, -97.852223 30.249303, -97.852899 30.24961, -97.852992 30.249644, -97.853098 30.249697, -97.856028 30.250907, -97.856783 30.251205, -97.85792 30.251689, -97.858293 30.251785, -97.858532 30.251837, -97.858707 30.251861, -97.858826 30.251901, -97.860047 30.252077, -97.861121 30.252213, -97.861879 30.252321, -97.862117 30.252372, -97.862426 30.252457, -97.862769 30.252573, -97.863133 30.252719, -97.863428 30.252862, -97.863755 30.253032, -97.863982 30.253181, -97.864445 30.253524, -97.864788 30.253834, -97.8651 30.254126, -97.86541 30.254432, -97.865439 30.254465, -97.865476 30.254507, -97.865533 30.254573, -97.86561 30.254662, -97.865659 30.254719, -97.86634 30.255356, -97.866684 30.255668, -97.866825 30.255775, -97.866984 30.255897, -97.867258 30.256101, -97.867646 30.256343, -97.867963 30.256504, -97.868341 30.256668, -97.869174 30.258613, -97.869162 30.258654))",39.0,1709.0,151701.0,120.0,38.0,8980393.14925199,0.00019030347242006312
"POLYGON ((-97.742472 30.268966, -97.742114 30.269905, -97.741756 30.270852, -97.741442 30.271803, -97.741106 30.272748, -97.740894 30.272687, -97.739741 30.27236, -97.739546 30.272306, -97.738653 30.27206, -97.738232 30.273207, -97.737159 30.272929, -97.736084 30.272619, -97.735593 30.272492, -97.735555 30.272482, -97.73504 30.272334, -97.733911 30.272014, -97.733755 30.271952, -97.733533 30.271893, -97.733277 30.271835, -97.732788 30.271834, -97.732498 30.271846, -97.732538 30.271719, -97.732996 30.270465, -97.733318 30.269607, -97.733693 30.268582, -97.733998 30.267753, -97.734037 30.267646, -97.734372 30.266732, -97.734387 30.26669, -97.734722 30.265792, -97.735003 30.265881, -97.735722 30.266075, -97.735775 30.26609, -97.736127 30.266176, -97.737187 30.266475, -97.738247 30.266782, -97.739335 30.267068, -97.740375 30.267395, -97.741454 30.267683, -97.742813 30.268066, -97.742472 30.268966))",45.2,906.0,114115.0,60.0,0.0,523453.32778313826,0.001730813335043592
"POLYGON ((-97.538423 30.349533, -97.538311 30.349714, -97.537769 30.350586, -97.536823 30.352111, -97.536778 30.352203, -97.536045 30.3537, -97.535574 30.354544, -97.535267 30.355055, -97.534634 30.356019, -97.534607 30.35606, -97.534251 30.356603, -97.534218 30.356652, -97.534001 30.356988, -97.533719 30.35743, -97.533248 30.358284, -97.532934 30.358853, -97.532653 30.359597, -97.532642 30.359667, -97.532633 30.359728, -97.532401 30.360524, -97.532255 30.361385, -97.532124 30.362871, -97.532119 30.362935, -97.532098 30.363487, -97.532081 30.36395, -97.532054 30.364663, -97.531945 30.36714, -97.531847 30.368673, -97.531793 30.369097, -97.531588 30.369111, -97.531128 30.369081, -97.529632 30.368327, -97.52889 30.367954, -97.528154 30.367608, -97.527825 30.367453, -97.527223 30.367172, -97.526459 30.366814, -97.525563 30.366393, -97.520606 30.364065, -97.520391 30.363964, -97.520001 30.363779, -97.514047 30.360957, -97.512162 30.360064, -97.512699 30.359247, -97.514197 30.356966, -97.51495 30.355821, -97.516125 30.354032, -97.516134 30.354018, -97.516662 30.353215, -97.517546 30.351869, -97.517554 30.351857, -97.51783 30.351437, -97.518686 30.350135, -97.518686 30.350096, -97.518686 30.349985, -97.518686 30.349935, -97.519352 30.349933, -97.520981 30.349877, -97.52201 30.349831, -97.522054 30.349828, -97.522246 30.349814, -97.523262 30.349773, -97.523558 30.34977, -97.523818 30.349764, -97.524866 30.349715, -97.526359 30.349684, -97.527675 30.349658, -97.529142 30.349628, -97.529414 30.349623, -97.529634 30.349618, -97.529677 30.349617, -97.529704 30.349617, -97.530007 30.349611, -97.530107 30.349609, -97.53309 30.349548, -97.533923 30.349525, -97.536168 30.349442, -97.536894 30.34942, -97.537577 30.34941, -97.538126 30.349398, -97.538505 30.349401, -97.538423 30.349533))",32.9,4601.0,115870.0,293.0,54.0,3186824.823140381,0.0014437567972330697
"POLYGON ((-97.952162 30.423959, -97.951874 30.426711, -97.951823 30.426887, -97.951218 30.428999, -97.949938 30.431239, -97.948882 30.432487, -97.948111 30.433106, -97.94677 30.434183, -97.945602 30.434695, -97.942658 30.435879, -97.938658 30.437319, -97.934594 30.437463, -97.93165 30.437257, -97.931394 30.437239, -97.929234 30.436823, -97.92669 30.436183, -97.923361 30.434871, -97.919979 30.432968, -97.919153 30.432503, -97.915457 30.429511, -97.914054 30.427587, -97.913025 30.426311, -97.912781 30.425811, -97.912081 30.424375, -97.911563 30.423249, -97.913928 30.422764, -97.917344 30.422071, -97.9179 30.422042, -97.918274 30.422002, -97.918952 30.421814, -97.919402 30.421676, -97.919798 30.421478, -97.920069 30.421305, -97.920311 30.421101, -97.920649 30.420731, -97.920772 30.420634, -97.920919 30.420536, -97.921021 30.420451, -97.921102 30.42039, -97.921135 30.420365, -97.921222 30.420309, -97.921304 30.420261, -97.92138 30.420203, -97.921429 30.420147, -97.921491 30.420042, -97.921538 30.419927, -97.921605 30.419817, -97.921656 30.419755, -97.921712 30.419709, -97.921884 30.419603, -97.922016 30.419515, -97.92205 30.419486, -97.922098 30.419431, -97.922151 30.419348, -97.922236 30.419179, -97.922294 30.419076, -97.922372 30.41896, -97.922434 30.418896, -97.922515 30.418836, -97.922637 30.418654, -97.92272 30.418547, -97.922773 30.418487, -97.922736 30.418361, -97.922776 30.41796, -97.922728 30.417791, -97.922434 30.417382, -97.922024 30.416895, -97.921692 30.416449, -97.921628 30.416005, -97.922243 30.415488, -97.922487 30.415315, -97.922839 30.41486, -97.923713 30.413887, -97.924005 30.413551, -97.924231 30.413315, -97.924445 30.413142, -97.924601 30.413028, -97.924753 30.412945, -97.924893 30.41286, -97.925216 30.412736, -97.925604 30.412612, -97.925732 30.412557, -97.925776 30.41254, -97.926841 30.412123, -97.926684 30.411991, -97.926601 30.411695, -97.926619 30.411269, -97.926647 30.410838, -97.926497 30.410147, -97.926338 30.408863, -97.926337 30.408241, -97.926387 30.407854, -97.927086 30.406007, -97.927195 30.405635, -97.927232 30.405363, -97.927222 30.405099, -97.927186 30.404841, -97.927086 30.404464, -97.92686 30.403802, -97.92681 30.40362, -97.926744 30.403341, -97.926716 30.403171, -97.926821 30.403154, -97.927951 30.403019, -97.928827 30.40278, -97.928952 30.402927, -97.929046 30.403004, -97.929176 30.403054, -97.929464 30.403102, -97.929604 30.403131, -97.929723 30.403116, -97.929806 30.403123, -97.929905 30.4031, -97.929984 30.403085, -97.930073 30.403068, -97.930308 30.402987, -97.930538 30.402891, -97.930705 30.402775, -97.930845 30.402656, -97.93095 30.40264, -97.931074 30.402661, -97.93147 30.402783, -97.931782 30.402884, -97.932239 30.403077, -97.932423 30.403108, -97.932608 30.403088, -97.932692 30.403074, -97.93276 30.403074, -97.93362 30.403, -97.934636 30.402913, -97.935049 30.402832, -97.936601 30.402486, -97.93745 30.40227, -97.938466 30.401932, -97.939486 30.401434, -97.939755 30.401259, -97.93986 30.400461, -97.94024 30.399255, -97.940354 30.398847, -97.940568 30.398074, -97.94096 30.397747, -97.942229 30.396694, -97.942611 30.396445, -97.941789 30.397819, -97.941265 30.398696, -97.940561 30.400904, -97.940529 30.402552, -97.940833 30.404168, -97.94143 30.405706, -97.941911 30.406943, -97.942337 30.40804, -97.943239 30.409239, -97.944755 30.411256, -97.945667 30.412468, -97.946114 30.413063, -97.947958 30.415205, -97.94869 30.416055, -97.950082 30.417911, -97.950387 30.4184, -97.95125 30.419783, -97.951468 30.420358, -97.951954 30.421639, -97.952162 30.423959))",52.6,2117.0,99250.0,135.0,0.0,9600750.299331415,0.0002205035996142328
"POLYGON ((-97.924886 30.448284, -97.924782 30.448661, -97.924679 30.449082, -97.924401 30.448442, -97.922569 30.449125, -97.922131 30.449461, -97.921159 30.450623, -97.920704 30.451228, -97.920222 30.451441, -97.920008 30.451609, -97.919812 30.451883, -97.919744 30.452027, -97.919691 30.452139, -97.919631 30.452422, -97.919537 30.452672, -97.919509 30.452712, -97.919387 30.452848, -97.919355 30.452926, -97.919242 30.453054, -97.919203 30.453108, -97.919164 30.45314, -97.919003 30.453227, -97.918885 30.453275, -97.918685 30.453335, -97.918232 30.453489, -97.918127 30.453518, -97.918026 30.453532, -97.917796 30.453539, -97.917359 30.45353, -97.917061 30.453543, -97.916665 30.453551, -97.916321 30.45357, -97.916163 30.453591, -97.916056 30.453616, -97.915655 30.453755, -97.915437 30.453806, -97.915357 30.453829, -97.915252 30.453874, -97.915143 30.453944, -97.914956 30.4541, -97.914753 30.454256, -97.914678 30.454295, -97.9141 30.45447, -97.914 30.454515, -97.913899 30.454577, -97.913728 30.454708, -97.913628 30.454778, -97.913583 30.45481, -97.913515 30.454709, -97.913478 30.454608, -97.913451 30.454461, -97.913437 30.454231, -97.913423 30.45396, -97.913405 30.45379, -97.913373 30.453588, -97.913331 30.4534, -97.913295 30.453226, -97.913249 30.453024, -97.913207 30.45289, -97.913184 30.452822, -97.913143 30.452721, -97.913083 30.452647, -97.913024 30.452594, -97.912937 30.452539, -97.912826 30.452484, -97.912505 30.452344, -97.9117 30.45202, -97.910797 30.451544, -97.910533 30.45142, -97.910267 30.4513, -97.910074 30.451238, -97.909716 30.451133, -97.909553 30.451082, -97.909225 30.450973, -97.909048 30.450938, -97.90887 30.450823, -97.908735 30.45073, -97.908423 30.450434, -97.907948 30.45018, -97.90743 30.449937, -97.906954 30.449733, -97.906572 30.449725, -97.906195 30.449691, -97.905728 30.449682, -97.905365 30.449716, -97.904929 30.449719, -97.904706 30.449588, -97.90469 30.449575, -97.904599 30.449358, -97.905134 30.448914, -97.905469 30.448552, -97.905707 30.448089, -97.905944 30.447678, -97.906041 30.447623, -97.906174 30.447548, -97.906514 30.447516, -97.906753 30.447515, -97.907052 30.447515, -97.907114 30.447502, -97.907535 30.447417, -97.907934 30.447372, -97.908347 30.447256, -97.908861 30.447095, -97.909322 30.44676, -97.909462 30.446862, -97.909573 30.446936, -97.910257 30.447353, -97.911536 30.447039, -97.912446 30.446492, -97.912627 30.446388, -97.912748 30.446313, -97.912898 30.446198, -97.913087 30.446034, -97.913159 30.445955, -97.913207 30.445896, -97.913308 30.445694, -97.913371 30.445508, -97.9134 30.4453, -97.913386 30.445093, -97.913222 30.444634, -97.912598 30.44333, -97.912074 30.442335, -97.912243 30.4421, -97.912439 30.441812, -97.912347 30.441738, -97.912046 30.441429, -97.911445 30.441048, -97.910193 30.440265, -97.908594 30.439653, -97.90786 30.439076, -97.907458 30.438909, -97.907097 30.438805, -97.906879 30.43877, -97.906596 30.438748, -97.906353 30.438748, -97.906109 30.438774, -97.9058 30.438805, -97.905543 30.438835, -97.905308 30.438888, -97.90509 30.438944, -97.904908 30.439018, -97.904642 30.43914, -97.904385 30.439253, -97.904207 30.439292, -97.904024 30.439284, -97.903867 30.439236, -97.90368 30.439157, -97.903466 30.439048, -97.903263 30.438922, -97.903171 30.438835, -97.903119 30.438744, -97.903101 30.438653, -97.903119 30.438522, -97.903149 30.438405, -97.903215 30.438196, -97.903263 30.438056, -97.903338 30.437891, -97.903502 30.437625, -97.903706 30.437369, -97.90392 30.437068, -97.904037 30.436873, -97.904129 30.436707, -97.904207 30.436568, -97.90429 30.436372, -97.904338 30.436207, -97.904355 30.436076, -97.904351 30.436011, -97.904348 30.435897, -97.90432 30.435134, -97.904233 30.434665, -97.903915 30.433774, -97.903776 30.433648, -97.903641 30.433569, -97.903476 30.433504, -97.903297 30.433439, -97.903123 30.433391, -97.902897 30.433334, -97.902666 30.433299, -97.902196 30.43326, -97.902026 30.433272, -97.901894 30.43329, -97.90175 30.433318, -97.90165 30.433351, -97.901496 30.433418, -97.901247 30.433531, -97.901073 30.433604, -97.900771 30.433712, -97.900424 30.433793, -97.899915 30.43389, -97.899501 30.43392, -97.899182 30.433925, -97.898739 30.433964, -97.89847 30.434008, -97.897707 30.4342, -97.897378 30.43424, -97.897028 30.434228, -97.896652 30.434216, -97.895926 30.434144, -97.894228 30.433939, -97.894103 30.433921, -97.892126 30.433596, -97.89109 30.433431, -97.890219 30.433367, -97.889912 30.433341, -97.889692 30.433322, -97.889385 30.433273, -97.889167 30.433224, -97.889025 30.433187, -97.888875 30.433132, -97.888728 30.43307, -97.888607 30.433012, -97.888456 30.432914, -97.887943 30.432557, -97.887632 30.432391, -97.88749 30.432328, -97.887367 30.432294, -97.887204 30.432253, -97.886985 30.43223, -97.886651 30.432223, -97.885934 30.432289, -97.885264 30.432353, -97.885008 30.432386, -97.884847 30.432415, -97.884686 30.432456, -97.884482 30.432523, -97.884307 30.432558, -97.884143 30.432664, -97.883987 30.432788, -97.883863 30.432952, -97.883643 30.433226, -97.883517 30.433502, -97.883462 30.433677, -97.883394 30.433945, -97.883366 30.434454, -97.883436 30.435671, -97.883452 30.435993, -97.883497 30.4362, -97.883567 30.436371, -97.883727 30.436697, -97.88375 30.436839, -97.883754 30.436984, -97.88373 30.437104, -97.883562 30.437515, -97.883491 30.43764, -97.883389 30.437762, -97.88328 30.437854, -97.883063 30.438012, -97.882914 30.438114, -97.882816 30.438193, -97.882684 30.438318, -97.882503 30.438514, -97.882277 30.438792, -97.882069 30.439063, -97.881951 30.439204, -97.881852 30.439296, -97.88171 30.439392, -97.881589 30.439438, -97.881457 30.439471, -97.881282 30.439481, -97.881065 30.439464, -97.880666 30.439418, -97.880459 30.439385, -97.880235 30.439349, -97.879863 30.439267, -97.879757 30.439208, -97.879652 30.439115, -97.879606 30.439036, -97.879566 30.438937, -97.879546 30.438799, -97.87956 30.438628, -97.879573 30.438213, -97.879586 30.437916, -97.879606 30.437706, -97.879645 30.437501, -97.879685 30.437337, -97.879737 30.437185, -97.879803 30.436974, -97.87983 30.436836, -97.879849 30.436684, -97.879863 30.436395, -97.879836 30.436118, -97.87981 30.435973, -97.879757 30.435808, -97.879665 30.43563, -97.87956 30.435479, -97.879402 30.435288, -97.87927 30.435117, -97.879171 30.434926, -97.879098 30.434767, -97.879039 30.434616, -97.87896 30.434491, -97.878894 30.434385, -97.878825 30.434312, -97.878756 30.434254, -97.878657 30.434201, -97.878572 30.43417, -97.878463 30.434138, -97.878349 30.434116, -97.878196 30.434101, -97.878038 30.434108, -97.877775 30.434145, -97.877522 30.434225, -97.877336 30.434299, -97.877157 30.434405, -97.877021 30.434533, -97.876805 30.434745, -97.876597 30.43503, -97.876428 30.435235, -97.876322 30.435436, -97.876271 30.435619, -97.876227 30.435831, -97.876077 30.43675, -97.876008 30.437006, -97.875887 30.437313, -97.875803 30.437584, -97.875777 30.437741, -97.875737 30.437953, -97.875686 30.438096, -97.875605 30.438213, -97.875466 30.438367, -97.875287 30.43855, -97.875071 30.438769, -97.874881 30.438926, -97.874537 30.439201, -97.874372 30.439358, -97.873985 30.439662, -97.87382 30.439783, -97.873715 30.439857, -97.87341 30.4393, -97.873271 30.438967, -97.873209 30.438755, -97.873158 30.438535, -97.873147 30.438264, -97.873168 30.438263, -97.87329 30.438263, -97.873536 30.438263, -97.873352 30.438081, -97.873526 30.438079, -97.873946 30.437968, -97.874467 30.43774, -97.874741 30.437486, -97.874903 30.437142, -97.874979 30.43672, -97.874962 30.436199, -97.874849 30.43556, -97.874795 30.435141, -97.874776 30.434852, -97.87483 30.434515, -97.874993 30.433949, -97.875221 30.43362, -97.875287 30.433372, -97.875366 30.433104, -97.875523 30.432633, -97.875999 30.432018, -97.877915 30.431712, -97.878531 30.431423, -97.879177 30.43136, -97.879157 30.431116, -97.879191 30.431115, -97.879235 30.431121, -97.879279 30.431126, -97.879311 30.431129, -97.879349 30.431133, -97.879399 30.431137, -97.879443 30.43114, -97.879475 30.431141, -97.879513 30.431144, -97.879557 30.431145, -97.879595 30.431146, -97.879639 30.431147, -97.879684 30.431145, -97.879722 30.431146, -97.879766 30.431144, -97.879811 30.431142, -97.879849 30.43114, -97.879887 30.431137, -97.879925 30.431134, -97.879969 30.43113, -97.880013 30.431125, -97.880074 30.430701, -97.880307 30.430592, -97.880398 30.430549, -97.880914 30.429956, -97.881393 30.429406, -97.882315 30.428347, -97.883114 30.427868, -97.884132 30.427258, -97.884869 30.426817, -97.886432 30.42651, -97.890142 30.425782, -97.895159 30.424798, -97.908289 30.422669, -97.911087 30.422215, -97.911563 30.423249, -97.912081 30.424375, -97.912781 30.425811, -97.913025 30.426311, -97.914054 30.427587, -97.915457 30.429511, -97.919153 30.432503, -97.919979 30.432968, -97.919862 30.433974, -97.919879 30.435411, -97.919919 30.436793, -97.91992 30.436837, -97.919937 30.437404, -97.919944 30.437641, -97.92 30.437798, -97.92023 30.438436, -97.920692 30.43922, -97.920756 30.43933, -97.921539 30.440661, -97.923187 30.443538, -97.923351 30.443824, -97.924219 30.445781, -97.924418 30.446231, -97.924671 30.446802, -97.92502 30.448024, -97.924886 30.448284))",62.0,1360.0,115536.0,5.0,13.0,6450539.323884239,0.00021083508396954723
"POLYGON ((-97.846273 30.473201, -97.84117 30.469126, -97.840791 30.468821, -97.840017 30.468204, -97.839265 30.467609, -97.838705 30.467168, -97.836961 30.46579, -97.834884 30.464144, -97.834253 30.463645, -97.834074 30.463497, -97.833525 30.46307, -97.832012 30.461871, -97.83224 30.461922, -97.833047 30.462421, -97.833783 30.462876, -97.836018 30.464296, -97.836302 30.464198, -97.836898 30.463994, -97.838252 30.463532, -97.840049 30.462978, -97.840956 30.46271, -97.841985 30.4624, -97.842235 30.462323, -97.842512 30.462255, -97.842543 30.462245, -97.842527 30.462224, -97.842605 30.462212, -97.842585 30.462185, -97.84251 30.462118, -97.841791 30.461472, -97.841645 30.461378, -97.840492 30.460783, -97.839736 30.460435, -97.84 30.460331, -97.840307 30.460211, -97.84089 30.459952, -97.841085 30.459867, -97.841214 30.459732, -97.841385 30.459618, -97.842184 30.459253, -97.84321 30.458907, -97.844093 30.458655, -97.844644 30.45825, -97.845194 30.457844, -97.845841 30.457367, -97.845928 30.45754, -97.846146 30.458759, -97.846195 30.459193, -97.846189 30.459381, -97.846166 30.459519, -97.846106 30.45974, -97.845952 30.460199, -97.845823 30.460585, -97.845625 30.461099, -97.845454 30.46156, -97.845276 30.461962, -97.845191 30.462219, -97.845151 30.462515, -97.845131 30.462811, -97.845145 30.463529, -97.845141 30.464302, -97.845089 30.464737, -97.84499 30.465086, -97.844865 30.465395, -97.844759 30.46558, -97.844529 30.465843, -97.844423 30.465995, -97.844338 30.466067, -97.844259 30.466094, -97.84418 30.466107, -97.84404 30.466094, -97.843927 30.466089, -97.843826 30.466076, -97.84384 30.466383, -97.843822 30.466689, -97.843842 30.46686, -97.843859 30.466963, -97.843904 30.467215, -97.84397 30.467462, -97.843985 30.467502, -97.844052 30.467676, -97.84416 30.467919, -97.844287 30.46815, -97.844481 30.468462, -97.844752 30.468878, -97.845003 30.469295, -97.845235 30.469717, -97.845556 30.470257, -97.845864 30.470727, -97.845904 30.470915, -97.846273 30.473201))",36.8,868.0,177173.0,28.0,0.0,735071.9615089917,0.0011808367689853483
"POLYGON ((-97.722769 30.361235, -97.72234 30.361377, -97.721842 30.361558, -97.721659 30.361668, -97.72157 30.361735, -97.721423 30.361863, -97.721233 30.36206, -97.721101 30.36217, -97.720984 30.362252, -97.720851 30.362327, -97.720668 30.362403, -97.720126 30.36255, -97.719225 30.362804, -97.717797 30.363135, -97.717578 30.363187, -97.71738 30.363234, -97.716585 30.360605, -97.716549 30.360467, -97.716496 30.360266, -97.716293 30.359485, -97.715742 30.357408, -97.71562 30.35698, -97.715228 30.35561, -97.715038 30.354982, -97.714566 30.353553, -97.714411 30.353019, -97.713987 30.351613, -97.713358 30.34967, -97.713056 30.348739, -97.712827 30.348328, -97.712814 30.348286, -97.712705 30.348133, -97.712527 30.347895, -97.712439 30.347805, -97.712543 30.347639, -97.712603 30.347544, -97.712787 30.347273, -97.713083 30.346837, -97.713338 30.34715, -97.713538 30.347391, -97.713777 30.34775, -97.713893 30.347907, -97.713978 30.348013, -97.714598 30.348416, -97.716267 30.349207, -97.717674 30.349909, -97.718502 30.350276, -97.718582 30.350315, -97.719288 30.35066, -97.720237 30.351095, -97.721107 30.351506, -97.722065 30.351979, -97.722592 30.352193, -97.722662 30.352228, -97.722632 30.352375, -97.722568 30.352616, -97.72231 30.354423, -97.722151 30.355536, -97.721894 30.35735, -97.721871 30.357679, -97.721871 30.357706, -97.721868 30.358009, -97.721887 30.358339, -97.721906 30.358511, -97.721924 30.358667, -97.721965 30.358913, -97.722038 30.359237, -97.722097 30.359439, -97.722131 30.359557, -97.722213 30.359793, -97.722296 30.360003, -97.722848 30.361207, -97.722769 30.361235))",30.8,1893.0,52240.0,57.0,7.0,938692.1438093211,0.002016635605703471
"POLYGON ((-97.71263 30.373245, -97.712555 30.373457, -97.712322 30.373839, -97.710555 30.376494, -97.710436 30.376673, -97.710131 30.377229, -97.709844 30.377208, -97.708985 30.37767, -97.708245 30.377902, -97.707364 30.378154, -97.706909 30.378309, -97.706365 30.378494, -97.705012 30.375999, -97.704615 30.375298, -97.704295 30.374705, -97.70406 30.374043, -97.704005 30.373842, -97.703927 30.373365, -97.703861 30.373128, -97.703757 30.372858, -97.703685 30.372725, -97.703624 30.372626, -97.70348 30.372443, -97.703203 30.372112, -97.703741 30.371777, -97.703899 30.371661, -97.703988 30.371589, -97.704089 30.371475, -97.704419 30.370966, -97.704813 30.370317, -97.7055 30.369251, -97.706279 30.369615, -97.707067 30.37001, -97.709468 30.37118, -97.712088 30.372449, -97.712364 30.372651, -97.712534 30.372852, -97.712619 30.373054, -97.71263 30.373245))",33.0,1837.0,64716.0,21.0,55.0,539289.7988133684,0.0034063318164780066
"POLYGON ((-97.717979 30.365531, -97.71783 30.365565, -97.717638 30.365597, -97.717458 30.365613, -97.717325 30.365602, -97.717187 30.365549, -97.716582 30.365284, -97.715689 30.364891, -97.715097 30.36461, -97.714888 30.364512, -97.714269 30.36418, -97.713432 30.363786, -97.713534 30.363664, -97.713873 30.363125, -97.713969 30.362955, -97.714051 30.362763, -97.714449 30.361278, -97.714479 30.361138, -97.714494 30.361035, -97.714472 30.360939, -97.715074 30.360802, -97.714638 30.359325, -97.71374 30.35951, -97.713497 30.359591, -97.713172 30.359746, -97.713046 30.359805, -97.712928 30.359835, -97.712832 30.359835, -97.712685 30.359813, -97.712544 30.359768, -97.712266 30.359659, -97.712591 30.359102, -97.712806 30.358949, -97.713037 30.358852, -97.712965 30.358668, -97.712906 30.358543, -97.71284 30.358447, -97.712721 30.358328, -97.712603 30.358247, -97.711855 30.35789, -97.712312 30.357199, -97.711506 30.356803, -97.711391 30.356979, -97.711303 30.35715, -97.710516 30.356765, -97.708641 30.355878, -97.708569 30.355838, -97.708486 30.355779, -97.708382 30.35568, -97.708929 30.355363, -97.708622 30.354953, -97.708565 30.354887, -97.708491 30.354832, -97.708395 30.35477, -97.708249 30.354704, -97.707915 30.354538, -97.707377 30.354251, -97.70711 30.354116, -97.706567 30.353841, -97.706382 30.353745, -97.706154 30.353626, -97.705638 30.353351, -97.707269 30.352111, -97.709153 30.35081, -97.709454 30.350718, -97.710487 30.350057, -97.711354 30.349183, -97.711732 30.348726, -97.712224 30.348131, -97.712275 30.348057, -97.712357 30.347936, -97.712407 30.347856, -97.712439 30.347805, -97.712527 30.347895, -97.712705 30.348133, -97.712814 30.348286, -97.712827 30.348328, -97.713056 30.348739, -97.713358 30.34967, -97.713987 30.351613, -97.714411 30.353019, -97.714566 30.353553, -97.715038 30.354982, -97.715228 30.35561, -97.71562 30.35698, -97.715742 30.357408, -97.716293 30.359485, -97.716496 30.360266, -97.716549 30.360467, -97.716585 30.360605, -97.71738 30.363234, -97.717542 30.363771, -97.717866 30.36493, -97.717979 30.365531))",28.0,2013.0,50000.0,151.0,0.0,770990.6351813896,0.0026109266548048344
"POLYGON ((-97.703279 30.390312, -97.702661 30.39143, -97.702877 30.3918, -97.703016 30.392166, -97.702217 30.392526, -97.70199 30.392612, -97.700934 30.393471, -97.700693 30.394002, -97.7006 30.39439, -97.700504 30.39479, -97.700296 30.395287, -97.700046 30.395651, -97.699878 30.395897, -97.700136 30.395934, -97.700395 30.39597, -97.700379 30.395997, -97.700343 30.396075, -97.700333 30.396142, -97.700318 30.396205, -97.700318 30.396249, -97.700307 30.39628, -97.700286 30.39639, -97.700273 30.396426, -97.700255 30.396518, -97.700247 30.396547, -97.700228 30.39665, -97.700223 30.396687, -97.700198 30.396817, -97.700163 30.396957, -97.700157 30.397014, -97.700106 30.397245, -97.700026 30.397365, -97.699671 30.39734, -97.698836 30.397364, -97.698505 30.397337, -97.69814 30.397308, -97.697404 30.396946, -97.696512 30.396722, -97.695771 30.396377, -97.696158 30.395669, -97.696673 30.394679, -97.697004 30.394191, -97.697033 30.394147, -97.6977 30.393889, -97.697989 30.393671, -97.698564 30.392413, -97.698813 30.39208, -97.699519 30.39147, -97.700268 30.390913, -97.701066 30.390228, -97.701632 30.389467, -97.701677 30.389486, -97.703166 30.390267, -97.703279 30.390312))",37.1,350.0,190958.0,0.0,12.0,267893.44975289505,0.0013064895775646626
"POLYGON ((-97.721147 30.393095, -97.720915 30.39375, -97.720399 30.395203, -97.719346 30.398245, -97.719319 30.398324, -97.718661 30.400228, -97.718448 30.400848, -97.717609 30.402276, -97.716042 30.404944, -97.716028 30.404968, -97.715868 30.40524, -97.715689 30.405729, -97.715607 30.406131, -97.715617 30.406651, -97.715655 30.406979, -97.715745 30.407419, -97.715853 30.407816, -97.715855 30.407834, -97.715537 30.407852, -97.715324 30.407847, -97.715086 30.407793, -97.714827 30.407719, -97.714628 30.407619, -97.71428 30.407375, -97.71383 30.407075, -97.713297 30.406657, -97.712957 30.406222, -97.712658 30.405567, -97.712369 30.404915, -97.712237 30.404889, -97.712199 30.404878, -97.712213 30.404859, -97.712268 30.404757, -97.712236 30.404718, -97.712033 30.404476, -97.711779 30.404256, -97.711506 30.404085, -97.710672 30.403642, -97.710469 30.403534, -97.710401 30.403566, -97.710371 30.403554, -97.710224 30.403482, -97.709799 30.403268, -97.709263 30.402935, -97.708818 30.402538, -97.708164 30.401367, -97.707722 30.400577, -97.706455 30.401166, -97.705258 30.401723, -97.704855 30.401676, -97.704477 30.401487, -97.703949 30.401085, -97.703033 30.40064, -97.703112 30.400545, -97.70398 30.399192, -97.704033 30.399094, -97.704097 30.399004, -97.704404 30.398495, -97.704483 30.398368, -97.704593 30.398191, -97.704867 30.397767, -97.705427 30.396904, -97.705717 30.396456, -97.705836 30.396278, -97.705969 30.396068, -97.706262 30.395615, -97.706644 30.395022, -97.706777 30.394815, -97.706836 30.394717, -97.706908 30.394615, -97.707369 30.393925, -97.70823 30.392524, -97.708273 30.39245, -97.708296 30.392413, -97.708348 30.392331, -97.708353 30.392321, -97.708373 30.392293, -97.708416 30.392232, -97.709295 30.390884, -97.709432 30.390675, -97.709904 30.389862, -97.710189 30.389216, -97.710412 30.388902, -97.710471 30.388783, -97.711181 30.389123, -97.713569 30.390281, -97.713921 30.390766, -97.713972 30.390822, -97.714003 30.390849, -97.714063 30.390932, -97.714888 30.392282, -97.71514 30.392719, -97.716143 30.393217, -97.716252 30.393271, -97.716279 30.393284, -97.716982 30.390843, -97.717111 30.390338, -97.717944 30.390392, -97.720732 30.390985, -97.721742 30.391203, -97.721147 30.393095))",29.8,2137.0,56828.0,309.0,257.0,1932656.6952826309,0.001105731817355946
"POLYGON ((-97.710471 30.388783, -97.710412 30.388902, -97.710189 30.389216, -97.709904 30.389862, -97.709432 30.390675, -97.709295 30.390884, -97.708416 30.392232, -97.708373 30.392293, -97.708353 30.392321, -97.708348 30.392331, -97.708296 30.392413, -97.708187 30.39236, -97.703387 30.39037, -97.703279 30.390312, -97.703166 30.390267, -97.701677 30.389486, -97.701632 30.389467, -97.701604 30.389446, -97.700208 30.388615, -97.700174 30.388594, -97.700142 30.388579, -97.698614 30.387747, -97.698571 30.387723, -97.698547 30.387709, -97.697748 30.387246, -97.697709 30.387222, -97.697653 30.387196, -97.695858 30.386255, -97.695714 30.386187, -97.695764 30.386139, -97.695803 30.386077, -97.696279 30.385314, -97.697179 30.38388, -97.6979 30.382712, -97.698628 30.383024, -97.700319 30.383843, -97.700684 30.384051, -97.700923 30.384166, -97.701163 30.38428, -97.701758 30.384564, -97.702713 30.385022, -97.704505 30.385876, -97.704918 30.386074, -97.705479 30.386342, -97.705853 30.386558, -97.706265 30.386743, -97.710335 30.388717, -97.710358 30.388728, -97.710429 30.388763, -97.710471 30.388783))",37.3,1172.0,113808.0,35.0,15.0,647166.3848083541,0.0018109716875159784
"POLYGON ((-97.701632 30.389467, -97.701066 30.390228, -97.700268 30.390913, -97.699519 30.39147, -97.698813 30.39208, -97.698373 30.391708, -97.697449 30.390998, -97.697054 30.390641, -97.696705 30.390389, -97.69633 30.390274, -97.696027 30.390971, -97.695994 30.391048, -97.695619 30.391683, -97.695585 30.391741, -97.695193 30.392396, -97.69477 30.393075, -97.693262 30.392315, -97.692481 30.391859, -97.691785 30.391531, -97.691553 30.391829, -97.69119 30.392454, -97.690452 30.392064, -97.689624 30.391643, -97.689509 30.391401, -97.689416 30.391028, -97.689281 30.390863, -97.689036 30.390682, -97.689151 30.390563, -97.689462 30.390405, -97.689689 30.39036, -97.690409 30.390347, -97.69113 30.390296, -97.69146 30.390141, -97.691679 30.389944, -97.69196 30.38954, -97.692182 30.389165, -97.692617 30.388514, -97.692785 30.388251, -97.692989 30.388079, -97.69318 30.387968, -97.69349 30.387911, -97.694407 30.387803, -97.694417 30.387369, -97.694531 30.387002, -97.694849 30.386742, -97.695461 30.38643, -97.695571 30.386325, -97.695714 30.386187, -97.695858 30.386255, -97.697653 30.387196, -97.697709 30.387222, -97.697748 30.387246, -97.698547 30.387709, -97.698571 30.387723, -97.698614 30.387747, -97.700142 30.388579, -97.700174 30.388594, -97.700208 30.388615, -97.701604 30.389446, -97.701632 30.389467))",42.7,1278.0,136500.0,25.0,10.0,434414.688272375,0.0029418894768095476
"POLYGON ((-97.700354 30.403168, -97.70025 30.403232, -97.698682 30.404214, -97.69857 30.404292, -97.698538 30.404327, -97.698458 30.4044, -97.698417 30.404454, -97.698352 30.404554, -97.698049 30.405084, -97.697736 30.405978, -97.697608 30.405973, -97.697563 30.40597, -97.69737 30.405952, -97.697263 30.405952, -97.697117 30.405915, -97.69694 30.405889, -97.696735 30.405834, -97.696601 30.405771, -97.696398 30.405659, -97.696196 30.405565, -97.695982 30.405476, -97.695935 30.405453, -97.695635 30.405274, -97.695573 30.405226, -97.695458 30.40511, -97.695436 30.405076, -97.695337 30.404956, -97.695226 30.404832, -97.695033 30.404586, -97.694988 30.404536, -97.694968 30.404473, -97.694962 30.404414, -97.694976 30.404352, -97.695018 30.404275, -97.695058 30.404224, -97.695129 30.404165, -97.69534 30.40406, -97.69537 30.404029, -97.695406 30.403977, -97.695455 30.403894, -97.695487 30.403852, -97.695504 30.40381, -97.695507 30.403758, -97.695489 30.40369, -97.695478 30.403667, -97.695406 30.403558, -97.695382 30.403531, -97.695313 30.403389, -97.69517 30.403158, -97.69513 30.403108, -97.69495 30.402929, -97.694901 30.402893, -97.694736 30.402818, -97.694703 30.402815, -97.694598 30.402828, -97.694559 30.40284, -97.694524 30.402866, -97.694497 30.402895, -97.694475 30.402929, -97.694426 30.402971, -97.694223 30.403042, -97.6941 30.403098, -97.693931 30.403181, -97.693446 30.403378, -97.693228 30.40346, -97.693147 30.403484, -97.692959 30.403578, -97.692896 30.403597, -97.69279 30.403605, -97.692586 30.403608, -97.692316 30.403593, -97.692296 30.403598, -97.692148 30.403668, -97.691998 30.403747, -97.691811 30.403812, -97.691755 30.403822, -97.691672 30.403819, -97.691496 30.403781, -97.691445 30.403761, -97.691378 30.403712, -97.691341 30.403653, -97.691306 30.403583, -97.691259 30.403455, -97.691242 30.40342, -97.691192 30.403255, -97.691127 30.403007, -97.691125 30.402955, -97.691149 30.402733, -97.691162 30.402685, -97.691175 30.402507, -97.691173 30.402459, -97.69116 30.402347, -97.691128 30.402264, -97.691093 30.402227, -97.691016 30.402174, -97.69094 30.402141, -97.690893 30.402128, -97.690744 30.402098, -97.690696 30.402082, -97.690668 30.40206, -97.690462 30.401833, -97.690279 30.401666, -97.69012 30.401556, -97.689981 30.40149, -97.689844 30.401406, -97.689734 30.401316, -97.689691 30.401243, -97.689666 30.401162, -97.689607 30.401042, -97.689587 30.400967, -97.689554 30.40088, -97.689538 30.400858, -97.689462 30.400776, -97.689427 30.400747, -97.68937 30.400721, -97.68928 30.400681, -97.689233 30.400667, -97.689177 30.400661, -97.689102 30.40066, -97.689062 30.400647, -97.68895 30.40058, -97.68891 30.400547, -97.688796 30.40047, -97.688732 30.400406, -97.688691 30.400371, -97.688632 30.400295, -97.688581 30.40019, -97.688547 30.400145, -97.688496 30.400095, -97.688423 30.400033, -97.688297 30.399909, -97.688083 30.399727, -97.687851 30.399538, -97.687578 30.399306, -97.687415 30.399148, -97.687286 30.399028, -97.687097 30.398882, -97.68701 30.398832, -97.686874 30.398775, -97.686623 30.398646, -97.686503 30.398577, -97.686401 30.398512, -97.68629 30.398459, -97.686171 30.398396, -97.686084 30.39836, -97.685964 30.398328, -97.685898 30.39832, -97.685726 30.398332, -97.68565 30.398325, -97.685554 30.398291, -97.685486 30.398281, -97.685387 30.398255, -97.685262 30.398206, -97.685072 30.398101, -97.685006 30.398045, -97.684977 30.398026, -97.684862 30.397963, -97.684692 30.397909, -97.684616 30.39788, -97.684559 30.39785, -97.684436 30.397797, -97.684348 30.397746, -97.684306 30.39771, -97.684224 30.397617, -97.684182 30.397562, -97.684097 30.397486, -97.684045 30.397411, -97.684032 30.397386, -97.68385 30.397235, -97.683763 30.397172, -97.68369 30.397088, -97.683662 30.39704, -97.68361 30.396917, -97.683591 30.396808, -97.683596 30.396748, -97.683614 30.396681, -97.683643 30.39663, -97.683752 30.396492, -97.683863 30.396328, -97.683948 30.396242, -97.683997 30.396211, -97.684161 30.396058, -97.684241 30.396014, -97.684359 30.395898, -97.684543 30.395739, -97.684617 30.395643, -97.684626 30.395615, -97.684643 30.395498, -97.684639 30.395218, -97.684613 30.395061, -97.684543 30.394937, -97.684488 30.394888, -97.684359 30.394789, -97.684287 30.394755, -97.684216 30.394737, -97.684182 30.394735, -97.684114 30.394747, -97.684009 30.394783, -97.683962 30.394795, -97.683772 30.39487, -97.683673 30.394896, -97.683112 30.39497, -97.682907 30.39502, -97.682592 30.395058, -97.682468 30.395088, -97.682347 30.395128, -97.682204 30.395194, -97.681988 30.395264, -97.681872 30.395285, -97.681721 30.395295, -97.681401 30.395286, -97.681242 30.395269, -97.68103 30.395254, -97.680722 30.395185, -97.680523 30.395119, -97.680769 30.394505, -97.680842 30.394335, -97.681037 30.393878, -97.681296 30.393229, -97.681769 30.392045, -97.681964 30.391543, -97.682209 30.390948, -97.682903 30.389362, -97.683236 30.388544, -97.684253 30.386056, -97.684689 30.385162, -97.68473 30.385079, -97.684997 30.384496, -97.68515 30.384563, -97.686565 30.385183, -97.687383 30.385538, -97.687874 30.385742, -97.688122 30.385846, -97.688371 30.385949, -97.688214 30.386229, -97.687741 30.386557, -97.687464 30.386992, -97.686952 30.387644, -97.686625 30.38808, -97.686542 30.388389, -97.686444 30.388681, -97.68618 30.389014, -97.685803 30.389656, -97.687413 30.390506, -97.687613 30.390667, -97.688087 30.390872, -97.688751 30.39121, -97.688894 30.390891, -97.689036 30.390682, -97.689281 30.390863, -97.689416 30.391028, -97.689509 30.391401, -97.689624 30.391643, -97.690452 30.392064, -97.69119 30.392454, -97.691553 30.391829, -97.691785 30.391531, -97.692481 30.391859, -97.693262 30.392315, -97.69477 30.393075, -97.695193 30.392396, -97.695585 30.391741, -97.695619 30.391683, -97.695994 30.391048, -97.696027 30.390971, -97.69633 30.390274, -97.696705 30.390389, -97.697054 30.390641, -97.697449 30.390998, -97.698373 30.391708, -97.698813 30.39208, -97.698564 30.392413, -97.697989 30.393671, -97.6977 30.393889, -97.697033 30.394147, -97.697004 30.394191, -97.696673 30.394679, -97.696158 30.395669, -97.695771 30.396377, -97.69537 30.397056, -97.695021 30.397967, -97.695443 30.398669, -97.695692 30.398782, -97.69617 30.399, -97.696765 30.399318, -97.697011 30.399658, -97.697067 30.399734, -97.697267 30.400126, -97.697343 30.400276, -97.697683 30.400654, -97.698392 30.401164, -97.699326 30.401879, -97.700121 30.402866, -97.700267 30.403056, -97.700354 30.403168))",36.5,2625.0,63369.0,114.0,126.0,1822932.6663639455,0.001439987361264348
"POLYGON ((-97.707579 30.380317, -97.706969 30.381254, -97.706548 30.381908, -97.70455 30.380934, -97.704147 30.380737, -97.702091 30.379707, -97.701791 30.380062, -97.701654 30.380223, -97.701572 30.380475, -97.701615 30.380861, -97.701785 30.381705, -97.701805 30.381802, -97.701383 30.382163, -97.701334 30.382205, -97.701139 30.382597, -97.700971 30.382822, -97.700319 30.383843, -97.698628 30.383024, -97.6979 30.382712, -97.697956 30.381754, -97.697951 30.38132, -97.697948 30.381122, -97.697946 30.380923, -97.698639 30.379797, -97.698652 30.379782, -97.699303 30.379083, -97.69999 30.378058, -97.700135 30.377453, -97.700167 30.376988, -97.700182 30.376772, -97.700196 30.376555, -97.700254 30.376088, -97.701005 30.374896, -97.701284 30.374414, -97.701848 30.373553, -97.702233 30.372965, -97.702402 30.372712, -97.702595 30.372529, -97.703203 30.372112, -97.70348 30.372443, -97.703624 30.372626, -97.703685 30.372725, -97.703757 30.372858, -97.703861 30.373128, -97.703927 30.373365, -97.704005 30.373842, -97.70406 30.374043, -97.704295 30.374705, -97.704615 30.375298, -97.705012 30.375999, -97.706365 30.378494, -97.706542 30.378772, -97.706748 30.379096, -97.707264 30.379612, -97.707809 30.38011, -97.707579 30.380317))",38.2,1493.0,132500.0,30.0,22.0,551798.5570605115,0.002705697542873919
"POLYGON ((-97.775528 30.202493, -97.775365 30.203254, -97.775148 30.20388, -97.774818 30.204885, -97.774756 30.204991, -97.77453 30.205588, -97.774255 30.206188, -97.773624 30.207419, -97.773181 30.208215, -97.772791 30.208863, -97.77192 30.210278, -97.771794 30.210292, -97.771655 30.210318, -97.77159 30.210338, -97.771481 30.210381, -97.771369 30.210407, -97.771241 30.210463, -97.771186 30.210483, -97.771122 30.2105, -97.771091 30.210516, -97.770998 30.210532, -97.770934 30.210532, -97.770882 30.21052, -97.770691 30.210441, -97.77062 30.210423, -97.770072 30.210357, -97.770035 30.210349, -97.769996 30.210331, -97.76998 30.210317, -97.769744 30.210038, -97.769712 30.209986, -97.769657 30.209864, -97.769555 30.209683, -97.769477 30.209474, -97.769198 30.208844, -97.76918 30.208779, -97.769174 30.208701, -97.769193 30.208193, -97.769219 30.208014, -97.769248 30.207903, -97.769286 30.207822, -97.769419 30.207612, -97.769563 30.207362, -97.769686 30.207179, -97.769815 30.207045, -97.769861 30.206978, -97.769954 30.206818, -97.770055 30.206684, -97.770127 30.206604, -97.770234 30.20651, -97.770286 30.206442, -97.770375 30.206295, -97.770723 30.205887, -97.770743 30.205853, -97.770762 30.205808, -97.770774 30.205719, -97.770772 30.20566, -97.770781 30.205544, -97.77077 30.205401, -97.770753 30.205313, -97.770718 30.205213, -97.770655 30.205065, -97.77059 30.204937, -97.770508 30.204802, -97.77044 30.204724, -97.77039 30.20468, -97.770304 30.204624, -97.770199 30.204574, -97.77007 30.204526, -97.769856 30.204456, -97.769694 30.204412, -97.769331 30.204334, -97.768587 30.20414, -97.768483 30.204125, -97.768266 30.204119, -97.768113 30.204126, -97.767993 30.204136, -97.767914 30.204132, -97.767717 30.204076, -97.767504 30.203976, -97.767485 30.203956, -97.767399 30.203632, -97.767372 30.203587, -97.767348 30.203557, -97.767271 30.203461, -97.76723 30.203428, -97.767125 30.203368, -97.766725 30.203182, -97.766505 30.203097, -97.766248 30.20302, -97.766084 30.202966, -97.765851 30.20286, -97.765353 30.202703, -97.76484 30.202578, -97.764707 30.202564, -97.76458 30.202569, -97.764371 30.202592, -97.764099 30.202601, -97.763975 30.202597, -97.763941 30.20259, -97.763632 30.202485, -97.763587 30.202464, -97.76343 30.202377, -97.762893 30.202217, -97.762591 30.202095, -97.762358 30.20201, -97.762219 30.201965, -97.761854 30.201791, -97.761817 30.201772, -97.761682 30.201699, -97.761649 30.201682, -97.761906 30.201307, -97.763396 30.199506, -97.764208 30.198526, -97.764879 30.197719, -97.765028 30.197527, -97.765454 30.197478, -97.76583 30.197653, -97.766286 30.197695, -97.766912 30.197804, -97.767282 30.197916, -97.767669 30.198062, -97.767959 30.198246, -97.768403 30.198541, -97.768487 30.198624, -97.768546 30.198682, -97.768683 30.198816, -97.769177 30.199412, -97.772149 30.200854, -97.772231 30.200894, -97.774829 30.202154, -97.775573 30.20233, -97.775528 30.202493))",35.8,1345.0,77831.0,112.0,0.0,803549.6235719232,0.0016738231971551827
"POLYGON ((-97.894326 30.218286, -97.89423 30.218528, -97.893966 30.21919, -97.893619 30.220064, -97.892905 30.219811, -97.892704 30.219785, -97.892237 30.219782, -97.891328 30.219781, -97.891277 30.219785, -97.891163 30.219786, -97.891063 30.219776, -97.890977 30.219755, -97.890861 30.219711, -97.890601 30.21958, -97.890454 30.219516, -97.890359 30.219487, -97.890237 30.21946, -97.890136 30.219444, -97.890061 30.219437, -97.889909 30.219437, -97.889746 30.219453, -97.889598 30.219486, -97.889491 30.21952, -97.88939 30.219579, -97.889279 30.219687, -97.889137 30.219592, -97.888782 30.219208, -97.888505 30.218913, -97.888449 30.2188, -97.888316 30.218706, -97.888156 30.21844, -97.887969 30.218066, -97.88782 30.218136, -97.88774 30.218167, -97.887654 30.218195, -97.887558 30.218217, -97.887355 30.218253, -97.887254 30.218277, -97.887158 30.218308, -97.887066 30.218341, -97.886884 30.218401, -97.886788 30.218424, -97.886688 30.218441, -97.88635 30.218455, -97.886235 30.218443, -97.886122 30.218421, -97.885819 30.218298, -97.885737 30.21824, -97.885666 30.218176, -97.885603 30.218107, -97.885501 30.217961, -97.885454 30.217888, -97.885407 30.217816, -97.885028 30.217122, -97.884793 30.216741, -97.884695 30.216566, -97.88466 30.216504, -97.884539 30.2163, -97.884451 30.21616, -97.884323 30.215947, -97.88428 30.215876, -97.884239 30.215807, -97.884071 30.215558, -97.884029 30.215512, -97.883989 30.215474, -97.88395 30.215439, -97.884072 30.215291, -97.884292 30.214925, -97.883229 30.214469, -97.881584 30.213679, -97.881254 30.213502, -97.881202 30.21347, -97.880471 30.213007, -97.880045 30.212696, -97.879855 30.212546, -97.879685 30.212441, -97.879574 30.212362, -97.879068 30.212123, -97.878992 30.212084, -97.879014 30.212036, -97.87904 30.212, -97.879065 30.211965, -97.879385 30.211519, -97.8801 30.211938, -97.88062 30.212217, -97.880856 30.212232, -97.881267 30.212049, -97.881485 30.211467, -97.881382 30.210977, -97.881378 30.210939, -97.881348 30.210649, -97.881389 30.210254, -97.882276 30.210328, -97.882943 30.210385, -97.883152 30.210345, -97.883301 30.210213, -97.8836 30.209729, -97.884015 30.208958, -97.88448 30.209174, -97.884871 30.209355, -97.884385 30.210091, -97.883762 30.211105, -97.883747 30.211183, -97.883689 30.211502, -97.884032 30.211787, -97.884431 30.211948, -97.885155 30.212212, -97.885685 30.21241, -97.885889 30.212015, -97.886081 30.211606, -97.886196 30.211399, -97.88669 30.21082, -97.887158 30.21032, -97.887609 30.209966, -97.888133 30.209575, -97.888322 30.209435, -97.888569 30.209268, -97.888712 30.209172, -97.889157 30.208873, -97.889187 30.208853, -97.889277 30.208792, -97.889412 30.208703, -97.889525 30.208837, -97.890443 30.209742, -97.892446 30.211719, -97.892924 30.21246, -97.893106 30.212881, -97.89318 30.213053, -97.893207 30.213221, -97.89331 30.213864, -97.893278 30.215663, -97.893273 30.215929, -97.893462 30.216758, -97.893889 30.217759, -97.894138 30.218025, -97.894284 30.218108, -97.894326 30.218286))",38.3,1561.0,101989.0,0.0,120.0,954943.7284581118,0.001634651292511706
"POLYGON ((-97.882577 30.247758, -97.881403 30.249602, -97.879744 30.252248, -97.879569 30.252527, -97.87937 30.252833, -97.879254 30.253034, -97.879177 30.253166, -97.878742 30.253874, -97.878855 30.253942, -97.878962 30.254019, -97.879093 30.254141, -97.879264 30.254297, -97.879172 30.254348, -97.879073 30.254444, -97.878969 30.254543, -97.878912 30.254604, -97.878867 30.254668, -97.878819 30.254748, -97.878586 30.255153, -97.878561 30.255218, -97.878561 30.255296, -97.878565 30.255324, -97.878605 30.255402, -97.879163 30.255812, -97.879026 30.255979, -97.878979 30.256048, -97.878963 30.256089, -97.87896 30.256163, -97.878958 30.256517, -97.878965 30.256688, -97.878821 30.256697, -97.876931 30.256777, -97.876817 30.256793, -97.876683 30.256793, -97.872102 30.257091, -97.871063 30.257149, -97.870901 30.257149, -97.870771 30.257147, -97.870649 30.257143, -97.87031 30.257131, -97.869646 30.257053, -97.869028 30.256914, -97.868341 30.256668, -97.867963 30.256504, -97.867646 30.256343, -97.867258 30.256101, -97.866984 30.255897, -97.866825 30.255775, -97.866684 30.255668, -97.86634 30.255356, -97.865659 30.254719, -97.86561 30.254662, -97.865533 30.254573, -97.865476 30.254507, -97.865589 30.254352, -97.865672 30.254279, -97.865761 30.254184, -97.865977 30.253904, -97.866118 30.253604, -97.866239 30.253267, -97.866296 30.253012, -97.866315 30.252649, -97.866321 30.251954, -97.866264 30.25, -97.866261 30.249734, -97.866271 30.249656, -97.866264 30.249344, -97.866251 30.249049, -97.866214 30.248719, -97.866115 30.248348, -97.865962 30.247992, -97.865335 30.246997, -97.864798 30.24616, -97.864473 30.245645, -97.864033 30.244946, -97.863812 30.244637, -97.863615 30.244372, -97.863255 30.243988, -97.862813 30.243539, -97.862277 30.243015, -97.862028 30.242744, -97.861794 30.242476, -97.861651 30.242279, -97.86149 30.242011, -97.861314 30.241592, -97.861228 30.241276, -97.861223 30.241147, -97.861239 30.240667, -97.861268 30.240269, -97.861353 30.23997, -97.861461 30.239727, -97.86152 30.23956, -97.861646 30.239351, -97.861775 30.23917, -97.861957 30.238932, -97.862199 30.238723, -97.864609 30.236983, -97.86507 30.236502, -97.865272 30.236033, -97.865324 30.235814, -97.86522 30.235127, -97.864964 30.234512, -97.864779 30.234061, -97.864933 30.23404, -97.866032 30.233894, -97.867505 30.234078, -97.868944 30.234051, -97.871215 30.234012, -97.871388 30.235053, -97.871024 30.237423, -97.871286 30.23778, -97.87164 30.237982, -97.872285 30.238126, -97.873805 30.238466, -97.87459 30.238641, -97.875144 30.238937, -97.876143 30.239719, -97.876369 30.239896, -97.877013 30.240619, -97.877389 30.24104, -97.877431 30.241088, -97.878954 30.242987, -97.879597 30.243705, -97.880199 30.244377, -97.881143 30.24543, -97.881587 30.24586, -97.882321 30.246564, -97.882985 30.247118, -97.882577 30.247758))",35.4,3333.0,166788.0,39.0,111.0,3265400.44033668,0.0010207017671793877
"POLYGON ((-97.63241 30.433591, -97.632176 30.433937, -97.631725 30.434684, -97.631565 30.435301, -97.631572 30.435537, -97.631668 30.436222, -97.631595 30.436779, -97.631517 30.437013, -97.63138 30.437283, -97.631005 30.437918, -97.630576 30.438541, -97.630505 30.438508, -97.630464 30.438489, -97.630436 30.438479, -97.630215 30.438322, -97.630174 30.438277, -97.63014 30.438213, -97.630113 30.438128, -97.630075 30.438069, -97.630068 30.438023, -97.630068 30.437963, -97.630044 30.437877, -97.629981 30.437708, -97.629936 30.437613, -97.629883 30.437531, -97.629833 30.437372, -97.629813 30.437326, -97.629789 30.437297, -97.629531 30.437085, -97.629426 30.436983, -97.629309 30.436854, -97.629011 30.436594, -97.628899 30.436516, -97.628559 30.436335, -97.628357 30.436233, -97.628287 30.436193, -97.627917 30.435999, -97.62777 30.435912, -97.627557 30.435807, -97.627193 30.435638, -97.627018 30.435525, -97.626679 30.435323, -97.626466 30.435211, -97.626119 30.435044, -97.625945 30.434943, -97.625786 30.434829, -97.62573 30.434774, -97.625696 30.434718, -97.625677 30.43466, -97.625676 30.434591, -97.625683 30.43456, -97.625714 30.434501, -97.625728 30.434482, -97.625761 30.434399, -97.625515 30.434252, -97.625285 30.434117, -97.625102 30.434, -97.62488 30.433923, -97.624731 30.433887, -97.624545 30.433875, -97.624003 30.434008, -97.623797 30.43356, -97.623566 30.433134, -97.623391 30.432726, -97.623311 30.432255, -97.623241 30.432083, -97.62315 30.431984, -97.622838 30.431791, -97.623281 30.430983, -97.623486 30.430861, -97.623343 30.429986, -97.62323 30.42993, -97.623357 30.429796, -97.62344 30.429683, -97.624235 30.428587, -97.624478 30.428177, -97.624482 30.428247, -97.624479 30.428304, -97.624417 30.428475, -97.62439 30.428571, -97.62438 30.42866, -97.624381 30.428717, -97.624506 30.428834, -97.625173 30.429464, -97.625928 30.429847, -97.626885 30.43033, -97.627735 30.430739, -97.628626 30.431184, -97.630274 30.431979, -97.632699 30.433166, -97.63241 30.433591))",38.8,671.0,156905.0,17.0,0.0,468232.48955141526,0.0014330487844678268
"POLYGON ((-97.845989 30.158774, -97.845904 30.158914, -97.845817 30.159066, -97.845757 30.159239, -97.845726 30.159364, -97.845599 30.15987, -97.845103 30.159896, -97.842981 30.161742, -97.842838 30.161686, -97.842652 30.161686, -97.842631 30.161689, -97.842529 30.161681, -97.842347 30.161657, -97.842298 30.161641, -97.842265 30.161614, -97.8422 30.16153, -97.842153 30.161458, -97.842115 30.161422, -97.841696 30.161177, -97.841549 30.161105, -97.841349 30.161043, -97.841164 30.160975, -97.840961 30.160906, -97.840902 30.16088, -97.840897 30.160862, -97.84091 30.160789, -97.840881 30.160736, -97.84085 30.160699, -97.840814 30.160671, -97.840776 30.160653, -97.840304 30.160498, -97.840209 30.160474, -97.840102 30.160463, -97.839874 30.160457, -97.839801 30.160462, -97.839748 30.160476, -97.839479 30.160604, -97.839435 30.160613, -97.839368 30.160606, -97.839008 30.160535, -97.838588 30.160462, -97.838527 30.160462, -97.83846 30.16047, -97.838212 30.160514, -97.838028 30.160562, -97.83795 30.160591, -97.837885 30.160629, -97.837797 30.160703, -97.837693 30.16081, -97.837643 30.160881, -97.837603 30.160998, -97.837567 30.161062, -97.83754 30.161091, -97.837484 30.16113, -97.83735 30.161212, -97.836797 30.161589, -97.836542 30.161752, -97.836511 30.161784, -97.8363 30.162126, -97.83627 30.162152, -97.836087 30.162254, -97.835991 30.162289, -97.835672 30.162374, -97.835566 30.162413, -97.835489 30.162449, -97.83542 30.162533, -97.835394 30.162549, -97.835311 30.162557, -97.835208 30.162556, -97.835104 30.16255, -97.83507 30.162558, -97.834985 30.162593, -97.834891 30.162611, -97.834846 30.162611, -97.834732 30.162578, -97.834673 30.162573, -97.83452 30.16257, -97.834305 30.162544, -97.834245 30.162541, -97.833836 30.162521, -97.833755 30.1625, -97.833527 30.162421, -97.833454 30.162404, -97.833385 30.162399, -97.83334 30.162405, -97.833304 30.162425, -97.833287 30.16246, -97.833271 30.162524, -97.833237 30.162597, -97.833216 30.162626, -97.833189 30.162639, -97.833127 30.162657, -97.833018 30.162586, -97.832348 30.162147, -97.832004 30.162018, -97.832891 30.160842, -97.832927 30.160785, -97.833138 30.160462, -97.833254 30.160104, -97.833339 30.159665, -97.833372 30.159499, -97.833305 30.158755, -97.833304 30.157124, -97.833279 30.154714, -97.833415 30.154712, -97.833484 30.154679, -97.833578 30.154671, -97.833882 30.154669, -97.834169 30.154673, -97.834334 30.154697, -97.834642 30.154782, -97.834933 30.154863, -97.835218 30.154952, -97.83537 30.15499, -97.835501 30.15501, -97.83562 30.15501, -97.835824 30.15501, -97.835942 30.155016, -97.836133 30.155014, -97.836268 30.154999, -97.836364 30.154979, -97.836455 30.154938, -97.836526 30.154897, -97.836594 30.15485, -97.836649 30.154783, -97.837125 30.153871, -97.837141 30.153839, -97.837157 30.153809, -97.837227 30.153675, -97.837291 30.153584, -97.837386 30.153493, -97.837491 30.153415, -97.837592 30.153355, -97.837816 30.153259, -97.837912 30.153233, -97.837949 30.153223, -97.838008 30.153217, -97.838049 30.153214, -97.838135 30.153215, -97.838327 30.153237, -97.839372 30.153389, -97.839413 30.153393, -97.839454 30.1534, -97.83986 30.15345, -97.840367 30.153431, -97.840494 30.153408, -97.840622 30.153368, -97.840746 30.153312, -97.840848 30.153248, -97.840878 30.153223, -97.840951 30.153167, -97.841064 30.153053, -97.841124 30.152988, -97.841232 30.152871, -97.841315 30.152928, -97.841984 30.15336, -97.842606 30.153806, -97.842861 30.153998, -97.842886 30.154012, -97.842977 30.154051, -97.843085 30.154081, -97.843198 30.154094, -97.843887 30.154086, -97.844685 30.154067, -97.844978 30.154059, -97.845501 30.154046, -97.845491 30.152562, -97.845879 30.152567, -97.845892 30.153198, -97.845901 30.153592, -97.845915 30.154296, -97.845928 30.15476, -97.845935 30.15525, -97.845953 30.156097, -97.845968 30.156813, -97.845972 30.157013, -97.845983 30.157815, -97.845991 30.158448, -97.845989 30.158774))",36.3,2863.0,119613.0,124.0,0.0,1002543.0098590887,0.002855737830541959
"POLYGON ((-97.864864 30.231243, -97.864831 30.231461, -97.864773 30.231665, -97.864642 30.231924, -97.864569 30.232025, -97.864412 30.232249, -97.864321 30.232433, -97.864273 30.232555, -97.864266 30.232772, -97.864283 30.232977, -97.864317 30.233123, -97.864382 30.233255, -97.864457 30.233442, -97.864684 30.233976, -97.864779 30.234061, -97.860644 30.235296, -97.860328 30.235349, -97.859964 30.23541, -97.859454 30.23545, -97.85811 30.235463, -97.857848 30.235465, -97.85753 30.235477, -97.8566 30.235513, -97.856172 30.235453, -97.856068 30.235439, -97.855533 30.235422, -97.855321 30.235415, -97.854567 30.235398, -97.853972 30.235412, -97.852945 30.235436, -97.852348 30.235458, -97.852131 30.235466, -97.85198 30.235472, -97.851903 30.235482, -97.851231 30.235565, -97.85077 30.235642, -97.849918 30.235783, -97.84958 30.235843, -97.848418 30.236051, -97.847718 30.236163, -97.846762 30.236316, -97.84619 30.236393, -97.846124 30.236181, -97.846075 30.23597, -97.846024 30.23563, -97.845874 30.234767, -97.845697 30.233804, -97.846372 30.233789, -97.847435 30.233886, -97.848497 30.233984, -97.848822 30.23253, -97.849132 30.231546, -97.849355 30.231017, -97.84972 30.230229, -97.849949 30.229505, -97.849724 30.228904, -97.850781 30.228063, -97.849815 30.227693, -97.849172 30.227083, -97.848642 30.226682, -97.848122 30.226529, -97.8474 30.226548, -97.847174 30.22664, -97.846776 30.227557, -97.845928 30.227279, -97.846151 30.226557, -97.844933 30.226349, -97.843283 30.226394, -97.842873 30.226581, -97.842339 30.226937, -97.841635 30.226208, -97.841514 30.226082, -97.841214 30.22579, -97.841045 30.225215, -97.841022 30.224529, -97.841113 30.224291, -97.841204 30.224089, -97.841318 30.22391, -97.841471 30.223675, -97.841649 30.223468, -97.841846 30.223507, -97.842526 30.223641, -97.84526 30.224176, -97.845394 30.224197, -97.845507 30.224227, -97.846272 30.224393, -97.846404 30.224423, -97.846515 30.224446, -97.847269 30.22461, -97.847407 30.224631, -97.847521 30.224657, -97.848315 30.224777, -97.848359 30.224792, -97.848526 30.224817, -97.849217 30.224956, -97.849328 30.224973, -97.849427 30.224998, -97.849877 30.225097, -97.850794 30.225051, -97.850887 30.225039, -97.851012 30.225032, -97.851463 30.224973, -97.852115 30.224889, -97.852179 30.224881, -97.852265 30.22487, -97.853695 30.224715, -97.854362 30.224802, -97.854801 30.22497, -97.85496 30.225034, -97.855087 30.225129, -97.85599 30.225579, -97.857831 30.226478, -97.858757 30.226932, -97.859249 30.227147, -97.85968 30.227316, -97.860202 30.227558, -97.860414 30.227693, -97.860564 30.227797, -97.860756 30.227927, -97.861102 30.228085, -97.861282 30.228166, -97.861368 30.228202, -97.861495 30.228268, -97.861641 30.228363, -97.861827 30.228486, -97.861979 30.228605, -97.86208 30.228664, -97.862268 30.228774, -97.863081 30.229181, -97.863312 30.229265, -97.863502 30.229334, -97.863644 30.229397, -97.863762 30.229451, -97.86388 30.229513, -97.86405 30.229629, -97.864221 30.229753, -97.864369 30.229916, -97.864476 30.230025, -97.864538 30.230125, -97.864671 30.230363, -97.864779 30.230608, -97.864837 30.230812, -97.864864 30.231005, -97.864864 30.231243))",50.9,1109.0,124048.0,33.0,36.0,1714059.4906927466,0.0006470020474912406
"POLYGON ((-97.850781 30.228063, -97.849724 30.228904, -97.849949 30.229505, -97.84972 30.230229, -97.849355 30.231017, -97.849132 30.231546, -97.848822 30.23253, -97.848497 30.233984, -97.847435 30.233886, -97.846372 30.233789, -97.845697 30.233804, -97.84572 30.23349, -97.845951 30.232675, -97.84618 30.231923, -97.846116 30.231493, -97.845724 30.231155, -97.845937 30.230852, -97.846125 30.229983, -97.846286 30.229522, -97.846174 30.229437, -97.845943 30.229282, -97.845879 30.229192, -97.845348 30.228857, -97.843985 30.228817, -97.843482 30.228837, -97.843354 30.228843, -97.843319 30.228328, -97.843129 30.227802, -97.842339 30.226937, -97.842873 30.226581, -97.843283 30.226394, -97.844933 30.226349, -97.846151 30.226557, -97.845928 30.227279, -97.846776 30.227557, -97.847174 30.22664, -97.8474 30.226548, -97.848122 30.226529, -97.848642 30.226682, -97.849172 30.227083, -97.849815 30.227693, -97.850781 30.228063))",51.5,1292.0,91836.0,42.0,18.0,336861.01421438064,0.003835409695637152
"POLYGON ((-97.846286 30.229522, -97.846125 30.229983, -97.845937 30.230852, -97.845724 30.231155, -97.846116 30.231493, -97.84618 30.231923, -97.845951 30.232675, -97.84572 30.23349, -97.845697 30.233804, -97.845874 30.234767, -97.846024 30.23563, -97.846075 30.23597, -97.846124 30.236181, -97.84619 30.236393, -97.845924 30.23643, -97.8452 30.236529, -97.844116 30.236618, -97.84255 30.236748, -97.840758 30.236782, -97.840464 30.236788, -97.8401 30.236774, -97.839831 30.236764, -97.839824 30.236448, -97.839818 30.236153, -97.839757 30.235682, -97.839805 30.235361, -97.839912 30.235006, -97.840293 30.234353, -97.840414 30.234201, -97.840481 30.234087, -97.840558 30.233891, -97.840601 30.233641, -97.840622 30.233342, -97.840598 30.232932, -97.84044 30.232565, -97.840123 30.232206, -97.840006 30.232074, -97.839815 30.231857, -97.839687 30.231797, -97.839262 30.231596, -97.838789 30.231372, -97.838416 30.231196, -97.838352 30.231166, -97.836262 30.23018, -97.835581 30.22986, -97.835707 30.229647, -97.836402 30.228676, -97.837439 30.227101, -97.837594 30.227222, -97.837705 30.227325, -97.83788 30.227521, -97.83815 30.227856, -97.838244 30.227962, -97.838328 30.228037, -97.838373 30.228068, -97.838487 30.228123, -97.838699 30.228194, -97.838812 30.228221, -97.839009 30.228242, -97.839123 30.228262, -97.839206 30.228287, -97.839238 30.228303, -97.839372 30.228404, -97.839454 30.228452, -97.839629 30.228479, -97.839756 30.22846, -97.839968 30.228411, -97.840164 30.228358, -97.840428 30.228273, -97.840601 30.228205, -97.840765 30.228124, -97.840901 30.228049, -97.840977 30.227999, -97.841044 30.227938, -97.841094 30.227874, -97.841228 30.227653, -97.841264 30.227579, -97.841333 30.227371, -97.841393 30.227241, -97.841465 30.22713, -97.841472 30.227107, -97.841471 30.227053, -97.841457 30.227003, -97.841398 30.226917, -97.84138 30.226828, -97.841375 30.226695, -97.841376 30.226617, -97.841387 30.226568, -97.841428 30.226494, -97.841542 30.226316, -97.841547 30.226294, -97.841579 30.226259, -97.841635 30.226208, -97.842339 30.226937, -97.843129 30.227802, -97.843319 30.228328, -97.843354 30.228843, -97.843482 30.228837, -97.843985 30.228817, -97.845348 30.228857, -97.845879 30.229192, -97.845943 30.229282, -97.846174 30.229437, -97.846286 30.229522))",27.3,728.0,76045.0,37.0,0.0,663502.4206889699,0.001097207752827875
"POLYGON ((-97.86871 30.225854, -97.868666 30.225919, -97.86843 30.226327, -97.867825 30.227391, -97.867779 30.227465, -97.867716 30.227551, -97.86735 30.22812, -97.866937 30.228684, -97.866274 30.229153, -97.865852 30.229378, -97.865557 30.229541, -97.864799 30.229914, -97.864735 30.229881, -97.864607 30.229952, -97.864476 30.230025, -97.864369 30.229916, -97.864221 30.229753, -97.86405 30.229629, -97.86388 30.229513, -97.863762 30.229451, -97.863644 30.229397, -97.863502 30.229334, -97.863312 30.229265, -97.863081 30.229181, -97.862268 30.228774, -97.86208 30.228664, -97.861979 30.228605, -97.861827 30.228486, -97.861641 30.228363, -97.861495 30.228268, -97.861368 30.228202, -97.861282 30.228166, -97.861102 30.228085, -97.860756 30.227927, -97.860564 30.227797, -97.860414 30.227693, -97.860202 30.227558, -97.85968 30.227316, -97.859249 30.227147, -97.858757 30.226932, -97.857831 30.226478, -97.85599 30.225579, -97.855087 30.225129, -97.85496 30.225034, -97.855036 30.224916, -97.855187 30.224667, -97.855474 30.224192, -97.855504 30.224142, -97.855758 30.223756, -97.85638 30.222737, -97.857805 30.220504, -97.85866 30.220922, -97.860758 30.221939, -97.86183 30.222427, -97.862582 30.222816, -97.863495 30.223254, -97.864064 30.223551, -97.864568 30.223778, -97.865925 30.224456, -97.866977 30.224949, -97.868574 30.225788, -97.868595 30.225799, -97.868674 30.22584, -97.86871 30.225854))",45.1,1079.0,82090.0,18.0,13.0,689844.737576965,0.0015641200711190718
"POLYGON ((-97.781424 30.208559, -97.780331 30.209929, -97.779757 30.210572, -97.779239 30.211249, -97.778971 30.211929, -97.778872 30.211922, -97.778545 30.211912, -97.778442 30.211917, -97.778154 30.211946, -97.777813 30.21202, -97.777698 30.212051, -97.777429 30.212155, -97.777282 30.212219, -97.777193 30.212267, -97.777101 30.212325, -97.777045 30.212375, -97.776999 30.21243, -97.77694 30.212526, -97.776896 30.212622, -97.77679 30.212922, -97.776752 30.213069, -97.776732 30.21322, -97.77672 30.213355, -97.776703 30.213423, -97.776671 30.213491, -97.776659 30.213617, -97.776716 30.213767, -97.776842 30.213971, -97.776911 30.21406, -97.77698 30.214114, -97.777083 30.214177, -97.777141 30.214203, -97.777226 30.214236, -97.777313 30.214277, -97.777501 30.21437, -97.777896 30.214543, -97.778293 30.214736, -97.778446 30.214806, -97.778481 30.214831, -97.778522 30.21487, -97.778574 30.214942, -97.778638 30.215052, -97.778691 30.215108, -97.778818 30.215214, -97.778835 30.215242, -97.778848 30.215308, -97.778843 30.215346, -97.778812 30.215422, -97.778781 30.215461, -97.778724 30.215507, -97.778666 30.215535, -97.778596 30.215554, -97.778487 30.215564, -97.778311 30.215564, -97.778118 30.215551, -97.777543 30.215453, -97.777426 30.215448, -97.777257 30.215451, -97.777092 30.215465, -97.776535 30.215406, -97.776425 30.21539, -97.776342 30.215372, -97.776176 30.215353, -97.776128 30.21534, -97.776038 30.215303, -97.77596 30.21528, -97.775898 30.215271, -97.775826 30.215273, -97.775587 30.215312, -97.775413 30.215348, -97.775266 30.215368, -97.775141 30.215377, -97.774498 30.215394, -97.774273 30.215392, -97.773975 30.215384, -97.773707 30.215391, -97.773265 30.215421, -97.773096 30.215441, -97.772826 30.215482, -97.772717 30.215492, -97.772637 30.215489, -97.772502 30.215471, -97.772353 30.215441, -97.772188 30.215394, -97.772113 30.215363, -97.772061 30.215332, -97.772011 30.215287, -97.77201 30.215267, -97.772041 30.215204, -97.772036 30.215186, -97.771884 30.215081, -97.771847 30.215058, -97.771751 30.214998, -97.771706 30.214955, -97.771664 30.214897, -97.77156 30.214707, -97.771509 30.214595, -97.771498 30.214545, -97.771496 30.214462, -97.771505 30.214278, -97.771518 30.213995, -97.771546 30.213683, -97.771575 30.213538, -97.771647 30.213319, -97.771723 30.213205, -97.771789 30.213077, -97.771903 30.212884, -97.771996 30.212711, -97.772048 30.212639, -97.77214 30.212546, -97.772348 30.212357, -97.772478 30.212253, -97.772798 30.211969, -97.77294 30.21185, -97.773055 30.211718, -97.773133 30.211646, -97.77318 30.211617, -97.773229 30.2116, -97.773408 30.211547, -97.773455 30.211526, -97.773815 30.211297, -97.773868 30.211255, -97.773899 30.211213, -97.773913 30.21117, -97.773913 30.211084, -97.773886 30.210879, -97.773861 30.210783, -97.773831 30.210713, -97.773793 30.210652, -97.773658 30.210486, -97.773605 30.210434, -97.773533 30.210381, -97.773388 30.210293, -97.7733 30.210253, -97.773193 30.210219, -97.77314 30.210208, -97.772971 30.210194, -97.772723 30.210184, -97.772567 30.210188, -97.77232 30.210211, -97.772167 30.210233, -97.772083 30.210252, -97.77192 30.210278, -97.772791 30.208863, -97.773181 30.208215, -97.773624 30.207419, -97.774255 30.206188, -97.77453 30.205588, -97.774756 30.204991, -97.777116 30.206215, -97.777219 30.206267, -97.777288 30.206307, -97.77864 30.207077, -97.778723 30.207132, -97.778814 30.207168, -97.779665 30.2076, -97.781409 30.208505, -97.781453 30.208523, -97.781424 30.208559))",36.9,991.0,101786.0,65.0,25.0,620274.863281871,0.0015976788012279336
"POLYGON ((-97.766522 30.252385, -97.765854 30.253368, -97.765707 30.253587, -97.763822 30.252662, -97.763546 30.252938, -97.763145 30.253387, -97.762587 30.254248, -97.762287 30.254719, -97.764428 30.255673, -97.763993 30.256357, -97.763528 30.257087, -97.763113 30.256879, -97.76225 30.256441, -97.761491 30.256052, -97.760586 30.255621, -97.760314 30.255484, -97.760157 30.255438, -97.760823 30.254303, -97.761504 30.253142, -97.762128 30.2522, -97.762734 30.251481, -97.762848 30.251365, -97.763826 30.25023, -97.764359 30.249635, -97.764449 30.249535, -97.764807 30.249204, -97.764837 30.249181, -97.765608 30.249421, -97.765543 30.249529, -97.764701 30.250904, -97.764972 30.25116, -97.76513 30.251207, -97.766033 30.251767, -97.766149 30.251965, -97.766399 30.252324, -97.766522 30.252385))",27.8,1080.0,119375.0,0.0,22.0,193534.20851220028,0.00558040879854022
"POLYGON ((-97.981353 30.367595, -97.98082 30.367888, -97.980565 30.367985, -97.980334 30.368066, -97.979611 30.368257, -97.979461 30.368334, -97.979251 30.368385, -97.979068 30.36842, -97.978782 30.368497, -97.97855 30.368644, -97.978374 30.368767, -97.977921 30.369114, -97.97776 30.369309, -97.97771 30.369534, -97.977671 30.369907, -97.977611 30.370258, -97.977532 30.370463, -97.977328 30.370624, -97.977283 30.370656, -97.977156 30.370687, -97.976962 30.370702, -97.97608 30.370648, -97.975797 30.37059, -97.975332 30.370609, -97.97497 30.370746, -97.974741 30.370909, -97.974067 30.371559, -97.973791 30.371843, -97.972847 30.371873, -97.972034 30.372138, -97.971465 30.372768, -97.970993 30.373626, -97.970606 30.37415, -97.970318 30.374546, -97.970218 30.374728, -97.970189 30.374871, -97.970183 30.375105, -97.97023 30.375375, -97.970233 30.375818, -97.970295 30.376028, -97.970235 30.376343, -97.970129 30.376542, -97.969267 30.377854, -97.968888 30.378502, -97.968851 30.378933, -97.968665 30.379887, -97.968573 30.380375, -97.968567 30.380463, -97.96855 30.380791, -97.968567 30.381158, -97.968657 30.381671, -97.968735 30.382003, -97.968792 30.382436, -97.968862 30.382917, -97.968885 30.383115, -97.96886 30.383488, -97.96882 30.383763, -97.968795 30.383938, -97.968588 30.384426, -97.968446 30.38463, -97.968237 30.384802, -97.967906 30.38509, -97.967802 30.385278, -97.967786 30.385309, -97.967781 30.385324, -97.967613 30.385883, -97.967642 30.386019, -97.9677 30.386177, -97.967767 30.386296, -97.967846 30.386399, -97.967894 30.386527, -97.967985 30.386832, -97.968007 30.387056, -97.968004 30.387225, -97.967971 30.387421, -97.967891 30.387646, -97.967694 30.388346, -97.967453 30.388686, -97.967249 30.388956, -97.966259 30.390516, -97.966431 30.390808, -97.964716 30.394008, -97.964658 30.394008, -97.963138 30.393976, -97.961362 30.3938, -97.959585 30.393768, -97.957905 30.393896, -97.955937 30.393864, -97.954953 30.393808, -97.95499 30.392905, -97.955041 30.391974, -97.955093 30.391733, -97.955204 30.391217, -97.955408 30.390542, -97.955483 30.390384, -97.955695 30.38994, -97.956111 30.389418, -97.956552 30.3888, -97.957638 30.387498, -97.958626 30.386547, -97.95952 30.38574, -97.960506 30.384557, -97.960521 30.384539, -97.960972 30.384214, -97.961235 30.383888, -97.961536 30.3834, -97.961687 30.383237, -97.962025 30.383009, -97.962138 30.382716, -97.962049 30.382459, -97.962847 30.382501, -97.962888 30.382367, -97.962953 30.382099, -97.963045 30.381773, -97.963061 30.381684, -97.963063 30.381599, -97.963041 30.381472, -97.962952 30.381071, -97.962948 30.381052, -97.96292 30.380957, -97.962834 30.380738, -97.962817 30.380685, -97.962793 30.380584, -97.962787 30.380509, -97.962801 30.380422, -97.962819 30.380374, -97.962861 30.380312, -97.962601 30.380339, -97.962462 30.380256, -97.962296 30.38014, -97.962175 30.380036, -97.961889 30.379752, -97.961789 30.379646, -97.962219 30.379666, -97.963141 30.379364, -97.963441 30.379359, -97.964446 30.37746, -97.964291 30.377134, -97.964276 30.376892, -97.964342 30.376692, -97.964505 30.37621, -97.964518 30.375894, -97.964527 30.3758, -97.964564 30.375735, -97.964698 30.37553, -97.96474 30.375448, -97.964765 30.375361, -97.964779 30.375257, -97.964783 30.375111, -97.964771 30.374958, -97.964762 30.374893, -97.964743 30.374807, -97.964825 30.374565, -97.964777 30.374372, -97.963728 30.373368, -97.963728 30.372694, -97.964284 30.372114, -97.964357 30.372063, -97.964639 30.371878, -97.96471 30.371818, -97.96478 30.371736, -97.964841 30.371645, -97.964866 30.371586, -97.965087 30.370552, -97.965145 30.36997, -97.965154 30.369815, -97.965153 30.369465, -97.965139 30.369323, -97.965108 30.369174, -97.964983 30.368754, -97.96492 30.368578, -97.964889 30.368475, -97.964874 30.368386, -97.96487 30.368276, -97.96488 30.368147, -97.964899 30.368078, -97.964931 30.368031, -97.965001 30.367965, -97.965096 30.367897, -97.965149 30.367867, -97.965475 30.367768, -97.965582 30.367745, -97.966063 30.367705, -97.966334 30.367689, -97.966506 30.367664, -97.966615 30.367652, -97.966808 30.367641, -97.96683 30.367608, -97.966891 30.367573, -97.966928 30.367538, -97.966974 30.367468, -97.967018 30.367371, -97.967036 30.367345, -97.967165 30.367266, -97.96718 30.367236, -97.96718 30.367161, -97.967166 30.367041, -97.96713 30.3669, -97.967103 30.366818, -97.967053 30.3667, -97.967046 30.36664, -97.967048 30.36659, -97.967062 30.366487, -97.967112 30.366292, -97.967159 30.366146, -97.967198 30.36607, -97.967256 30.365996, -97.967313 30.365942, -97.967371 30.365905, -97.967384 30.365728, -97.967433 30.365597, -97.967465 30.365523, -97.967514 30.365436, -97.967605 30.36533, -97.967694 30.365207, -97.967747 30.36511, -97.967802 30.364946, -97.967916 30.364713, -97.96801 30.364509, -97.968029 30.364415, -97.968043 30.364366, -97.968188 30.364119, -97.968215 30.364044, -97.968259 30.363859, -97.968266 30.363807, -97.968265 30.36375, -97.968258 30.363728, -97.968232 30.363699, -97.968169 30.363664, -97.968082 30.36364, -97.968037 30.36361, -97.967983 30.363557, -97.967928 30.363466, -97.967968 30.363433, -97.968106 30.363306, -97.968309 30.363078, -97.968382 30.362995, -97.968492 30.3628, -97.968546 30.362679, -97.968589 30.362562, -97.968623 30.362432, -97.968656 30.361932, -97.968797 30.361139, -97.968881 30.360889, -97.968992 30.360633, -97.969011 30.360504, -97.968976 30.360012, -97.968869 30.359555, -97.968976 30.359219, -97.96955 30.359403, -97.969993 30.359592, -97.970398 30.359787, -97.970989 30.360066, -97.97126 30.360208, -97.971418 30.360333, -97.971524 30.36043, -97.971673 30.360682, -97.97198 30.36153, -97.972289 30.36211, -97.972658 30.362491, -97.973294 30.362802, -97.973667 30.362856, -97.973903 30.362842, -97.974634 30.362738, -97.975584 30.362108, -97.975951 30.361853, -97.97599 30.361842, -97.976458 30.361688, -97.976802 30.361628, -97.976982 30.361481, -97.977177 30.361307, -97.977424 30.360976, -97.977542 30.360799, -97.977579 30.360629, -97.977589 30.360471, -97.977536 30.360293, -97.977572 30.359985, -97.977611 30.359822, -97.977666 30.359637, -97.9781 30.358552, -97.978147 30.358417, -97.978171 30.358272, -97.978147 30.358145, -97.97808 30.35789, -97.97814 30.35787, -97.978604 30.357743, -97.978753 30.357702, -97.978891 30.357663, -97.979254 30.358954, -97.979262 30.359192, -97.979257 30.359395, -97.979217 30.359688, -97.978982 30.360338, -97.978847 30.36071, -97.978776 30.360889, -97.978723 30.361098, -97.978716 30.361384, -97.978727 30.361603, -97.97878 30.361864, -97.97887 30.36217, -97.978969 30.362398, -97.979009 30.362478, -97.979149 30.362757, -97.979211 30.362833, -97.979282 30.362918, -97.979362 30.363032, -97.979671 30.363454, -97.98019 30.364137, -97.980284 30.364278, -97.980342 30.364382, -97.98043 30.364583, -97.98056 30.364958, -97.980747 30.365392, -97.981096 30.366304, -97.981236 30.366623, -97.981323 30.36699, -97.981353 30.367595))",43.7,1411.0,136136.0,17.0,28.0,3256526.9042267674,0.0004332836919506517
"POLYGON ((-97.978891 30.357663, -97.978753 30.357702, -97.978604 30.357743, -97.97814 30.35787, -97.97808 30.35789, -97.977982 30.357925, -97.977725 30.357994, -97.977516 30.358036, -97.977289 30.358053, -97.977135 30.35805, -97.976986 30.358032, -97.976856 30.358009, -97.976744 30.357981, -97.976626 30.357942, -97.976508 30.357894, -97.976279 30.357761, -97.976191 30.357697, -97.976115 30.357592, -97.976036 30.35748, -97.97594 30.357409, -97.975815 30.357288, -97.975636 30.356979, -97.975566 30.356897, -97.975432 30.356767, -97.975291 30.356685, -97.975097 30.356592, -97.97488 30.356552, -97.97459 30.356547, -97.973308 30.356775, -97.973239 30.356782, -97.973144 30.356802, -97.972839 30.356839, -97.97265 30.356851, -97.972567 30.356857, -97.972483 30.356859, -97.972289 30.356874, -97.971967 30.356877, -97.971541 30.356868, -97.97146 30.356857, -97.971365 30.356865, -97.971244 30.356858, -97.970999 30.356835, -97.970377 30.356751, -97.970166 30.356739, -97.9699 30.356724, -97.969451 30.356733, -97.969367 30.35675, -97.968946 30.356908, -97.968879 30.356928, -97.968794 30.356974, -97.967883 30.357304, -97.967816 30.357328, -97.967753 30.357344, -97.967058 30.357616, -97.966962 30.357633, -97.966869 30.357643, -97.966647 30.357661, -97.966488 30.357654, -97.966354 30.357639, -97.966235 30.357615, -97.966126 30.35757, -97.966008 30.357511, -97.965871 30.357418, -97.965764 30.357338, -97.965671 30.35725, -97.965594 30.357158, -97.965517 30.357036, -97.965431 30.356874, -97.965381 30.356755, -97.965364 30.356704, -97.965345 30.356665, -97.965042 30.355985, -97.96503 30.355945, -97.965013 30.355916, -97.964904 30.355787, -97.964803 30.355681, -97.964717 30.355611, -97.964643 30.355563, -97.964491 30.355486, -97.964438 30.355446, -97.964344 30.3554, -97.963558 30.354997, -97.963511 30.354969, -97.963434 30.35493, -97.963184 30.354815, -97.963121 30.354783, -97.96306 30.354759, -97.962875 30.354693, -97.962703 30.35466, -97.962523 30.354637, -97.962173 30.354592, -97.961933 30.354515, -97.96164 30.354348, -97.96155 30.3542, -97.961413 30.354152, -97.9619 30.353318, -97.962388 30.352485, -97.962577 30.352162, -97.962935 30.351586, -97.963399 30.350348, -97.963668 30.349173, -97.963848 30.348408, -97.964007 30.34788, -97.964238 30.347254, -97.964462 30.346755, -97.964622 30.346466, -97.965001 30.345917, -97.965685 30.344997, -97.967459 30.342538, -97.967785 30.342088, -97.968085 30.341677, -97.968472 30.341144, -97.968647 30.340904, -97.968875 30.34059, -97.969248 30.340019, -97.969316 30.339914, -97.969371 30.339829, -97.969534 30.339507, -97.969677 30.33913, -97.969747 30.338805, -97.970374 30.338798, -97.970612 30.339346, -97.970775 30.339677, -97.970868 30.339845, -97.971138 30.340292, -97.971416 30.340702, -97.971668 30.341072, -97.971808 30.341277, -97.972101 30.341681, -97.972302 30.341912, -97.972432 30.342048, -97.972681 30.342304, -97.973083 30.342653, -97.973155 30.342722, -97.973205 30.342794, -97.973248 30.342867, -97.973251 30.342918, -97.973263 30.342998, -97.973259 30.343063, -97.973206 30.343183, -97.9731 30.343373, -97.975453 30.344595, -97.975911 30.344828, -97.976085 30.344944, -97.976254 30.345065, -97.976414 30.345218, -97.976542 30.345376, -97.97666 30.345549, -97.976776 30.34576, -97.976859 30.345949, -97.97694 30.346403, -97.977123 30.34739, -97.977159 30.347638, -97.977172 30.347939, -97.977163 30.348406, -97.977109 30.349027, -97.977001 30.350008, -97.976894 30.351307, -97.976883 30.351413, -97.976883 30.351427, -97.976887 30.35167, -97.97689 30.35183, -97.976891 30.352209, -97.976956 30.352554, -97.977021 30.352826, -97.977098 30.353086, -97.977188 30.353305, -97.977391 30.353732, -97.977708 30.354252, -97.978101 30.354881, -97.978313 30.355271, -97.97841 30.355523, -97.978405 30.355801, -97.978773 30.357107, -97.97886 30.35753, -97.978875 30.357606, -97.978891 30.357663))",63.4,591.0,219297.0,0.0,0.0,2077273.5442782233,0.0002845075467445723
"POLYGON ((-97.706227 30.367436, -97.705975 30.367812, -97.705856 30.368025, -97.705797 30.368193, -97.705732 30.368539, -97.705663 30.368876, -97.705604 30.369074, -97.7055 30.369251, -97.704656 30.368846, -97.70402 30.368558, -97.700621 30.366977, -97.699629 30.366551, -97.699226 30.366369, -97.698417 30.365993, -97.695997 30.36487, -97.69695 30.363155, -97.697038 30.363199, -97.69893 30.364099, -97.699777 30.364502, -97.699843 30.36453, -97.699913 30.364567, -97.701523 30.365346, -97.701619 30.365391, -97.701654 30.365409, -97.704284 30.366649, -97.704971 30.366913, -97.705052 30.366937, -97.705189 30.366986, -97.705367 30.367041, -97.705668 30.367155, -97.706067 30.367334, -97.706227 30.367436))",23.8,1142.0,70000.0,0.0,0.0,208391.84685529306,0.005480060843229643
"POLYGON ((-97.712779 30.364023, -97.712016 30.365253, -97.711292 30.366452, -97.711216 30.366573, -97.711185 30.366643, -97.711149 30.366741, -97.711116 30.366862, -97.711095 30.366945, -97.711046 30.367041, -97.710883 30.367294, -97.709896 30.368766, -97.709851 30.368836, -97.709829 30.36887, -97.70982 30.368884, -97.709788 30.368931, -97.709706 30.368889, -97.70908 30.368592, -97.709009 30.368557, -97.708785 30.368431, -97.708522 30.368316, -97.708331 30.368248, -97.708158 30.368202, -97.708094 30.368184, -97.707621 30.368089, -97.707203 30.367913, -97.706315 30.367506, -97.706227 30.367436, -97.706236 30.36742, -97.706252 30.367394, -97.706286 30.367338, -97.706309 30.3673, -97.706767 30.366609, -97.707319 30.365739, -97.70754 30.365369, -97.707605 30.365242, -97.707867 30.364626, -97.707919 30.364477, -97.707961 30.364315, -97.70799 30.364141, -97.708027 30.364006, -97.708082 30.363862, -97.708155 30.363692, -97.708233 30.363548, -97.708334 30.363406, -97.70847 30.363267, -97.709318 30.362487, -97.709467 30.362347, -97.709579 30.36221, -97.7097 30.36202, -97.71011 30.362203, -97.710343 30.362323, -97.710561 30.362435, -97.710968 30.362611, -97.711471 30.362888, -97.711801 30.363018, -97.712687 30.363427, -97.713063 30.363616, -97.712779 30.364023))",58.1,515.0,118056.0,3.0,0.0,261859.89693069216,0.0019667005373346946
"POLYGON ((-97.715074 30.360802, -97.714472 30.360939, -97.714494 30.361035, -97.714479 30.361138, -97.714449 30.361278, -97.714051 30.362763, -97.713969 30.362955, -97.713873 30.363125, -97.713534 30.363664, -97.713432 30.363786, -97.713063 30.363616, -97.712687 30.363427, -97.711801 30.363018, -97.711471 30.362888, -97.710968 30.362611, -97.710561 30.362435, -97.710343 30.362323, -97.71011 30.362203, -97.7097 30.36202, -97.709321 30.36184, -97.709122 30.36176, -97.708909 30.361707, -97.708639 30.361645, -97.70831 30.36157, -97.70806 30.361501, -97.70766 30.361318, -97.706874 30.36094, -97.706094 30.360542, -97.704556 30.35978, -97.704341 30.359677, -97.704616 30.359235, -97.705048 30.358608, -97.705885 30.357507, -97.706142 30.35721, -97.70623 30.357113, -97.70632 30.357028, -97.706406 30.35695, -97.706502 30.356876, -97.706632 30.356792, -97.706817 30.356665, -97.707591 30.356175, -97.708382 30.35568, -97.708486 30.355779, -97.708569 30.355838, -97.708641 30.355878, -97.710516 30.356765, -97.711303 30.35715, -97.711391 30.356979, -97.711506 30.356803, -97.712312 30.357199, -97.711855 30.35789, -97.712603 30.358247, -97.712721 30.358328, -97.71284 30.358447, -97.712906 30.358543, -97.712965 30.358668, -97.713037 30.358852, -97.712806 30.358949, -97.712591 30.359102, -97.712266 30.359659, -97.712544 30.359768, -97.712685 30.359813, -97.712832 30.359835, -97.712928 30.359835, -97.713046 30.359805, -97.713172 30.359746, -97.713497 30.359591, -97.71374 30.35951, -97.714638 30.359325, -97.715074 30.360802))",37.6,1012.0,108462.0,13.0,8.0,478832.1526499218,0.0021134754514696963
"POLYGON ((-97.704813 30.370317, -97.704419 30.370966, -97.704089 30.371475, -97.703988 30.371589, -97.703899 30.371661, -97.703741 30.371777, -97.703203 30.372112, -97.702785 30.371674, -97.702701 30.371573, -97.702182 30.37095, -97.70197 30.370648, -97.701379 30.371103, -97.700859 30.371823, -97.700766 30.371959, -97.700645 30.372089, -97.700521 30.372164, -97.700337 30.372218, -97.700162 30.372233, -97.700032 30.372215, -97.699885 30.372176, -97.699746 30.372099, -97.699644 30.37202, -97.699441 30.371825, -97.699031 30.371988, -97.69891 30.372012, -97.698799 30.372025, -97.698709 30.372018, -97.698624 30.372001, -97.698529 30.371961, -97.696298 30.370889, -97.69625 30.37086, -97.696197 30.370813, -97.696168 30.370769, -97.696163 30.370733, -97.696182 30.370673, -97.696218 30.370602, -97.696418 30.370297, -97.696471 30.370246, -97.696514 30.370219, -97.696555 30.370208, -97.696624 30.370214, -97.697083 30.37039, -97.697509 30.37048, -97.698687 30.371045, -97.699048 30.371254, -97.699224 30.371327, -97.699436 30.371399, -97.699694 30.370965, -97.699756 30.370815, -97.699831 30.370624, -97.699867 30.3705, -97.699911 30.370384, -97.699989 30.370226, -97.700394 30.369544, -97.700191 30.369452, -97.700088 30.3694, -97.699976 30.369328, -97.699835 30.369207, -97.699781 30.369106, -97.699744 30.369014, -97.699726 30.368928, -97.699724 30.368863, -97.699731 30.368755, -97.699754 30.368658, -97.69983 30.368517, -97.699986 30.36825, -97.700159 30.367948, -97.700278 30.367735, -97.700352 30.36757, -97.700419 30.36737, -97.700469 30.367237, -97.700525 30.367126, -97.700621 30.366977, -97.70402 30.368558, -97.704656 30.368846, -97.7055 30.369251, -97.704813 30.370317))",23.9,2051.0,40485.0,173.0,24.0,225245.18711234618,0.009105632960659076
"POLYGON ((-97.705332 30.36175, -97.704961 30.362323, -97.704865 30.362455, -97.704778 30.362556, -97.704682 30.362629, -97.704435 30.362767, -97.704064 30.362968, -97.703674 30.363201, -97.703537 30.363283, -97.703416 30.363379, -97.703238 30.363547, -97.702831 30.363905, -97.702569 30.364079, -97.702384 30.364221, -97.702249 30.364342, -97.702082 30.364528, -97.702024 30.364615, -97.701651 30.365274, -97.701619 30.365391, -97.701523 30.365346, -97.699913 30.364567, -97.699843 30.36453, -97.699777 30.364502, -97.69893 30.364099, -97.697038 30.363199, -97.69695 30.363155, -97.696977 30.363107, -97.696989 30.363085, -97.697013 30.363043, -97.697045 30.362985, -97.698085 30.361117, -97.698658 30.360086, -97.699707 30.358266, -97.699923 30.357908, -97.700108 30.357647, -97.701406 30.358298, -97.701447 30.358314, -97.701734 30.358434, -97.702448 30.358769, -97.704341 30.359677, -97.704556 30.35978, -97.706094 30.360542, -97.705332 30.36175))",36.9,1425.0,41861.0,107.0,0.0,404339.93345228164,0.003524262339940688
"POLYGON ((-97.854798 30.208474, -97.853938 30.209838, -97.852564 30.211989, -97.852109 30.21269, -97.851777 30.213168, -97.850952 30.213985, -97.850574 30.213623, -97.850327 30.213016, -97.850065 30.212249, -97.849732 30.211536, -97.849451 30.210815, -97.849139 30.210091, -97.849021 30.209737, -97.848875 30.209297, -97.84832 30.209325, -97.847901 30.209292, -97.84738 30.209125, -97.847086 30.208938, -97.846773 30.208657, -97.846603 30.208004, -97.846505 30.207626, -97.846305 30.207388, -97.845548 30.207024, -97.845192 30.206819, -97.844776 30.206638, -97.844363 30.206423, -97.843563 30.206006, -97.842638 30.205559, -97.842159 30.205333, -97.841831 30.205178, -97.841474 30.205118, -97.840546 30.205034, -97.839679 30.204888, -97.838924 30.204574, -97.838329 30.204064, -97.838033 30.203685, -97.83802 30.203668, -97.837857 30.203453, -97.837747 30.203335, -97.837636 30.203234, -97.83753 30.203174, -97.837442 30.203126, -97.837706 30.202658, -97.838101 30.202009, -97.838147 30.201956, -97.838525 30.201343, -97.838559 30.20129, -97.83859 30.201241, -97.838805 30.200911, -97.838832 30.200862, -97.838848 30.20087, -97.839752 30.201313, -97.840052 30.201534, -97.840516 30.201745, -97.841263 30.202128, -97.842141 30.202475, -97.842423 30.202425, -97.842882 30.202242, -97.843546 30.201881, -97.843944 30.201707, -97.84432 30.201689, -97.844795 30.201855, -97.845281 30.202159, -97.845608 30.202308, -97.847385 30.203138, -97.848213 30.203544, -97.849042 30.203937, -97.850457 30.204721, -97.850899 30.205304, -97.851429 30.206002, -97.852701 30.20548, -97.852778 30.205613, -97.852866 30.205729, -97.853035 30.205868, -97.853218 30.205971, -97.853394 30.206038, -97.853835 30.20625, -97.853939 30.206309, -97.854025 30.206385, -97.854155 30.206677, -97.854261 30.206651, -97.854408 30.206632, -97.854529 30.206629, -97.85465 30.20665, -97.855656 30.207137, -97.854798 30.208474))",46.7,1973.0,89710.0,0.0,59.0,882947.1611817348,0.002234561802497151
"POLYGON ((-97.847152 30.214208, -97.847141 30.214288, -97.847088 30.214444, -97.847043 30.21461, -97.847014 30.214698, -97.846929 30.214885, -97.846846 30.215035, -97.846819 30.2151, -97.846807 30.215163, -97.846801 30.215285, -97.846726 30.215724, -97.846728 30.215782, -97.846752 30.21588, -97.846767 30.215997, -97.846773 30.216067, -97.846782 30.216162, -97.846793 30.216385, -97.846793 30.216417, -97.846794 30.216543, -97.84679 30.216691, -97.846685 30.216684, -97.846183 30.216654, -97.846076 30.216651, -97.845399 30.216635, -97.844848 30.216625, -97.844559 30.216614, -97.844208 30.216609, -97.843428 30.21657, -97.843224 30.216571, -97.843072 30.216573, -97.84271 30.21659, -97.842311 30.216615, -97.841726 30.216697, -97.841458 30.216747, -97.841139 30.216831, -97.840859 30.216925, -97.840467 30.217078, -97.840037 30.217262, -97.839918 30.217331, -97.839614 30.217506, -97.839014 30.217811, -97.838294 30.218345, -97.837466 30.219142, -97.83679 30.219992, -97.836679 30.220157, -97.836591 30.220312, -97.836468 30.220141, -97.836407 30.220057, -97.836382 30.220022, -97.836214 30.219754, -97.836184 30.219724, -97.836053 30.219508, -97.835871 30.219236, -97.835812 30.219148, -97.835636 30.21896, -97.835504 30.218832, -97.835355 30.218653, -97.834887 30.218002, -97.834119 30.216961, -97.834051 30.216881, -97.832941 30.215469, -97.831831 30.214622, -97.830979 30.214186, -97.830401 30.213883, -97.830484 30.213756, -97.830499 30.213731, -97.831084 30.212831, -97.83109 30.212822, -97.83199 30.211386, -97.832059 30.211263, -97.832202 30.211002, -97.832402 30.210751, -97.832724 30.210373, -97.832768 30.210319, -97.833526 30.209386, -97.833557 30.209343, -97.835033 30.207058, -97.835705 30.20592, -97.835915 30.205561, -97.836229 30.205026, -97.836735 30.204175, -97.836791 30.204079, -97.83717 30.203499, -97.837198 30.203444, -97.837442 30.203126, -97.83753 30.203174, -97.837636 30.203234, -97.837747 30.203335, -97.837857 30.203453, -97.83802 30.203668, -97.838033 30.203685, -97.838329 30.204064, -97.838924 30.204574, -97.839679 30.204888, -97.840546 30.205034, -97.840459 30.205503, -97.839458 30.207136, -97.839135 30.207468, -97.83874 30.207629, -97.838779 30.207891, -97.839145 30.208039, -97.839109 30.208084, -97.838942 30.208348, -97.838924 30.208396, -97.838908 30.208486, -97.838895 30.208713, -97.838841 30.209164, -97.838831 30.20929, -97.838836 30.20938, -97.838839 30.209447, -97.838829 30.209463, -97.838795 30.209669, -97.838772 30.209758, -97.838694 30.209891, -97.838663 30.209931, -97.838631 30.209959, -97.838506 30.210035, -97.838362 30.210139, -97.838264 30.210199, -97.83818 30.210273, -97.838124 30.210309, -97.838081 30.210324, -97.838056 30.210349, -97.838172 30.210409, -97.838307 30.210498, -97.838378 30.210536, -97.838457 30.21056, -97.838557 30.210574, -97.838597 30.210574, -97.838645 30.210564, -97.838671 30.210549, -97.838731 30.210495, -97.838806 30.21044, -97.838861 30.210407, -97.838906 30.210389, -97.839004 30.210367, -97.839171 30.210318, -97.839358 30.21023, -97.839484 30.21018, -97.839638 30.210134, -97.839839 30.210091, -97.84009 30.210029, -97.840215 30.210008, -97.840471 30.209991, -97.840565 30.210063, -97.840623 30.210094, -97.84069 30.210119, -97.840762 30.210129, -97.841069 30.210201, -97.841174 30.210222, -97.841475 30.210344, -97.84158 30.210369, -97.841671 30.210379, -97.842054 30.210465, -97.842174 30.210497, -97.842698 30.210695, -97.842977 30.210813, -97.843212 30.210903, -97.843415 30.211001, -97.843566 30.211053, -97.843775 30.211139, -97.843921 30.211222, -97.843994 30.211258, -97.844186 30.211318, -97.844355 30.211398, -97.844807 30.211587, -97.844938 30.211657, -97.845002 30.211674, -97.845049 30.21168, -97.845163 30.211683, -97.845252 30.211673, -97.845302 30.211683, -97.845378 30.211721, -97.845461 30.211809, -97.845493 30.211832, -97.845606 30.21188, -97.845705 30.211928, -97.845775 30.21197, -97.845874 30.212066, -97.846404 30.212346, -97.846534 30.212432, -97.846722 30.212581, -97.846813 30.212625, -97.846861 30.212666, -97.846909 30.212723, -97.846957 30.212803, -97.84699 30.212885, -97.847037 30.213054, -97.847114 30.213371, -97.847132 30.213446, -97.847145 30.213536, -97.847147 30.213671, -97.847139 30.213884, -97.847149 30.214044, -97.847152 30.214208))",35.0,1857.0,84882.0,59.0,9.0,1380804.1601918843,0.0013448684857249712
"POLYGON ((-97.830767 30.241918, -97.829679 30.242259, -97.828902 30.242393, -97.827977 30.242553, -97.827484 30.24256, -97.827099 30.242621, -97.826628 30.242697, -97.825868 30.24293, -97.825074 30.243267, -97.824395 30.243652, -97.82406 30.244352, -97.823983 30.244513, -97.824137 30.245297, -97.824305 30.245781, -97.82432 30.245826, -97.823891 30.245938, -97.823729 30.245986, -97.823589 30.246045, -97.823551 30.246071, -97.82352 30.246104, -97.823503 30.246146, -97.823506 30.24617, -97.823617 30.246533, -97.823644 30.246573, -97.823715 30.246635, -97.823867 30.246737, -97.82396 30.246821, -97.824007 30.246881, -97.824048 30.246957, -97.824104 30.247082, -97.824139 30.247191, -97.824156 30.247277, -97.824158 30.247339, -97.824143 30.247435, -97.824111 30.247519, -97.824056 30.247602, -97.823999 30.247664, -97.823927 30.247726, -97.823867 30.247758, -97.823828 30.247766, -97.82375 30.247765, -97.823661 30.247752, -97.823289 30.24766, -97.822904 30.24755, -97.822807 30.247512, -97.82274 30.247466, -97.822567 30.247308, -97.822378 30.247161, -97.822324 30.247102, -97.82228 30.247028, -97.822246 30.246944, -97.822192 30.246726, -97.822157 30.24664, -97.822142 30.246616, -97.822113 30.246565, -97.822043 30.246481, -97.82195 30.246399, -97.821872 30.246344, -97.821749 30.246274, -97.821603 30.246211, -97.821485 30.246173, -97.821378 30.246155, -97.821285 30.246152, -97.821174 30.246164, -97.821102 30.246182, -97.82101 30.24622, -97.820907 30.246278, -97.820821 30.246343, -97.820723 30.246434, -97.820647 30.246524, -97.820616 30.246569, -97.82057 30.246661, -97.82055 30.246728, -97.820546 30.246792, -97.820579 30.247502, -97.820543 30.247795, -97.820507 30.247989, -97.820445 30.248133, -97.820436 30.248186, -97.820531 30.248741, -97.820538 30.248849, -97.820532 30.248933, -97.820514 30.249247, -97.820505 30.24932, -97.820484 30.24941, -97.820403 30.249573, -97.820341 30.249776, -97.820317 30.249885, -97.82031 30.24992, -97.820279 30.250062, -97.820154 30.250565, -97.820108 30.250675, -97.820029 30.250832, -97.819971 30.250923, -97.819898 30.251005, -97.819808 30.251079, -97.81933 30.251352, -97.81917 30.251469, -97.819041 30.251542, -97.818931 30.251587, -97.818732 30.251639, -97.818067 30.25185, -97.818029 30.251869, -97.817934 30.251936, -97.817902 30.251983, -97.817885 30.25204, -97.817887 30.252116, -97.817906 30.252192, -97.817928 30.252236, -97.817968 30.252286, -97.818021 30.252335, -97.818221 30.252452, -97.818342 30.252532, -97.818396 30.252584, -97.818466 30.252681, -97.818479 30.252724, -97.818484 30.252849, -97.818474 30.252903, -97.818452 30.252946, -97.818429 30.25297, -97.818378 30.252997, -97.818016 30.25312, -97.8177 30.253206, -97.817474 30.25326, -97.817324 30.253285, -97.817074 30.253315, -97.816951 30.253337, -97.81686 30.253362, -97.816833 30.253373, -97.816787 30.253407, -97.816714 30.253515, -97.81623 30.25333, -97.816126 30.253284, -97.815595 30.253017, -97.815485 30.252952, -97.815164 30.252723, -97.814999 30.252572, -97.814937 30.252531, -97.814344 30.252044, -97.8141 30.251828, -97.813904 30.251679, -97.813756 30.251597, -97.813705 30.251554, -97.813662 30.251496, -97.813633 30.251438, -97.813513 30.251201, -97.813415 30.250599, -97.813396 30.250413, -97.813368 30.250254, -97.813324 30.250093, -97.813133 30.249571, -97.813098 30.249451, -97.813093 30.249366, -97.813092 30.249226, -97.813078 30.249065, -97.813065 30.24902, -97.813041 30.248985, -97.812939 30.248899, -97.81286 30.248783, -97.812828 30.248712, -97.812762 30.248477, -97.812689 30.248244, -97.812668 30.24815, -97.812631 30.247933, -97.812579 30.247672, -97.812526 30.247499, -97.812466 30.247328, -97.81239 30.247078, -97.812342 30.246957, -97.812206 30.246663, -97.812036 30.246356, -97.811859 30.246098, -97.811725 30.245919, -97.811572 30.245663, -97.811259 30.245114, -97.811205 30.244993, -97.810967 30.244326, -97.810887 30.244037, -97.810799 30.243644, -97.810733 30.243313, -97.81072 30.243227, -97.810715 30.243166, -97.812519 30.242245, -97.81404 30.241497, -97.815177 30.240938, -97.815318 30.240861, -97.815686 30.240662, -97.817088 30.239972, -97.818181 30.239482, -97.81894 30.239108, -97.818963 30.239096, -97.820055 30.238633, -97.821285 30.238121, -97.821636 30.237974, -97.822484 30.237597, -97.822854 30.237384, -97.822939 30.237336, -97.823101 30.237246, -97.823187 30.237349, -97.823344 30.237477, -97.823359 30.237493, -97.823603 30.237743, -97.823705 30.237846, -97.823977 30.238227, -97.824082 30.238349, -97.824335 30.238632, -97.824742 30.239008, -97.82518 30.239316, -97.82557 30.239528, -97.826038 30.239773, -97.82728 30.240141, -97.828463 30.240287, -97.82866 30.240311, -97.828936 30.240297, -97.829887 30.240247, -97.830303 30.240183, -97.830397 30.240991, -97.830414 30.241102, -97.830767 30.241918))",33.6,914.0,105972.0,0.0,0.0,1583159.2728506983,0.0005773266251058972
"POLYGON ((-97.750163 30.29775, -97.750142 30.297796, -97.750103 30.297835, -97.749959 30.297919, -97.749918 30.297952, -97.749815 30.298085, -97.749552 30.298451, -97.749467 30.298553, -97.749251 30.298763, -97.749167 30.298828, -97.749109 30.298862, -97.748499 30.298134, -97.747772 30.297743, -97.747425 30.297588, -97.746922 30.297363, -97.746353 30.297093, -97.745937 30.296911, -97.745185 30.296585, -97.744919 30.296453, -97.744323 30.296141, -97.743918 30.295922, -97.743955 30.295422, -97.744153 30.293462, -97.744425 30.290668, -97.745368 30.290728, -97.746035 30.290772, -97.745987 30.291373, -97.745928 30.291694, -97.745745 30.293552, -97.745704 30.294226, -97.745581 30.29554, -97.746046 30.29556, -97.746505 30.295567, -97.747084 30.295576, -97.747228 30.293667, -97.74704 30.293262, -97.747015 30.293173, -97.747009 30.293098, -97.747008 30.293078, -97.747017 30.292906, -97.747395 30.292766, -97.747396 30.292804, -97.74742 30.29291, -97.747482 30.293076, -97.747522 30.29318, -97.747641 30.293451, -97.747717 30.293597, -97.747939 30.294068, -97.748046 30.294305, -97.748157 30.2945, -97.748205 30.294602, -97.748253 30.294679, -97.748522 30.295026, -97.74864 30.295161, -97.748698 30.295241, -97.748759 30.29537, -97.74889 30.2956, -97.749036 30.295798, -97.74909 30.295896, -97.749129 30.295987, -97.749161 30.296091, -97.749223 30.296379, -97.749288 30.296655, -97.74932 30.29674, -97.749408 30.296909, -97.749484 30.297015, -97.749574 30.297108, -97.749646 30.297162, -97.749728 30.297207, -97.749903 30.297275, -97.74992 30.297291, -97.749982 30.297368, -97.75008 30.297519, -97.750154 30.297655, -97.750167 30.2977, -97.750163 30.29775))",22.1,1202.0,7000.0,625.0,30.0,215171.22563311365,0.005586248795410584
"POLYGON ((-97.752567 30.289061, -97.75246 30.289276, -97.752158 30.289765, -97.750746 30.289654, -97.749211 30.289576, -97.749166 30.290029, -97.749107 30.290966, -97.747541 30.290874, -97.747646 30.289946, -97.747674 30.289443, -97.747832 30.288162, -97.749327 30.28831, -97.750444 30.288363, -97.750848 30.288396, -97.751463 30.288444, -97.752769 30.288534, -97.752567 30.289061))",21.1,810.0,31052.0,593.0,0.0,87767.59257744873,0.009228918968983136
"POLYGON ((-97.743955 30.295422, -97.743918 30.295922, -97.742817 30.295429, -97.742482 30.294663, -97.742286 30.294313, -97.741771 30.293304, -97.742628 30.293362, -97.744153 30.293462, -97.743955 30.295422))",22.9,258.0,38619.0,187.0,0.0,40612.44596569934,0.0063527323672625605
"POLYGON ((-97.754524 30.284763, -97.754517 30.284806, -97.75449 30.284867, -97.754427 30.284956, -97.75413 30.285295, -97.754014 30.285408, -97.753969 30.285457, -97.753954 30.285486, -97.75394 30.285583, -97.753916 30.285846, -97.753901 30.28611, -97.753903 30.286533, -97.753878 30.286928, -97.753863 30.286986, -97.75359 30.288068, -97.753462 30.288444, -97.753314 30.288686, -97.752769 30.288534, -97.751463 30.288444, -97.750848 30.288396, -97.750444 30.288363, -97.749327 30.28831, -97.747832 30.288162, -97.74789 30.287445, -97.747925 30.287196, -97.748001 30.286369, -97.748107 30.285478, -97.748152 30.284868, -97.748319 30.283551, -97.749503 30.283872, -97.749817 30.283939, -97.751709 30.283765, -97.751768 30.283757, -97.751814 30.283751, -97.751906 30.283719, -97.752116 30.283614, -97.751786 30.283281, -97.751699 30.283193, -97.751259 30.282728, -97.750967 30.282326, -97.75084 30.28212, -97.750765 30.28195, -97.750663 30.28164, -97.750606 30.281438, -97.750516 30.281019, -97.750432 30.28056, -97.750569 30.279967, -97.750837 30.279988, -97.75091 30.279995, -97.750863 30.280063, -97.750853 30.280079, -97.75083 30.280147, -97.750782 30.280364, -97.750773 30.2805, -97.750817 30.28095, -97.750819 30.280975, -97.750843 30.28117, -97.750865 30.281291, -97.750977 30.281766, -97.751018 30.2819, -97.751098 30.28211, -97.751151 30.282214, -97.751229 30.282336, -97.751297 30.282419, -97.751389 30.28249, -97.751613 30.282638, -97.751737 30.282732, -97.751798 30.282767, -97.752289 30.282972, -97.752375 30.283016, -97.752854 30.283324, -97.752998 30.283446, -97.753196 30.283567, -97.753479 30.283755, -97.753767 30.283934, -97.754364 30.284275, -97.754422 30.284315, -97.754462 30.284353, -97.754487 30.284391, -97.754497 30.284427, -97.754483 30.284477, -97.754481 30.284522, -97.75449 30.284623, -97.754522 30.284726, -97.754524 30.284763))",21.2,895.0,9000.0,544.0,25.0,309907.04899764614,0.002887962706543012
"POLYGON ((-97.744153 30.293462, -97.742628 30.293362, -97.741771 30.293304, -97.741156 30.292177, -97.741154 30.291985, -97.741247 30.290865, -97.74128 30.290469, -97.741598 30.290478, -97.741915 30.290488, -97.742129 30.290495, -97.742891 30.290551, -97.743621 30.290618, -97.744425 30.290668, -97.744153 30.293462))",21.9,1361.0,5287.0,832.0,362.0,89601.81038032741,0.015189425238430398
"POLYGON ((-98.000603 30.332441, -98.000396 30.33283, -97.998089 30.336061, -97.997569 30.336798, -97.997522 30.336876, -97.997473 30.336959, -97.997433 30.337055, -97.997403 30.337142, -97.997382 30.337215, -97.997355 30.33732, -97.997342 30.337386, -97.997344 30.337507, -97.997349 30.337597, -97.99736 30.337666, -97.997403 30.33789, -97.99753 30.338497, -97.997532 30.338507, -97.99754 30.338547, -97.997565 30.338676, -97.99758 30.338906, -97.997548 30.338962, -97.997274 30.339228, -97.997134 30.339381, -97.997072 30.339502, -97.997028 30.339641, -97.997017 30.339751, -97.997032 30.339901, -97.997057 30.340114, -97.997116 30.340339, -97.997218 30.340901, -97.997268 30.341283, -97.997322 30.341863, -97.997343 30.342231, -97.997361 30.342424, -97.997389 30.342544, -97.997418 30.342635, -97.997459 30.342729, -97.997525 30.342847, -97.997607 30.342992, -97.997673 30.343106, -97.997743 30.343247, -97.997768 30.343313, -97.997773 30.343422, -97.99775 30.343522, -97.997675 30.3437, -97.997579 30.343859, -97.997518 30.343957, -97.99746 30.344025, -97.997345 30.344132, -97.997228 30.344224, -97.99713 30.34431, -97.99704 30.34441, -97.996967 30.344516, -97.996912 30.344631, -97.996886 30.344725, -97.996878 30.344805, -97.996887 30.345075, -97.99689 30.3451, -97.996983 30.345927, -97.997056 30.346581, -97.997026 30.346832, -97.997004 30.346849, -97.996722 30.347068, -97.99622 30.34747, -97.99589 30.347734, -97.995847 30.347768, -97.995793 30.347812, -97.995588 30.347919, -97.995358 30.34795, -97.995015 30.34787, -97.994876 30.348231, -97.994807 30.348409, -97.994598 30.348826, -97.994583 30.348857, -97.99449 30.348909, -97.994522 30.349073, -97.994435 30.349374, -97.994413 30.34994, -97.994399 30.350284, -97.994394 30.350418, -97.994382 30.350486, -97.994351 30.350662, -97.994245 30.350954, -97.994215 30.351031, -97.994162 30.351174, -97.99412 30.351286, -97.994057 30.351298, -97.994014 30.351427, -97.993936 30.351564, -97.993698 30.351537, -97.993557 30.351541, -97.993392 30.351569, -97.99326 30.351622, -97.993048 30.351716, -97.992755 30.351864, -97.99242 30.352033, -97.992236 30.352139, -97.992088 30.352229, -97.991949 30.352327, -97.991878 30.352388, -97.991792 30.352477, -97.991672 30.35263, -97.991583 30.352799, -97.991564 30.352836, -97.990983 30.353813, -97.990923 30.353908, -97.990394 30.354854, -97.99036 30.354907, -97.990312 30.354994, -97.990217 30.355163, -97.98999 30.355485, -97.989759 30.35572, -97.989549 30.355838, -97.989451 30.355882, -97.989345 30.355912, -97.989206 30.355938, -97.988926 30.355965, -97.988802 30.355959, -97.98865 30.355937, -97.988504 30.355896, -97.988353 30.355847, -97.988206 30.355786, -97.987729 30.355571, -97.987622 30.355516, -97.987511 30.355462, -97.987221 30.35534, -97.986892 30.355249, -97.986754 30.355232, -97.986616 30.355234, -97.98639 30.35527, -97.986204 30.355322, -97.985989 30.355398, -97.985779 30.355504, -97.985147 30.355841, -97.984882 30.355982, -97.984623 30.356116, -97.984455 30.356203, -97.98413 30.356371, -97.984042 30.356411, -97.983995 30.356434, -97.983888 30.356487, -97.983698 30.35659, -97.983478 30.356728, -97.982961 30.357112, -97.98284 30.357204, -97.982709 30.357293, -97.98259 30.357357, -97.982564 30.357369, -97.982551 30.357315, -97.98254 30.357272, -97.982531 30.357166, -97.982542 30.356441, -97.983234 30.355333, -97.983297 30.355211, -97.983345 30.355127, -97.983399 30.355033, -97.983774 30.354486, -97.983931 30.354247, -97.983996 30.354174, -97.984138 30.353987, -97.984268 30.353839, -97.98435 30.353753, -97.984716 30.353501, -97.984873 30.353409, -97.98524 30.353221, -97.985357 30.353175, -97.985581 30.353085, -97.985698 30.353029, -97.985843 30.352941, -97.985943 30.352869, -97.985982 30.35286, -97.98612 30.352868, -97.986235 30.352865, -97.986379 30.35284, -97.986478 30.352808, -97.986577 30.352766, -97.986598 30.352687, -97.986608 30.352648, -97.986609 30.35258, -97.986585 30.35234, -97.98656 30.352188, -97.986542 30.352098, -97.986499 30.351807, -97.986494 30.351669, -97.986487 30.351618, -97.986452 30.351516, -97.986397 30.351405, -97.986372 30.351354, -97.986268 30.351169, -97.986233 30.351096, -97.986195 30.350984, -97.986156 30.350829, -97.986097 30.350548, -97.986087 30.350456, -97.986092 30.350382, -97.986114 30.350307, -97.986152 30.350232, -97.986241 30.350112, -97.986314 30.349985, -97.98637 30.349871, -97.986496 30.349602, -97.986502 30.349576, -97.986502 30.349528, -97.986489 30.349478, -97.986475 30.349464, -97.986403 30.349354, -97.986315 30.34932, -97.986285 30.349305, -97.986227 30.349263, -97.986169 30.349204, -97.986115 30.349119, -97.986063 30.349057, -97.986032 30.349035, -97.985985 30.349016, -97.985867 30.348974, -97.985841 30.34896, -97.98577 30.348908, -97.98572 30.348857, -97.985653 30.348756, -97.985601 30.348656, -97.985563 30.348551, -97.985552 30.348508, -97.98554 30.348416, -97.985559 30.348163, -97.98556 30.34814, -97.985587 30.347902, -97.985626 30.347707, -97.98571 30.34741, -97.9858 30.347165, -97.985878 30.346998, -97.985925 30.346922, -97.986025 30.346677, -97.986064 30.346612, -97.986118 30.346555, -97.986558 30.346176, -97.986684 30.346044, -97.986813 30.345931, -97.986915 30.345865, -97.9871 30.345756, -97.987172 30.345691, -97.987207 30.345643, -97.987243 30.345564, -97.987248 30.345524, -97.98724 30.345473, -97.987243 30.345415, -97.987264 30.345289, -97.987303 30.34517, -97.987321 30.345084, -97.987322 30.345014, -97.987316 30.34498, -97.98727 30.344861, -97.98727 30.344834, -97.987285 30.344815, -97.987304 30.344807, -97.987348 30.344807, -97.987363 30.344793, -97.987373 30.344698, -97.987374 30.344589, -97.987363 30.344536, -97.987364 30.344485, -97.987378 30.344459, -97.987473 30.34438, -97.987542 30.344328, -97.987651 30.344169, -97.987716 30.344175, -97.987737 30.344164, -97.98774 30.344146, -97.987702 30.344117, -97.987711 30.344088, -97.987774 30.344034, -97.987907 30.343938, -97.98794 30.343904, -97.987956 30.343875, -97.98797 30.343801, -97.987993 30.343757, -97.988015 30.343747, -97.988059 30.343747, -97.988092 30.343743, -97.988174 30.343715, -97.988206 30.343693, -97.988243 30.343648, -97.988265 30.3436, -97.988289 30.343488, -97.98829 30.343451, -97.98828 30.34342, -97.988136 30.343218, -97.988123 30.343178, -97.988101 30.343076, -97.987968 30.342764, -97.987936 30.342703, -97.987916 30.342678, -97.987787 30.342566, -97.987742 30.342515, -97.987688 30.342417, -97.987522 30.342174, -97.987459 30.3421, -97.987378 30.342047, -97.98715 30.341821, -97.987091 30.341748, -97.987063 30.34169, -97.98706 30.341634, -97.987073 30.341574, -97.987106 30.34151, -97.987137 30.341422, -97.987148 30.341263, -97.987215 30.341116, -97.987256 30.341062, -97.987361 30.340953, -97.987594 30.340733, -97.987721 30.340591, -97.987809 30.340467, -97.98786 30.340373, -97.987876 30.340313, -97.987887 30.34029, -97.987912 30.340264, -97.987951 30.34025, -97.987979 30.340228, -97.988066 30.34012, -97.988216 30.339962, -97.988366 30.339852, -97.988441 30.339782, -97.988495 30.339717, -97.988639 30.339484, -97.988666 30.339445, -97.988717 30.339385, -97.988949 30.339182, -97.988984 30.339149, -97.989005 30.33913, -97.989057 30.339082, -97.989091 30.339052, -97.989108 30.33904, -97.989169 30.338994, -97.989225 30.33896, -97.989284 30.338925, -97.989483 30.338822, -97.989587 30.338753, -97.989716 30.338648, -97.989816 30.338543, -97.989935 30.338381, -97.990011 30.338291, -97.990079 30.338223, -97.990184 30.338143, -97.990278 30.338087, -97.990339 30.338063, -97.990366 30.338048, -97.990402 30.338015, -97.990427 30.337973, -97.990468 30.337838, -97.990537 30.337661, -97.990567 30.337611, -97.990614 30.337564, -97.990644 30.337539, -97.990716 30.337494, -97.990875 30.337414, -97.991141 30.337295, -97.991271 30.337245, -97.99142 30.337212, -97.991753 30.337162, -97.991801 30.337151, -97.991959 30.33712, -97.992173 30.337058, -97.992376 30.336995, -97.992551 30.336938, -97.992623 30.336902, -97.992703 30.336836, -97.992766 30.336724, -97.992807 30.33656, -97.992791 30.336111, -97.99275 30.335947, -97.992749 30.335882, -97.992762 30.335829, -97.992788 30.335788, -97.993013 30.33554, -97.993076 30.335479, -97.993189 30.335391, -97.99327 30.335344, -97.993446 30.335265, -97.993528 30.335236, -97.99355 30.335234, -97.993632 30.335198, -97.993684 30.335167, -97.993741 30.33514, -97.993806 30.335101, -97.99387 30.335046, -97.993928 30.334983, -97.993993 30.334889, -97.994091 30.334733, -97.994132 30.334647, -97.994153 30.334572, -97.994151 30.334461, -97.994163 30.334411, -97.99419 30.334356, -97.994221 30.334322, -97.994275 30.334287, -97.994381 30.334247, -97.994554 30.334197, -97.995013 30.334116, -97.995069 30.334094, -97.99512 30.334058, -97.995169 30.333999, -97.995367 30.333688, -97.995415 30.333603, -97.995454 30.333506, -97.995588 30.333252, -97.995629 30.333164, -97.995695 30.332965, -97.995769 30.332553, -97.995823 30.332426, -97.995909 30.332337, -97.995984 30.332256, -97.996193 30.332138, -97.996421 30.332046, -97.996576 30.331966, -97.996628 30.331927, -97.996685 30.331869, -97.996753 30.331788, -97.996838 30.331432, -97.997145 30.331099, -97.997546 30.330794, -97.997635 30.330624, -97.997633 30.330537, -97.997668 30.330488, -97.997677 30.330498, -97.997692 30.330514, -97.997717 30.330545, -97.997781 30.330625, -97.997855 30.330719, -97.997876 30.330745, -97.997926 30.330808, -97.99801 30.330904, -97.998092 30.330981, -97.998221 30.331094, -97.998477 30.331283, -97.998643 30.331407, -97.998749 30.331494, -97.998765 30.331507, -97.998854 30.331579, -97.999045 30.331734, -97.999167 30.331827, -97.999302 30.3319, -97.999697 30.332075, -98.000274 30.332308, -98.000432 30.332372, -98.000475 30.332389, -98.000603 30.332441))",57.0,1746.0,148000.0,63.0,13.0,1978371.3796736142,0.0008825441056916471
"POLYGON ((-98.012001 30.324049, -98.011814 30.324108, -98.01171 30.324133, -98.011602 30.324172, -98.011495 30.324214, -98.011376 30.32429, -98.011212 30.324363, -98.011193 30.324386, -98.011168 30.324396, -98.010963 30.324417, -98.010722 30.324432, -98.01065 30.324433, -98.01063 30.324445, -98.010587 30.324531, -98.010548 30.324568, -98.010501 30.324589, -98.010403 30.324619, -98.010237 30.324627, -98.010196 30.32462, -98.010154 30.324623, -98.010127 30.324633, -98.010009 30.324702, -98.009979 30.324749, -98.009953 30.324775, -98.00991 30.324795, -98.009847 30.324804, -98.009711 30.32479, -98.009661 30.324797, -98.009613 30.324815, -98.009396 30.324944, -98.009358 30.324962, -98.008828 30.325085, -98.008706 30.325089, -98.008525 30.325073, -98.008469 30.325081, -98.008446 30.325094, -98.008414 30.325128, -98.008393 30.32513, -98.008247 30.325109, -98.008219 30.325088, -98.008193 30.325083, -98.008168 30.325091, -98.008114 30.325121, -98.008046 30.325135, -98.007995 30.325131, -98.007964 30.325119, -98.007819 30.325029, -98.007763 30.325003, -98.007723 30.324999, -98.007702 30.325003, -98.007378 30.325112, -98.007195 30.325192, -98.007131 30.325236, -98.007028 30.325339, -98.006959 30.325421, -98.006946 30.325459, -98.006944 30.325506, -98.006948 30.325585, -98.006941 30.325656, -98.006926 30.325691, -98.006899 30.325716, -98.006817 30.325753, -98.006768 30.325763, -98.006747 30.32576, -98.006641 30.325719, -98.006615 30.32572, -98.006595 30.325728, -98.006543 30.325771, -98.006496 30.325819, -98.006339 30.325925, -98.006299 30.325935, -98.006264 30.32593, -98.006212 30.325907, -98.006174 30.325879, -98.00608 30.325763, -98.006057 30.325749, -98.006036 30.325745, -98.005992 30.325747, -98.005877 30.325789, -98.005829 30.325797, -98.005794 30.325797, -98.00574 30.325794, -98.005567 30.325699, -98.005431 30.325637, -98.005395 30.325636, -98.005348 30.325647, -98.005297 30.325685, -98.005154 30.325737, -98.005098 30.325761, -98.005048 30.325765, -98.004889 30.325759, -98.004744 30.325784, -98.004709 30.325808, -98.004692 30.325827, -98.004662 30.325843, -98.00457 30.325891, -98.004506 30.325914, -98.004474 30.325926, -98.004306 30.325991, -98.004198 30.326017, -98.004103 30.326021, -98.004057 30.326014, -98.003774 30.325937, -98.003692 30.32593, -98.003619 30.325935, -98.003541 30.325952, -98.003325 30.326018, -98.003264 30.326018, -98.003225 30.326011, -98.003191 30.326014, -98.003035 30.326066, -98.002991 30.326073, -98.002938 30.326093, -98.002786 30.326169, -98.002701 30.32622, -98.002536 30.3263, -98.002421 30.326346, -98.002345 30.326363, -98.002284 30.326366, -98.001867 30.326331, -98.001759 30.326331, -98.001691 30.326344, -98.001664 30.326353, -98.001583 30.3264, -98.001405 30.326539, -98.001324 30.326587, -98.001179 30.326649, -98.001012 30.326735, -98.000809 30.326779, -98.000736 30.326799, -98.000687 30.326822, -98.000616 30.326871, -98.000576 30.326912, -98.000524 30.327003, -98.000432 30.327116, -98.000285 30.327196, -98.000126 30.327266, -97.999745 30.327401, -97.999568 30.327454, -97.999392 30.3275, -97.999265 30.327556, -97.999197 30.32759, -97.998954 30.327713, -97.998825 30.327784, -97.998753 30.32781, -97.998556 30.327866, -97.99854 30.327881, -97.998533 30.32791, -97.998457 30.328357, -97.998241 30.328608, -97.998185 30.328655, -97.9981 30.328704, -97.997911 30.328837, -97.997587 30.329027, -97.99754 30.329065, -97.99749 30.329125, -97.997453 30.329189, -97.997374 30.329348, -97.997359 30.329403, -97.997368 30.329436, -97.997476 30.3296, -97.99753 30.329672, -97.997613 30.329759, -97.997656 30.329774, -97.997682 30.329774, -97.99784 30.329736, -97.997889 30.329734, -97.997941 30.329745, -97.997989 30.329767, -97.998046 30.329809, -97.998057 30.329817, -97.998071 30.329835, -97.998083 30.32985, -97.998093 30.329862, -97.998098 30.329872, -97.998117 30.329917, -97.998132 30.329992, -97.998136 30.330057, -97.998139 30.330118, -97.99814 30.330183, -97.99814 30.330256, -97.998141 30.330303, -97.998149 30.330325, -97.99817 30.33035, -97.998177 30.330395, -97.998181 30.330441, -97.998162 30.330509, -97.998124 30.330533, -97.998079 30.330595, -97.998047 30.330619, -97.998012 30.330628, -97.997998 30.330632, -97.997968 30.330631, -97.997906 30.330618, -97.997871 30.330601, -97.997851 30.330591, -97.997775 30.330548, -97.997692 30.330514, -97.997677 30.330498, -97.997668 30.330488, -97.997563 30.330377, -97.997434 30.33024, -97.997377 30.330209, -97.997335 30.330191, -97.997312 30.330184, -97.99727 30.33018, -97.997222 30.330176, -97.997134 30.330179, -97.997029 30.330184, -97.996884 30.330195, -97.996585 30.330229, -97.99606 30.330304, -97.99583 30.330345, -97.995562 30.33039, -97.995407 30.330431, -97.995287 30.330486, -97.995157 30.330563, -97.995003 30.33067, -97.994794 30.330808, -97.994637 30.330895, -97.994523 30.330943, -97.994509 30.330949, -97.994389 30.330986, -97.994299 30.331006, -97.993335 30.331089, -97.993316 30.331091, -97.993166 30.331103, -97.992293 30.331176, -97.99169 30.33119, -97.990897 30.330986, -97.990457 30.331115, -97.990203 30.331286, -97.98936 30.331853, -97.989196 30.331964, -97.988938 30.332144, -97.988605 30.332289, -97.987751 30.33256, -97.987564 30.332576, -97.986953 30.33263, -97.986845 30.332638, -97.986649 30.332653, -97.986559 30.33266, -97.985971 30.332704, -97.985314 30.332766, -97.984803 30.332812, -97.984166 30.332873, -97.983721 30.33291, -97.983366 30.332943, -97.982977 30.332971, -97.98258 30.333008, -97.982057 30.333054, -97.981599 30.333085, -97.981274 30.333104, -97.98086 30.333126, -97.980644 30.333137, -97.980434 30.333137, -97.980003 30.333098, -97.979374 30.333026, -97.979268 30.333015, -97.979206 30.333019, -97.979054 30.333032, -97.978556 30.333348, -97.978416 30.333454, -97.978307 30.333535, -97.978246 30.333592, -97.977951 30.333904, -97.977788 30.334098, -97.97743 30.33444, -97.977162 30.334667, -97.976943 30.334825, -97.976266 30.334989, -97.976246 30.334994, -97.976062 30.335039, -97.973717 30.335434, -97.973197 30.335477, -97.972876 30.335504, -97.972432 30.335611, -97.970688 30.336139, -97.970606 30.336164, -97.970621 30.33634, -97.970628 30.336412, -97.970608 30.336523, -97.970594 30.3366, -97.970536 30.336788, -97.970287 30.337341, -97.970161 30.337549, -97.970121 30.337746, -97.970134 30.337957, -97.97017 30.338227, -97.970231 30.338409, -97.970374 30.338798, -97.969747 30.338805, -97.969854 30.337882, -97.969845 30.337777, -97.969802 30.337219, -97.969789 30.337119, -97.969706 30.336441, -97.969506 30.335948, -97.969065 30.334909, -97.968908 30.33454, -97.967987 30.332473, -97.9677 30.331914, -97.967491 30.331456, -97.967347 30.33112, -97.967194 30.330837, -97.967042 30.330593, -97.96703 30.330578, -97.96697 30.330503, -97.966937 30.330462, -97.966601 30.330047, -97.966405 30.329864, -97.966012 30.329541, -97.965785 30.329362, -97.965589 30.329188, -97.965336 30.328878, -97.965175 30.328665, -97.965062 30.328496, -97.964349 30.327575, -97.964277 30.327482, -97.964262 30.327463, -97.964174 30.327351, -97.964151 30.327321, -97.964298 30.327148, -97.964955 30.326164, -97.96555 30.325285, -97.965834 30.325195, -97.966109 30.324994, -97.967613 30.323889, -97.967747 30.323829, -97.969854 30.322139, -97.970379 30.321743, -97.97146 30.320983, -97.971571 30.320796, -97.972106 30.320489, -97.97234 30.31999, -97.972509 30.319844, -97.972573 30.319967, -97.972636 30.320103, -97.972731 30.320365, -97.972763 30.320518, -97.972825 30.320764, -97.972874 30.320983, -97.972903 30.321107, -97.972981 30.321333, -97.973039 30.32149, -97.97315 30.321699, -97.973252 30.321876, -97.973363 30.321992, -97.973488 30.322147, -97.973735 30.322433, -97.973905 30.322598, -97.974278 30.322947, -97.974637 30.323294, -97.974727 30.323381, -97.974804 30.323449, -97.974921 30.323522, -97.974992 30.323571, -97.975084 30.323617, -97.975213 30.32367, -97.975356 30.323709, -97.975566 30.323737, -97.975821 30.323757, -97.975947 30.323743, -97.976036 30.323721, -97.976164 30.323685, -97.976291 30.323638, -97.976412 30.32358, -97.976511 30.32352, -97.976652 30.32342, -97.976751 30.323321, -97.976882 30.323183, -97.976911 30.323134, -97.976984 30.322984, -97.977096 30.322707, -97.977349 30.322021, -97.977464 30.321789, -97.97819 30.320964, -97.978315 30.32085, -97.978398 30.320748, -97.978495 30.320622, -97.978577 30.320525, -97.978679 30.320404, -97.978766 30.320283, -97.978854 30.320132, -97.978902 30.32003, -97.978941 30.319856, -97.97897 30.319706, -97.978989 30.319526, -97.978989 30.319366, -97.978965 30.319196, -97.978917 30.319012, -97.978735 30.318675, -97.978756 30.318646, -97.978839 30.318568, -97.978933 30.318517, -97.978996 30.318456, -97.97904 30.318385, -97.97914 30.318163, -97.979186 30.318082, -97.979228 30.318027, -97.979263 30.318005, -97.979341 30.317966, -97.979376 30.317923, -97.979413 30.317856, -97.979432 30.317788, -97.979444 30.317681, -97.979467 30.317631, -97.979516 30.317543, -97.979564 30.317436, -97.979578 30.317392, -97.979577 30.317356, -97.979569 30.317285, -97.979592 30.317206, -97.979619 30.317169, -97.979657 30.317148, -97.979695 30.317138, -97.979802 30.317134, -97.97998 30.317121, -97.980006 30.317119, -97.980057 30.317096, -97.9801 30.317068, -97.980126 30.317051, -97.980116 30.317043, -97.980071 30.317008, -97.980036 30.316966, -97.979999 30.316906, -97.979991 30.316764, -97.980104 30.316785, -97.980189 30.316795, -97.980219 30.316799, -97.980231 30.3168, -97.980253 30.316802, -97.980266 30.316804, -97.981723 30.316989, -97.984811 30.317288, -97.988112 30.317608, -97.988675 30.317663, -97.989185 30.317734, -97.990685 30.317883, -97.991178 30.317936, -97.991773 30.317999, -97.992269 30.318052, -97.992339 30.318059, -97.993684 30.318204, -97.994392 30.318227, -97.994538 30.318228, -97.996325 30.318164, -97.996807 30.318127, -97.997282 30.318067, -97.999446 30.317795, -98.000876 30.317616, -98.001296 30.317579, -98.001655 30.317561, -98.001823 30.317564, -98.001972 30.317567, -98.002167 30.317587, -98.002231 30.317594, -98.002718 30.317668, -98.002865 30.3177, -98.003062 30.317747, -98.003249 30.317808, -98.003493 30.317898, -98.003723 30.31798, -98.004003 30.318102, -98.004229 30.318228, -98.004427 30.318347, -98.005272 30.318995, -98.006941 30.320279, -98.007056 30.32036, -98.007087 30.320381, -98.007976 30.321008, -98.009572 30.322132, -98.010167 30.322578, -98.010478 30.322811, -98.011727 30.323675, -98.012109 30.323939, -98.012001 30.324049))",44.8,2345.0,70854.0,75.0,14.0,5541623.295250786,0.00042316120657455794
"POLYGON ((-97.871136 30.201915, -97.871117 30.202224, -97.871083 30.202463, -97.871019 30.202783, -97.870889 30.203498, -97.870788 30.204052, -97.870504 30.205867, -97.869415 30.207809, -97.869376 30.207868, -97.869337 30.20793, -97.869272 30.207922, -97.868745 30.207836, -97.868608 30.207817, -97.868432 30.2078, -97.868204 30.207787, -97.868014 30.207786, -97.867761 30.207798, -97.86746 30.207828, -97.86726 30.20786, -97.867026 30.20791, -97.866773 30.20798, -97.866585 30.208028, -97.866061 30.208197, -97.865975 30.208226, -97.865896 30.208254, -97.864379 30.20871, -97.864211 30.208748, -97.863905 30.208792, -97.8637 30.208804, -97.863449 30.208809, -97.863197 30.208814, -97.862911 30.208771, -97.862615 30.208728, -97.862247 30.20864, -97.86189 30.208533, -97.861829 30.208514, -97.861567 30.208399, -97.861482 30.208366, -97.861156 30.208182, -97.861183 30.208151, -97.861237 30.208078, -97.861847 30.20726, -97.862656 30.206193, -97.863296 30.205347, -97.863968 30.204495, -97.8641 30.204354, -97.864531 30.203901, -97.864984 30.203459, -97.86522 30.203241, -97.865522 30.202933, -97.865751 30.202687, -97.865985 30.202397, -97.866152 30.2022, -97.866298 30.202013, -97.86661 30.201496, -97.866834 30.201063, -97.866941 30.201079, -97.867769 30.201186, -97.868048 30.201199, -97.86826 30.201217, -97.868549 30.201226, -97.869433 30.201182, -97.870479 30.201006, -97.870874 30.200935, -97.871038 30.201352, -97.871105 30.201628, -97.871131 30.20179, -97.871136 30.201915))",37.4,935.0,88542.0,63.0,0.0,504797.9598093296,0.0018522261863997325
"POLYGON ((-97.703203 30.372112, -97.702595 30.372529, -97.702402 30.372712, -97.702233 30.372965, -97.701848 30.373553, -97.701284 30.374414, -97.701005 30.374896, -97.700151 30.374517, -97.700451 30.374048, -97.700513 30.37394, -97.700523 30.373878, -97.700497 30.373805, -97.700425 30.373743, -97.700089 30.373619, -97.699511 30.373387, -97.699201 30.373273, -97.698761 30.373066, -97.698343 30.372855, -97.697831 30.372555, -97.697356 30.372286, -97.697268 30.372245, -97.697196 30.372229, -97.697134 30.372245, -97.697077 30.372307, -97.696912 30.372565, -97.696689 30.372916, -97.695902 30.372548, -97.696218 30.371978, -97.696242 30.371921, -97.696252 30.371872, -97.696235 30.371827, -97.69621 30.371795, -97.694757 30.371069, -97.693009 30.370175, -97.694587 30.36736, -97.695997 30.36487, -97.698417 30.365993, -97.699226 30.366369, -97.699629 30.366551, -97.700621 30.366977, -97.700525 30.367126, -97.700469 30.367237, -97.700419 30.36737, -97.700352 30.36757, -97.700278 30.367735, -97.700159 30.367948, -97.699986 30.36825, -97.69983 30.368517, -97.699754 30.368658, -97.699731 30.368755, -97.699724 30.368863, -97.699726 30.368928, -97.699744 30.369014, -97.699781 30.369106, -97.699835 30.369207, -97.699976 30.369328, -97.700088 30.3694, -97.700191 30.369452, -97.700394 30.369544, -97.699989 30.370226, -97.699911 30.370384, -97.699867 30.3705, -97.699831 30.370624, -97.699756 30.370815, -97.699694 30.370965, -97.699436 30.371399, -97.699224 30.371327, -97.699048 30.371254, -97.698687 30.371045, -97.697509 30.37048, -97.697083 30.37039, -97.696624 30.370214, -97.696555 30.370208, -97.696514 30.370219, -97.696471 30.370246, -97.696418 30.370297, -97.696218 30.370602, -97.696182 30.370673, -97.696163 30.370733, -97.696168 30.370769, -97.696197 30.370813, -97.69625 30.37086, -97.696298 30.370889, -97.698529 30.371961, -97.698624 30.372001, -97.698709 30.372018, -97.698799 30.372025, -97.69891 30.372012, -97.699031 30.371988, -97.699441 30.371825, -97.699644 30.37202, -97.699746 30.372099, -97.699885 30.372176, -97.700032 30.372215, -97.700162 30.372233, -97.700337 30.372218, -97.700521 30.372164, -97.700645 30.372089, -97.700766 30.371959, -97.700859 30.371823, -97.701379 30.371103, -97.70197 30.370648, -97.702182 30.37095, -97.702701 30.371573, -97.702785 30.371674, -97.703203 30.372112))",41.7,1861.0,88750.0,97.0,0.0,448798.0600444349,0.004146631114706122
"POLYGON ((-97.839656 30.182017, -97.839454 30.182469, -97.839302 30.182758, -97.839256 30.182832, -97.839167 30.182978, -97.839144 30.183012, -97.838929 30.183334, -97.838796 30.183518, -97.838703 30.183645, -97.838112 30.184258, -97.837793 30.184552, -97.837528 30.184863, -97.836901 30.185855, -97.836154 30.187039, -97.835952 30.187463, -97.835643 30.188094, -97.83539 30.188611, -97.835151 30.189091, -97.835043 30.189261, -97.834867 30.189438, -97.834646 30.189696, -97.834368 30.189892, -97.834135 30.190037, -97.834 30.190181, -97.83342 30.190957, -97.83287 30.190682, -97.832733 30.19062, -97.832178 30.190371, -97.831461 30.19005, -97.83099 30.189966, -97.830466 30.190039, -97.830108 30.189292, -97.828898 30.188666, -97.829455 30.187813, -97.829944 30.18708, -97.830486 30.186334, -97.832102 30.187144, -97.832872 30.185894, -97.832003 30.185478, -97.831249 30.185109, -97.83171 30.184414, -97.831847 30.184161, -97.831892 30.183766, -97.832037 30.183521, -97.832322 30.183636, -97.832556 30.183803, -97.832683 30.184117, -97.832699 30.184664, -97.832784 30.184861, -97.832916 30.184993, -97.832961 30.185016, -97.833416 30.185242, -97.833905 30.184492, -97.834352 30.183753, -97.833676 30.183448, -97.833908 30.183068, -97.834069 30.182672, -97.834813 30.183015, -97.836159 30.180837, -97.836146 30.180716, -97.835846 30.180494, -97.836704 30.179927, -97.837761 30.180834, -97.839762 30.181737, -97.839656 30.182017))",35.6,1265.0,114688.0,38.0,41.0,504461.3158929094,0.0025076253820591134
"POLYGON ((-97.841649 30.223468, -97.841471 30.223675, -97.841318 30.22391, -97.841204 30.224089, -97.841113 30.224291, -97.841022 30.224529, -97.841045 30.225215, -97.841214 30.22579, -97.841514 30.226082, -97.841635 30.226208, -97.841579 30.226259, -97.841547 30.226294, -97.841542 30.226316, -97.841428 30.226494, -97.841387 30.226568, -97.841376 30.226617, -97.841375 30.226695, -97.84138 30.226828, -97.841398 30.226917, -97.841457 30.227003, -97.841471 30.227053, -97.841472 30.227107, -97.841465 30.22713, -97.841393 30.227241, -97.841333 30.227371, -97.841264 30.227579, -97.841228 30.227653, -97.841094 30.227874, -97.841044 30.227938, -97.840977 30.227999, -97.840901 30.228049, -97.840765 30.228124, -97.840601 30.228205, -97.840428 30.228273, -97.840164 30.228358, -97.839968 30.228411, -97.839756 30.22846, -97.839629 30.228479, -97.839454 30.228452, -97.839372 30.228404, -97.839238 30.228303, -97.839206 30.228287, -97.839123 30.228262, -97.839009 30.228242, -97.838812 30.228221, -97.838699 30.228194, -97.838487 30.228123, -97.838373 30.228068, -97.838328 30.228037, -97.838244 30.227962, -97.83815 30.227856, -97.83788 30.227521, -97.837705 30.227325, -97.837594 30.227222, -97.837439 30.227101, -97.836402 30.228676, -97.835707 30.229647, -97.835581 30.22986, -97.835528 30.229835, -97.835139 30.229643, -97.834633 30.229416, -97.834218 30.229182, -97.833957 30.229012, -97.833727 30.22881, -97.833642 30.228735, -97.833574 30.228675, -97.832936 30.228159, -97.832733 30.227995, -97.832597 30.227894, -97.832268 30.227651, -97.832033 30.227528, -97.831535 30.227267, -97.831295 30.227047, -97.830965 30.226745, -97.833612 30.224087, -97.833848 30.223865, -97.834101 30.223604, -97.834387 30.223281, -97.834882 30.222705, -97.835361 30.222044, -97.835861 30.22134, -97.83617 30.220857, -97.836478 30.220458, -97.836591 30.220312, -97.836732 30.220508, -97.836853 30.220676, -97.836899 30.220733, -97.836955 30.220801, -97.837185 30.221053, -97.837434 30.221313, -97.837642 30.221518, -97.837827 30.221678, -97.83818 30.221969, -97.838678 30.222328, -97.83952 30.22274, -97.840485 30.22313, -97.841511 30.223429, -97.841649 30.223468))",30.8,1309.0,67898.0,258.0,32.0,574200.0286480029,0.002279693372851511
"POLYGON ((-97.835705 30.20592, -97.835033 30.207058, -97.833557 30.209343, -97.83342 30.209278, -97.831912 30.20856, -97.829156 30.207252, -97.829758 30.206229, -97.829328 30.206053, -97.828475 30.205662, -97.826381 30.204667, -97.826818 30.203985, -97.827302 30.203228, -97.828078 30.201782, -97.82823 30.201571, -97.829324 30.199843, -97.830479 30.200363, -97.830885 30.199761, -97.831607 30.200154, -97.832447 30.20052, -97.832793 30.200706, -97.832339 30.20145, -97.832078 30.201682, -97.831827 30.201944, -97.831597 30.202335, -97.831171 30.203056, -97.830678 30.203838, -97.830142 30.204633, -97.830644 30.204865, -97.831032 30.205044, -97.831498 30.204404, -97.83175 30.203953, -97.832299 30.204214, -97.83395 30.205021, -97.83559 30.205863, -97.835667 30.205902, -97.835705 30.20592))",42.0,832.0,111919.0,0.0,14.0,427719.946365009,0.0019451980368715028
"POLYGON ((-97.833526 30.209386, -97.832768 30.210319, -97.832724 30.210373, -97.832402 30.210751, -97.832202 30.211002, -97.832059 30.211263, -97.83199 30.211386, -97.83109 30.212822, -97.831084 30.212831, -97.830499 30.213731, -97.830484 30.213756, -97.830401 30.213883, -97.830261 30.213823, -97.828597 30.213109, -97.827768 30.212752, -97.827665 30.212701, -97.827583 30.212668, -97.824875 30.211341, -97.824782 30.211278, -97.824693 30.211254, -97.82355 30.210756, -97.823202 30.210646, -97.822327 30.210321, -97.821956 30.210112, -97.821901 30.210069, -97.821826 30.210045, -97.818075 30.208226, -97.817948 30.208174, -97.817778 30.208103, -97.815583 30.20737, -97.815422 30.207281, -97.815507 30.207159, -97.815519 30.207145, -97.815554 30.207086, -97.815764 30.206772, -97.815854 30.206598, -97.815925 30.206365, -97.815961 30.206208, -97.815995 30.206082, -97.816018 30.205993, -97.816082 30.205829, -97.81618 30.205661, -97.816508 30.205136, -97.816559 30.205055, -97.816617 30.204968, -97.816954 30.204455, -97.817291 30.20394, -97.817353 30.203844, -97.817403 30.203766, -97.817574 30.203502, -97.817737 30.203238, -97.818074 30.20273, -97.818139 30.202643, -97.81821 30.20253, -97.818532 30.202041, -97.818854 30.201517, -97.81891 30.20143, -97.818974 30.201341, -97.819229 30.200959, -97.81933 30.200856, -97.819393 30.200802, -97.819497 30.200736, -97.820215 30.200264, -97.820584 30.200005, -97.820694 30.199931, -97.820796 30.199869, -97.82092 30.199794, -97.821462 30.199546, -97.822143 30.199366, -97.822249 30.199338, -97.82238 30.199326, -97.823099 30.199248, -97.823823 30.199208, -97.823928 30.199202, -97.824048 30.199201, -97.82484 30.199189, -97.825474 30.199122, -97.825546 30.199108, -97.825653 30.199096, -97.82699 30.198825, -97.827266 30.198714, -97.827366 30.198666, -97.827494 30.198598, -97.82766 30.198498, -97.827776 30.198411, -97.827838 30.198365, -97.828039 30.198172, -97.828265 30.197881, -97.828452 30.197548, -97.828676 30.197152, -97.828725 30.197044, -97.828785 30.196948, -97.82902 30.19649, -97.829374 30.196108, -97.829667 30.195887, -97.829763 30.195815, -97.829845 30.19576, -97.829867 30.195745, -97.830238 30.195499, -97.83051 30.195262, -97.830731 30.195019, -97.830881 30.194816, -97.830948 30.194709, -97.831602 30.195033, -97.831953 30.195208, -97.832258 30.19536, -97.831342 30.196802, -97.831272 30.196905, -97.830897 30.197467, -97.830325 30.198421, -97.829324 30.199843, -97.82823 30.201571, -97.828078 30.201782, -97.827302 30.203228, -97.826818 30.203985, -97.826381 30.204667, -97.828475 30.205662, -97.829328 30.206053, -97.829758 30.206229, -97.829156 30.207252, -97.831912 30.20856, -97.83342 30.209278, -97.833557 30.209343, -97.833526 30.209386))",44.5,1569.0,66847.0,93.0,33.0,1605228.025256799,0.0009774312280331615
"POLYGON ((-97.796773 30.248748, -97.796709 30.249101, -97.796648 30.249317, -97.796636 30.249418, -97.796613 30.249701, -97.796599 30.249793, -97.796531 30.249955, -97.796496 30.250115, -97.796484 30.250216, -97.796476 30.250358, -97.796379 30.250891, -97.796365 30.251046, -97.7963 30.251336, -97.796282 30.251546, -97.796259 30.251717, -97.796233 30.251821, -97.796081 30.252222, -97.79607 30.252273, -97.796081 30.252306, -97.796111 30.252368, -97.796136 30.252521, -97.796135 30.252588, -97.796123 30.252645, -97.796058 30.252809, -97.796011 30.25295, -97.795976 30.253022, -97.795909 30.253123, -97.795811 30.253304, -97.795777 30.253357, -97.795716 30.253427, -97.795633 30.253492, -97.795459 30.253608, -97.795242 30.253739, -97.795082 30.253818, -97.794792 30.253936, -97.794533 30.254068, -97.794475 30.254086, -97.794007 30.254155, -97.793854 30.254169, -97.793822 30.254177, -97.793755 30.254207, -97.793644 30.254267, -97.793397 30.254345, -97.793159 30.254433, -97.792949 30.254491, -97.792728 30.254565, -97.792296 30.254742, -97.792176 30.254785, -97.791823 30.254894, -97.791675 30.254923, -97.791325 30.255084, -97.79126 30.25509, -97.791185 30.255094, -97.790895 30.255187, -97.79075 30.255246, -97.790602 30.255317, -97.790278 30.255455, -97.790103 30.255514, -97.78974 30.255617, -97.789643 30.255655, -97.789183 30.255885, -97.789002 30.255967, -97.7888 30.256085, -97.788675 30.256143, -97.788465 30.256225, -97.788328 30.256273, -97.787919 30.256449, -97.78771 30.256524, -97.787432 30.2566, -97.786843 30.256814, -97.786744 30.256848, -97.785139 30.253606, -97.785182 30.253029, -97.785359 30.251853, -97.785536 30.250891, -97.785669 30.250025, -97.785716 30.248939, -97.785469 30.248167, -97.785045 30.247306, -97.784626 30.246497, -97.784448 30.246285, -97.784055 30.245796, -97.785011 30.245369, -97.785932 30.24492, -97.786384 30.24467, -97.787496 30.243843, -97.788502 30.243549, -97.788824 30.24365, -97.788814 30.243748, -97.788795 30.244225, -97.788779 30.2443, -97.788764 30.244351, -97.788714 30.244425, -97.788704 30.244456, -97.788704 30.244539, -97.788721 30.244651, -97.788764 30.24488, -97.788805 30.245106, -97.788841 30.245251, -97.788851 30.245418, -97.78887 30.245511, -97.788899 30.245601, -97.788948 30.245709, -97.789001 30.245795, -97.789109 30.245931, -97.789335 30.24624, -97.78941 30.24633, -97.789479 30.246395, -97.789571 30.246461, -97.789701 30.246542, -97.789799 30.246594, -97.790457 30.246965, -97.790549 30.247005, -97.790666 30.247042, -97.790719 30.247049, -97.790845 30.247052, -97.790888 30.24706, -97.790937 30.247081, -97.791016 30.247131, -97.79114 30.247239, -97.791255 30.247309, -97.791704 30.247562, -97.791892 30.247676, -97.792016 30.247766, -97.792089 30.247805, -97.792168 30.247833, -97.792266 30.247849, -97.792378 30.247846, -97.792565 30.247875, -97.792649 30.247896, -97.792784 30.247936, -97.792966 30.247976, -97.793152 30.248024, -97.793269 30.248039, -97.793482 30.248043, -97.793622 30.248034, -97.793773 30.248012, -97.793811 30.248003, -97.793908 30.24798, -97.794161 30.247957, -97.794244 30.247944, -97.794492 30.247883, -97.794809 30.247796, -97.794993 30.247756, -97.795207 30.247722, -97.795345 30.247692, -97.795383 30.247688, -97.795495 30.247677, -97.795857 30.247671, -97.796024 30.24767, -97.796114 30.247681, -97.796185 30.247701, -97.796216 30.247716, -97.796279 30.247762, -97.796415 30.247885, -97.796502 30.247978, -97.796574 30.248028, -97.796619 30.248071, -97.796675 30.248149, -97.796706 30.248216, -97.796726 30.248294, -97.796754 30.248531, -97.796776 30.248652, -97.796773 30.248748))",46.3,937.0,141000.0,60.0,46.0,1029286.020411668,0.0009103397708882146
"POLYGON ((-97.645482 30.427997, -97.645457 30.428062, -97.645427 30.428103, -97.645355 30.428167, -97.645304 30.428198, -97.645182 30.428245, -97.645067 30.428273, -97.645046 30.428272, -97.644965 30.428244, -97.644946 30.428253, -97.644899 30.428342, -97.644843 30.428435, -97.644777 30.428512, -97.644759 30.428538, -97.644756 30.428549, -97.644745 30.428585, -97.644747 30.428646, -97.644767 30.428728, -97.644766 30.428776, -97.64476 30.428794, -97.643335 30.428808, -97.642941 30.428825, -97.642728 30.42885, -97.642516 30.428878, -97.641668 30.429055, -97.641254 30.429142, -97.640035 30.429405, -97.639453 30.429512, -97.63905 30.429562, -97.638687 30.429584, -97.638295 30.42959, -97.63792 30.429567, -97.636868 30.429425, -97.636673 30.429383, -97.636493 30.429347, -97.63523 30.429081, -97.634712 30.428924, -97.634117 30.428672, -97.633546 30.428404, -97.632812 30.428041, -97.632902 30.427864, -97.633458 30.42678, -97.633528 30.426646, -97.633558 30.42659, -97.633569 30.426565, -97.6336 30.426515, -97.634091 30.425707, -97.636039 30.422511, -97.63672 30.421397, -97.637076 30.420888, -97.637553 30.420209, -97.638063 30.419385, -97.638285 30.419371, -97.639025 30.419053, -97.639185 30.419333, -97.639292 30.419283, -97.639387 30.419259, -97.639582 30.41924, -97.639676 30.419248, -97.639775 30.419283, -97.639906 30.419364, -97.639964 30.419422, -97.640042 30.419548, -97.640841 30.419201, -97.640906 30.419198, -97.640955 30.419243, -97.640965 30.419264, -97.641021 30.419385, -97.64111 30.419528, -97.641231 30.419667, -97.641329 30.419805, -97.641422 30.419968, -97.641473 30.420133, -97.641531 30.420524, -97.641621 30.420823, -97.641682 30.420997, -97.641767 30.42117, -97.641905 30.421419, -97.642034 30.421609, -97.642148 30.421756, -97.642252 30.421898, -97.642446 30.42213, -97.642486 30.422177, -97.642626 30.422367, -97.642718 30.422522, -97.642784 30.422668, -97.642888 30.422992, -97.643018 30.423318, -97.643056 30.423462, -97.643066 30.42356, -97.643068 30.423659, -97.643021 30.423983, -97.643005 30.424085, -97.642986 30.424172, -97.642954 30.424267, -97.642869 30.424418, -97.642798 30.424578, -97.642765 30.424694, -97.642733 30.42479, -97.642663 30.424865, -97.642607 30.424885, -97.642515 30.424885, -97.641897 30.424826, -97.641835 30.424837, -97.641791 30.424865, -97.641768 30.424899, -97.641743 30.424955, -97.641724 30.425081, -97.641701 30.425249, -97.64167 30.425358, -97.641622 30.425459, -97.642282 30.425692, -97.642636 30.425834, -97.643119 30.426049, -97.643613 30.426306, -97.643594 30.426325, -97.643578 30.426359, -97.643561 30.426448, -97.643563 30.426521, -97.643558 30.426555, -97.643504 30.426629, -97.643476 30.426693, -97.643478 30.426719, -97.643519 30.42676, -97.643716 30.426882, -97.64382 30.426954, -97.64389 30.42699, -97.643938 30.427005, -97.644076 30.427024, -97.644254 30.427038, -97.644364 30.427032, -97.644386 30.427025, -97.644435 30.426984, -97.644462 30.426968, -97.644509 30.426964, -97.644558 30.426971, -97.644601 30.426987, -97.644676 30.427035, -97.644801 30.427171, -97.644822 30.427199, -97.644827 30.427225, -97.644814 30.427341, -97.644818 30.427368, -97.644834 30.427392, -97.644929 30.427463, -97.644948 30.427486, -97.644913 30.427498, -97.644861 30.427532, -97.644838 30.427554, -97.644825 30.427576, -97.644892 30.427612, -97.644934 30.427787, -97.644948 30.427826, -97.644967 30.427817, -97.645023 30.427765, -97.645069 30.427699, -97.645093 30.427675, -97.645126 30.427662, -97.645161 30.427659, -97.645217 30.427668, -97.645275 30.427695, -97.645339 30.427738, -97.645401 30.427794, -97.645451 30.427855, -97.645469 30.427889, -97.645484 30.427944, -97.645482 30.427997))",38.7,1441.0,81583.0,9.0,8.0,817111.157703992,0.0017635299511134799
"POLYGON ((-97.695987 30.352173, -97.695523 30.352743, -97.695397 30.353207, -97.694211 30.355084, -97.69353 30.354732, -97.69344 30.354707, -97.691344 30.353606, -97.691118 30.353487, -97.691201 30.353354, -97.691775 30.352486, -97.692562 30.35135, -97.693362 30.350093, -97.693602 30.349704, -97.69369 30.349746, -97.693759 30.349779, -97.693845 30.34982, -97.693947 30.349888, -97.694044 30.349967, -97.694148 30.350067, -97.694203 30.350133, -97.694246 30.35021, -97.694376 30.350545, -97.694478 30.350813, -97.694583 30.351027, -97.694639 30.351191, -97.694709 30.351354, -97.69476 30.351449, -97.694832 30.351556, -97.694941 30.351748, -97.695011 30.35186, -97.695072 30.351928, -97.695108 30.351953, -97.695149 30.351968, -97.695184 30.351972, -97.695243 30.351952, -97.69531 30.351936, -97.695347 30.351937, -97.695458 30.351963, -97.69576 30.35206, -97.69587 30.352105, -97.695987 30.352173))",21.0,1380.0,36649.0,255.0,0.0,137943.11490795558,0.010004123807997404
"POLYGON ((-97.720133 30.233163, -97.720058 30.233383, -97.719662 30.234707, -97.71797 30.236378, -97.717205 30.23752, -97.71675 30.237329, -97.716302 30.237281, -97.715887 30.237352, -97.715499 30.237529, -97.715041 30.237563, -97.715081 30.237179, -97.715159 30.237161, -97.715229 30.237122, -97.715258 30.237056, -97.715349 30.236925, -97.715557 30.236323, -97.715667 30.23606, -97.715878 30.235699, -97.716097 30.235352, -97.716167 30.235114, -97.716225 30.235005, -97.7163 30.234949, -97.716517 30.234818, -97.716718 30.234702, -97.716857 30.234658, -97.717027 30.234578, -97.717067 30.234521, -97.717108 30.234519, -97.717195 30.234553, -97.71722 30.234554, -97.71773 30.234394, -97.717808 30.234359, -97.718009 30.234254, -97.718564 30.233996, -97.718676 30.233907, -97.71892 30.233752, -97.71926 30.233525, -97.719657 30.233303, -97.719812 30.233241, -97.719901 30.233221, -97.719973 30.233224, -97.719998 30.233221, -97.720019 30.233208, -97.720059 30.233181, -97.720133 30.233163))",22.0,726.0,70000.0,0.0,0.0,98347.07351949907,0.007382019352676086
"POLYGON ((-97.744197 30.26432, -97.743884 30.265194, -97.743868 30.26524, -97.74386 30.265262, -97.743496 30.266209, -97.743171 30.267119, -97.742813 30.268066, -97.741454 30.267683, -97.740375 30.267395, -97.739335 30.267068, -97.738247 30.266782, -97.737187 30.266475, -97.736127 30.266176, -97.735775 30.26609, -97.735722 30.266075, -97.735003 30.265881, -97.734722 30.265792, -97.735067 30.264861, -97.735288 30.264269, -97.735331 30.264121, -97.735378 30.263962, -97.735384 30.26394, -97.735412 30.263845, -97.735426 30.263796, -97.7355 30.263587, -97.735566 30.2634, -97.735747 30.262956, -97.736269 30.261855, -97.736517 30.261317, -97.736553 30.261207, -97.736767 30.26123, -97.738792 30.261782, -97.739351 30.261939, -97.739456 30.261969, -97.74 30.262107, -97.741076 30.262395, -97.742104 30.262691, -97.743207 30.26303, -97.744567 30.263382, -97.744197 30.26432))",50.0,1285.0,161995.0,21.0,0.0,444226.8207152501,0.0028926664039128033
"POLYGON ((-97.802416 30.244719, -97.802289 30.24476, -97.802231 30.244777, -97.802173 30.244795, -97.801813 30.244912, -97.80112 30.245209, -97.801012 30.245243, -97.800945 30.245255, -97.800597 30.245286, -97.800278 30.24531, -97.800114 30.245304, -97.799767 30.24527, -97.799444 30.245217, -97.799209 30.245201, -97.798493 30.245179, -97.798426 30.245167, -97.798295 30.245124, -97.798243 30.245074, -97.797635 30.244972, -97.797495 30.244944, -97.797307 30.244891, -97.797183 30.244843, -97.79682 30.244674, -97.796563 30.24454, -97.79641 30.244452, -97.796073 30.24424, -97.795955 30.244157, -97.795911 30.244122, -97.795812 30.244032, -97.79571 30.243954, -97.795619 30.243899, -97.795576 30.243878, -97.79532 30.243784, -97.795051 30.243672, -97.794468 30.24339, -97.794185 30.243246, -97.794053 30.243187, -97.793969 30.243163, -97.79388 30.24315, -97.793613 30.243154, -97.793487 30.243146, -97.793446 30.243136, -97.793382 30.243104, -97.793307 30.243046, -97.793191 30.24294, -97.79309 30.242831, -97.792992 30.242708, -97.792879 30.242543, -97.792822 30.242438, -97.792789 30.242302, -97.792761 30.242242, -97.792712 30.242166, -97.79262 30.242062, -97.792508 30.241965, -97.792429 30.241914, -97.792337 30.24187, -97.792261 30.241847, -97.792185 30.241836, -97.792083 30.241837, -97.791989 30.24185, -97.79166 30.241923, -97.791528 30.241948, -97.791332 30.241967, -97.791069 30.241983, -97.790521 30.241983, -97.790416 30.24199, -97.790164 30.242021, -97.790024 30.242046, -97.789934 30.242069, -97.789858 30.242103, -97.789805 30.242137, -97.789657 30.242252, -97.789564 30.242338, -97.789493 30.242421, -97.789387 30.24257, -97.789299 30.242698, -97.789137 30.242908, -97.789011 30.243085, -97.788945 30.243201, -97.788898 30.243313, -97.788865 30.243431, -97.788824 30.24365, -97.788502 30.243549, -97.787496 30.243843, -97.786384 30.24467, -97.785932 30.24492, -97.785011 30.245369, -97.784055 30.245796, -97.783015 30.244524, -97.78236 30.243652, -97.782637 30.243445, -97.783976 30.24245, -97.784643 30.241894, -97.785308 30.241434, -97.785361 30.241399, -97.786225 30.240781, -97.787599 30.239817, -97.788292 30.239331, -97.788851 30.238941, -97.789424 30.238565, -97.79162 30.23701, -97.792949 30.236091, -97.793111 30.235986, -97.793764 30.235589, -97.79462 30.235144, -97.795831 30.234454, -97.796117 30.234292, -97.796557 30.234042, -97.796636 30.234095, -97.796729 30.234176, -97.796868 30.234301, -97.797035 30.234444, -97.797285 30.234708, -97.797514 30.234974, -97.79767 30.23518, -97.797829 30.235414, -97.797907 30.23552, -97.798281 30.236224, -97.798542 30.236746, -97.799147 30.23804, -97.799278 30.238294, -97.79973 30.239176, -97.799912 30.239487, -97.800539 30.24078, -97.801142 30.242003, -97.801203 30.242129, -97.801265 30.242241, -97.802487 30.244692, -97.802416 30.244719))",35.4,1307.0,72088.0,92.0,72.0,1155465.7362978389,0.0011311456142245146
"POLYGON ((-97.796557 30.234042, -97.796117 30.234292, -97.795831 30.234454, -97.79462 30.235144, -97.793764 30.235589, -97.793111 30.235986, -97.792949 30.236091, -97.79162 30.23701, -97.789424 30.238565, -97.788566 30.238105, -97.788216 30.237947, -97.787466 30.23761, -97.786997 30.2374, -97.786536 30.237193, -97.784259 30.236211, -97.784297 30.236147, -97.785781 30.233814, -97.787005 30.234314, -97.788233 30.234817, -97.790055 30.235662, -97.790149 30.235515, -97.790188 30.235384, -97.790209 30.235252, -97.790196 30.235095, -97.790165 30.234932, -97.790036 30.234036, -97.79002 30.233959, -97.790014 30.233851, -97.790017 30.23375, -97.790042 30.233643, -97.790625 30.233002, -97.790825 30.232781, -97.791182 30.232389, -97.791512 30.231994, -97.791563 30.231891, -97.791629 30.231757, -97.791793 30.23151, -97.792001 30.231613, -97.792882 30.232051, -97.793453 30.232338, -97.793861 30.232548, -97.794284 30.232767, -97.795302 30.233296, -97.795988 30.233651, -97.796179 30.233782, -97.796334 30.233888, -97.79649 30.233997, -97.796557 30.234042))",32.8,533.0,35203.0,0.0,37.0,389895.7701684022,0.0013670320141451876
"POLYGON ((-97.914247 30.374479, -97.913894 30.374626, -97.913712 30.37473, -97.913622 30.374715, -97.913596 30.374708, -97.913461 30.374669, -97.913392 30.374659, -97.913356 30.374662, -97.913324 30.374676, -97.913227 30.374783, -97.913198 30.374804, -97.913175 30.374803, -97.913139 30.374778, -97.913019 30.374642, -97.912962 30.374584, -97.91291 30.374546, -97.912835 30.374514, -97.912685 30.374472, -97.912577 30.374431, -97.912489 30.374386, -97.912418 30.374332, -97.91234 30.374257, -97.912287 30.374174, -97.912256 30.374142, -97.912231 30.37413, -97.912191 30.374132, -97.912155 30.374156, -97.912132 30.37419, -97.912117 30.374241, -97.912108 30.374358, -97.91211 30.374498, -97.912136 30.374696, -97.912132 30.374767, -97.912148 30.374882, -97.912208 30.37505, -97.912249 30.375148, -97.912265 30.375206, -97.912255 30.375261, -97.9122 30.375364, -97.912189 30.375392, -97.912184 30.375423, -97.912175 30.375445, -97.912154 30.37547, -97.912117 30.375496, -97.912066 30.375511, -97.911995 30.375518, -97.911877 30.375507, -97.911773 30.375478, -97.911753 30.375671, -97.911558 30.375551, -97.911416 30.375447, -97.911289 30.375449, -97.911187 30.375462, -97.910963 30.375509, -97.910686 30.375582, -97.910561 30.375619, -97.910492 30.375641, -97.910342 30.375698, -97.910215 30.375759, -97.909963 30.375916, -97.909391 30.376199, -97.909352 30.376204, -97.909279 30.376188, -97.909188 30.376146, -97.90886 30.376011, -97.908675 30.375946, -97.908406 30.37589, -97.908075 30.375782, -97.907633 30.375659, -97.907532 30.375544, -97.907336 30.375365, -97.907191 30.375213, -97.906998 30.374987, -97.906792 30.374722, -97.906485 30.374494, -97.906323 30.374358, -97.906244 30.374274, -97.906192 30.374181, -97.906131 30.374094, -97.906043 30.37399, -97.905964 30.373924, -97.90576 30.3738, -97.90567 30.373741, -97.905609 30.373709, -97.90556 30.373694, -97.905501 30.373682, -97.905384 30.373671, -97.905324 30.373659, -97.905262 30.373638, -97.904866 30.373561, -97.90483 30.373562, -97.904764 30.373576, -97.904727 30.37359, -97.904634 30.373636, -97.904499 30.373733, -97.904377 30.373814, -97.904275 30.373868, -97.904164 30.373914, -97.904103 30.373932, -97.90398 30.373961, -97.903872 30.373978, -97.903612 30.373999, -97.903108 30.374003, -97.903043 30.37401, -97.90297 30.37403, -97.902776 30.374111, -97.902565 30.374222, -97.902314 30.374362, -97.90222 30.374403, -97.902125 30.374432, -97.902033 30.374449, -97.901916 30.374452, -97.901804 30.374438, -97.901738 30.374421, -97.901206 30.374168, -97.901157 30.374149, -97.90088 30.37406, -97.900762 30.374038, -97.900384 30.374008, -97.899538 30.373983, -97.899256 30.373968, -97.899164 30.373954, -97.899071 30.373925, -97.899007 30.373896, -97.89884 30.373765, -97.89879 30.373748, -97.898696 30.373737, -97.898612 30.37372, -97.898508 30.373676, -97.898469 30.373652, -97.898395 30.373593, -97.898266 30.373465, -97.898017 30.373451, -97.897938 30.373451, -97.897819 30.373444, -97.897385 30.373383, -97.897319 30.373378, -97.896965 30.37343, -97.896828 30.373466, -97.896689 30.373487, -97.896388 30.373495, -97.896201 30.373499, -97.896049 30.373493, -97.896119 30.373075, -97.896127 30.372905, -97.896125 30.372767, -97.895929 30.37198, -97.895704 30.371577, -97.895548 30.371337, -97.895465 30.37122, -97.895093 30.370894, -97.894991 30.370915, -97.894868 30.370856, -97.894737 30.370799, -97.894601 30.370752, -97.894446 30.370719, -97.894312 30.3707, -97.894238 30.370695, -97.894103 30.370692, -97.893384 30.370717, -97.893262 30.370714, -97.893103 30.370699, -97.89296 30.37067, -97.892866 30.370644, -97.892718 30.370594, -97.892558 30.370517, -97.892439 30.370445, -97.892345 30.370376, -97.892268 30.370308, -97.892172 30.370212, -97.892117 30.370143, -97.892053 30.370053, -97.891988 30.369938, -97.891786 30.369426, -97.891799 30.369267, -97.891923 30.36924, -97.892837 30.368818, -97.893054 30.368686, -97.893507 30.368345, -97.894083 30.367913, -97.894626 30.36756, -97.895033 30.367261, -97.895461 30.36697, -97.895732 30.366667, -97.895838 30.366521, -97.896042 30.366223, -97.896137 30.366105, -97.896307 30.365778, -97.896421 30.365494, -97.896531 30.365181, -97.896694 30.364883, -97.896925 30.364535, -97.89723 30.364241, -97.897383 30.364127, -97.89782 30.363857, -97.898185 30.363641, -97.898682 30.363364, -97.89903 30.36314, -97.899346 30.362902, -97.899662 30.362654, -97.899864 30.362453, -97.899932 30.362396, -97.900093 30.362304, -97.900271 30.362144, -97.900514 30.361934, -97.900795 30.36167, -97.901092 30.361388, -97.90135 30.361145, -97.901566 30.360991, -97.901759 30.360872, -97.901928 30.360783, -97.902198 30.360685, -97.902432 30.360584, -97.902761 30.360457, -97.902999 30.360362, -97.903197 30.360282, -97.90336 30.360196, -97.903559 30.360065, -97.903704 30.359953, -97.903906 30.359754, -97.904057 30.35957, -97.904152 30.359445, -97.904205 30.359365, -97.904769 30.358885, -97.905647 30.358283, -97.906228 30.357862, -97.90681 30.357431, -97.906902 30.357363, -97.906974 30.357313, -97.908465 30.356231, -97.908609 30.356088, -97.908662 30.356057, -97.908704 30.356129, -97.908782 30.356203, -97.908829 30.356254, -97.908913 30.356346, -97.908978 30.356418, -97.909011 30.356461, -97.909119 30.356642, -97.909137 30.356691, -97.909152 30.35674, -97.909166 30.356788, -97.909178 30.356837, -97.90919 30.356888, -97.909209 30.356989, -97.909223 30.357094, -97.909228 30.357147, -97.90923 30.357202, -97.909226 30.357287, -97.909752 30.357652, -97.909802 30.357782, -97.909855 30.357889, -97.90996 30.35806, -97.910024 30.358154, -97.910118 30.35828, -97.910274 30.358548, -97.910426 30.35878, -97.910547 30.358934, -97.910635 30.359028, -97.910755 30.359138, -97.910946 30.359374, -97.91107 30.359534, -97.911147 30.359634, -97.911169 30.359663, -97.911406 30.359924, -97.911503 30.360024, -97.911659 30.360149, -97.91204 30.360509, -97.912121 30.36063, -97.912189 30.360699, -97.912246 30.360737, -97.912267 30.360738, -97.912304 30.360733, -97.912322 30.360746, -97.912353 30.36081, -97.912394 30.360838, -97.912435 30.360855, -97.912471 30.360858, -97.912499 30.360848, -97.912566 30.360799, -97.912669 30.360723, -97.912693 30.360724, -97.912721 30.360739, -97.912803 30.360815, -97.913039 30.360975, -97.913198 30.361082, -97.913168 30.361259, -97.913159 30.361598, -97.912979 30.362237, -97.913008 30.36272, -97.913087 30.362983, -97.913456 30.362686, -97.913516 30.362642, -97.913927 30.36767, -97.913882 30.368831, -97.913815 30.369803, -97.91415 30.372912, -97.914163 30.373086, -97.914175 30.373309, -97.914247 30.374479))",20.9,4529.0,250001.0,271.0,43.0,2808762.960014996,0.0016124536190750035
"POLYGON ((-97.934048 30.336451, -97.93229 30.338388, -97.931835 30.338852, -97.930674 30.34004, -97.928167 30.342707, -97.925769 30.345171, -97.92365 30.347349, -97.921822 30.349228, -97.919508 30.351628, -97.917193 30.354027, -97.916788 30.354402, -97.915113 30.358393, -97.913488 30.362202, -97.913509 30.362508, -97.913516 30.362642, -97.913456 30.362686, -97.913087 30.362983, -97.913008 30.36272, -97.912979 30.362237, -97.913159 30.361598, -97.913168 30.361259, -97.913198 30.361082, -97.913039 30.360975, -97.912803 30.360815, -97.912721 30.360739, -97.912693 30.360724, -97.912669 30.360723, -97.912566 30.360799, -97.912499 30.360848, -97.912471 30.360858, -97.912435 30.360855, -97.912394 30.360838, -97.912353 30.36081, -97.912322 30.360746, -97.912304 30.360733, -97.912267 30.360738, -97.912246 30.360737, -97.912189 30.360699, -97.912121 30.36063, -97.91204 30.360509, -97.911659 30.360149, -97.911503 30.360024, -97.911406 30.359924, -97.911169 30.359663, -97.911147 30.359634, -97.91107 30.359534, -97.910946 30.359374, -97.910755 30.359138, -97.910635 30.359028, -97.910547 30.358934, -97.910426 30.35878, -97.910274 30.358548, -97.910118 30.35828, -97.910024 30.358154, -97.90996 30.35806, -97.909855 30.357889, -97.909802 30.357782, -97.909752 30.357652, -97.909226 30.357287, -97.90923 30.357202, -97.909228 30.357147, -97.909223 30.357094, -97.909209 30.356989, -97.90919 30.356888, -97.909178 30.356837, -97.909166 30.356788, -97.909152 30.35674, -97.909137 30.356691, -97.909119 30.356642, -97.909011 30.356461, -97.908978 30.356418, -97.908913 30.356346, -97.908829 30.356254, -97.908782 30.356203, -97.908704 30.356129, -97.908662 30.356057, -97.908809 30.355969, -97.909039 30.355837, -97.909296 30.35565, -97.909364 30.355597, -97.909338 30.35554, -97.909205 30.355247, -97.90894 30.354577, -97.908928 30.354519, -97.908934 30.354441, -97.909022 30.354169, -97.909025 30.354122, -97.909009 30.354043, -97.908833 30.35362, -97.908775 30.353435, -97.908748 30.353373, -97.908681 30.353276, -97.908288 30.352776, -97.908201 30.352678, -97.908116 30.352552, -97.908074 30.352437, -97.908031 30.352374, -97.907947 30.35232, -97.907909 30.35227, -97.907857 30.352162, -97.907801 30.352023, -97.907725 30.351868, -97.907671 30.351788, -97.907658 30.351729, -97.907591 30.351378, -97.907552 30.351213, -97.907532 30.351108, -97.907505 30.351033, -97.907452 30.350941, -97.907404 30.350875, -97.907344 30.350808, -97.907222 30.350696, -97.907122 30.350611, -97.906933 30.350413, -97.906809 30.350258, -97.906657 30.350042, -97.906569 30.349906, -97.906515 30.349802, -97.90648 30.349703, -97.906428 30.349456, -97.906401 30.349299, -97.906401 30.349109, -97.90638 30.348797, -97.906363 30.34873, -97.906206 30.34835, -97.90615 30.34818, -97.906145 30.348132, -97.906166 30.348018, -97.906185 30.347871, -97.906212 30.347775, -97.906215 30.347694, -97.906204 30.347592, -97.906187 30.347539, -97.906172 30.347511, -97.90611 30.347431, -97.906053 30.347374, -97.905997 30.34733, -97.90596 30.34731, -97.905855 30.347269, -97.90576 30.347212, -97.905697 30.347164, -97.905652 30.347117, -97.905621 30.347066, -97.905595 30.346994, -97.905586 30.346932, -97.905592 30.34685, -97.90563 30.346723, -97.905639 30.346669, -97.905642 30.346558, -97.905632 30.346482, -97.905612 30.346414, -97.905594 30.346373, -97.905568 30.346344, -97.905534 30.346323, -97.90549 30.346313, -97.905387 30.346313, -97.904991 30.346193, -97.90489 30.346157, -97.904794 30.346106, -97.904711 30.346045, -97.904608 30.345953, -97.90456 30.345898, -97.904487 30.345766, -97.904413 30.345657, -97.904262 30.345516, -97.904104 30.345379, -97.904031 30.345329, -97.903953 30.345288, -97.903867 30.345255, -97.90372 30.345215, -97.90365 30.345204, -97.903297 30.345164, -97.903208 30.345132, -97.903147 30.345098, -97.903124 30.345081, -97.903094 30.345043, -97.903073 30.344996, -97.903047 30.344861, -97.903013 30.344754, -97.902966 30.344672, -97.902848 30.344499, -97.902801 30.344447, -97.902741 30.344401, -97.902473 30.344232, -97.902449 30.344201, -97.902416 30.344143, -97.902392 30.344086, -97.902373 30.344058, -97.902331 30.344021, -97.902091 30.343848, -97.902027 30.343813, -97.901979 30.343795, -97.901864 30.343781, -97.901736 30.343728, -97.901709 30.343717, -97.901504 30.343644, -97.901424 30.343605, -97.901382 30.343571, -97.901357 30.343533, -97.901336 30.343422, -97.901323 30.343305, -97.901305 30.343269, -97.901276 30.343243, -97.90124 30.34323, -97.901178 30.343223, -97.900988 30.343223, -97.900878 30.343241, -97.900745 30.343273, -97.900624 30.343309, -97.900527 30.34333, -97.900478 30.343326, -97.900186 30.343194, -97.900068 30.343112, -97.899996 30.343071, -97.899884 30.343017, -97.899791 30.343009, -97.899765 30.342998, -97.899745 30.342979, -97.899723 30.342935, -97.899697 30.342864, -97.89965 30.342787, -97.899606 30.34273, -97.899558 30.342689, -97.899521 30.34267, -97.89945 30.342652, -97.899269 30.342637, -97.899067 30.342628, -97.898957 30.342613, -97.898872 30.342592, -97.898804 30.342564, -97.898753 30.342527, -97.898716 30.34248, -97.898654 30.342333, -97.898599 30.342154, -97.898546 30.341984, -97.898506 30.341916, -97.898348 30.341718, -97.898304 30.341678, -97.898236 30.341637, -97.898187 30.341616, -97.898155 30.341611, -97.898142 30.341592, -97.89808 30.3415, -97.898001 30.341382, -97.897856 30.341262, -97.89771 30.341185, -97.897554 30.341128, -97.897444 30.341104, -97.89691 30.340895, -97.897769 30.340609, -97.899241 30.340118, -97.899887 30.339903, -97.901972 30.33806, -97.903284 30.3369, -97.904187 30.336103, -97.90749 30.333131, -97.908765 30.331983, -97.909187 30.331603, -97.910057 30.331023, -97.910552 30.330694, -97.911046 30.330364, -97.91138 30.330141, -97.914123 30.328312, -97.914887 30.327803, -97.916223 30.327269, -97.917887 30.326603, -97.92256 30.326191, -97.924687 30.326003, -97.925081 30.326185, -97.92724 30.327185, -97.92842 30.327731, -97.930087 30.328503, -97.930973 30.329162, -97.933988 30.331403, -97.934688 30.335703, -97.934048 30.336451))",45.1,3989.0,202167.0,79.0,132.0,6925508.792978397,0.0005759865620334421
"POLYGON ((-97.87393 30.430196, -97.873807 30.430636, -97.873734 30.430893, -97.873696 30.431151, -97.873708 30.431493, -97.873704 30.431635, -97.873654 30.431929, -97.873363 30.43278, -97.873341 30.432835, -97.87326 30.433008, -97.873177 30.433094, -97.873087 30.433178, -97.872999 30.433293, -97.872429 30.433699, -97.872282 30.433885, -97.872031 30.433954, -97.871951 30.434034, -97.871893 30.434055, -97.871791 30.434121, -97.871727 30.434219, -97.87165 30.434335, -97.871611 30.434429, -97.871586 30.434562, -97.87159 30.434647, -97.871607 30.434746, -97.871659 30.434891, -97.871753 30.435032, -97.871817 30.435113, -97.871941 30.435199, -97.872099 30.435297, -97.872335 30.435422, -97.872707 30.435635, -97.873011 30.435837, -97.873177 30.435995, -97.873289 30.436145, -97.873361 30.436294, -97.8734 30.436466, -97.873426 30.43663, -97.873421 30.436926, -97.873182 30.437817, -97.873154 30.438067, -97.873147 30.438264, -97.873158 30.438535, -97.873209 30.438755, -97.873271 30.438967, -97.87341 30.4393, -97.873715 30.439857, -97.872399 30.44068, -97.871964 30.440937, -97.871885 30.440983, -97.871766 30.441052, -97.871631 30.441125, -97.871505 30.441176, -97.871337 30.441237, -97.871182 30.441277, -97.871086 30.441295, -97.870971 30.441308, -97.870851 30.441315, -97.870729 30.441316, -97.870602 30.441306, -97.870415 30.441289, -97.870221 30.441249, -97.869938 30.441183, -97.8697 30.441119, -97.869556 30.441091, -97.869367 30.441074, -97.869178 30.441067, -97.86902 30.441074, -97.868807 30.441108, -97.868651 30.441145, -97.868474 30.441204, -97.868295 30.441285, -97.86776 30.441572, -97.867443 30.441752, -97.867131 30.441917, -97.866885 30.442031, -97.866616 30.442134, -97.866314 30.442229, -97.866078 30.442309, -97.865823 30.442404, -97.865663 30.44247, -97.865564 30.442526, -97.865427 30.442602, -97.865238 30.442721, -97.863186 30.444135, -97.862893 30.44438, -97.862601 30.444621, -97.862308 30.44489, -97.862065 30.445146, -97.862008 30.445221, -97.861948 30.445281, -97.861839 30.445369, -97.861335 30.445642, -97.860564 30.446088, -97.860132 30.446325, -97.859841 30.446453, -97.859408 30.446582, -97.859258 30.446636, -97.859029 30.446717, -97.858908 30.446791, -97.858772 30.446927, -97.858651 30.447102, -97.858556 30.447305, -97.858441 30.447528, -97.858232 30.447866, -97.858037 30.448298, -97.85776 30.448463, -97.857194 30.448906, -97.855932 30.449558, -97.85522 30.449844, -97.85427 30.450226, -97.853913 30.450369, -97.853444 30.4506, -97.853268 30.450685, -97.85236 30.451132, -97.85219 30.451217, -97.851933 30.451346, -97.850399 30.45196, -97.850268 30.452015, -97.849997 30.452129, -97.849743 30.452238, -97.849718 30.452248, -97.849643 30.452278, -97.849536 30.452324, -97.849319 30.452416, -97.849037 30.452534, -97.84872 30.452667, -97.848561 30.452786, -97.848376 30.452922, -97.848109 30.453122, -97.847617 30.45349, -97.846767 30.45456, -97.846323 30.45626, -97.846298 30.456316, -97.845841 30.457367, -97.845194 30.457844, -97.844644 30.45825, -97.844093 30.458655, -97.84321 30.458907, -97.842184 30.459253, -97.841385 30.459618, -97.841214 30.459732, -97.841085 30.459867, -97.84089 30.459952, -97.840307 30.460211, -97.84 30.460331, -97.839736 30.460435, -97.840492 30.460783, -97.841645 30.461378, -97.841791 30.461472, -97.84251 30.462118, -97.842585 30.462185, -97.842605 30.462212, -97.842527 30.462224, -97.842543 30.462245, -97.842512 30.462255, -97.842235 30.462323, -97.841985 30.4624, -97.840956 30.46271, -97.840049 30.462978, -97.838252 30.463532, -97.836898 30.463994, -97.836302 30.464198, -97.836018 30.464296, -97.833783 30.462876, -97.833047 30.462421, -97.83224 30.461922, -97.832012 30.461871, -97.829815 30.459947, -97.828752 30.459258, -97.826562 30.457517, -97.826292 30.456007, -97.826268 30.455991, -97.826064 30.455854, -97.825881 30.455731, -97.825723 30.455605, -97.825867 30.455473, -97.825992 30.455315, -97.826234 30.455011, -97.828104 30.453295, -97.828384 30.453037, -97.828455 30.452929, -97.828744 30.452492, -97.828781 30.452436, -97.829013 30.45195, -97.829506 30.450919, -97.829679 30.450541, -97.829939 30.449972, -97.830044 30.449751, -97.830166 30.449496, -97.830732 30.448473, -97.830791 30.448332, -97.830868 30.448152, -97.830874 30.448137, -97.830907 30.448071, -97.831016 30.447852, -97.831724 30.446429, -97.83187 30.446146, -97.832199 30.445506, -97.832556 30.444717, -97.832569 30.444702, -97.83313 30.443484, -97.833206 30.443342, -97.833517 30.442705, -97.833638 30.442491, -97.833845 30.442219, -97.8341 30.441902, -97.834518 30.441484, -97.835167 30.440798, -97.835547 30.440384, -97.835761 30.440143, -97.835906 30.439985, -97.835974 30.43991, -97.836243 30.439614, -97.836489 30.439347, -97.836681 30.439137, -97.837235 30.438531, -97.837372 30.438387, -97.837556 30.438192, -97.838228 30.437482, -97.838776 30.436902, -97.838976 30.436692, -97.839031 30.436634, -97.840125 30.435485, -97.840146 30.435463, -97.840253 30.435229, -97.841238 30.43308, -97.841349 30.432836, -97.841367 30.432797, -97.841464 30.432456, -97.841726 30.431538, -97.841888 30.430973, -97.842685 30.428782, -97.843417 30.426534, -97.84407 30.424742, -97.844268 30.42418, -97.845009 30.421938, -97.845282 30.421207, -97.845611 30.420317, -97.845645 30.420226, -97.846092 30.419297, -97.847345 30.416766, -97.848591 30.414292, -97.849617 30.412357, -97.849947 30.411728, -97.850567 30.410566, -97.85101 30.409724, -97.852479 30.406595, -97.853597 30.404553, -97.853683 30.404395, -97.854021 30.403777, -97.854189 30.403896, -97.854731 30.404288, -97.854908 30.404417, -97.855139 30.404548, -97.855182 30.404582, -97.85557 30.404881, -97.856295 30.405294, -97.856692 30.405484, -97.85695 30.405594, -97.857287 30.405735, -97.857524 30.405842, -97.857623 30.405894, -97.857716 30.405944, -97.857889 30.406058, -97.858056 30.406185, -97.858233 30.406331, -97.858516 30.406524, -97.858807 30.406723, -97.859133 30.406929, -97.859651 30.407205, -97.860062 30.407425, -97.860352 30.40756, -97.860763 30.407737, -97.86121 30.407886, -97.861543 30.408027, -97.861954 30.40829, -97.862387 30.408601, -97.862727 30.408892, -97.862954 30.409126, -97.863095 30.409317, -97.863209 30.40953, -97.863315 30.409778, -97.863414 30.410005, -97.863506 30.410253, -97.863634 30.410629, -97.863825 30.411118, -97.863953 30.411415, -97.864066 30.411585, -97.864187 30.411741, -97.864336 30.411883, -97.864506 30.412025, -97.864747 30.412209, -97.865297 30.412538, -97.86558 30.41267, -97.865771 30.412758, -97.865923 30.412842, -97.866086 30.412937, -97.866259 30.413057, -97.866948 30.413708, -97.86745 30.414778, -97.868468 30.416246, -97.868756 30.416623, -97.868836 30.416849, -97.868947 30.417164, -97.868958 30.417196, -97.868964 30.41747, -97.869 30.419095, -97.869405 30.420513, -97.869574 30.420738, -97.869608 30.420782, -97.869713 30.42092, -97.870289 30.42168, -97.871231 30.422729, -97.87131 30.42285, -97.872356 30.424464, -97.872398 30.424633, -97.87256 30.425274, -97.872538 30.42554, -97.872491 30.426205, -97.872444 30.426875, -97.872553 30.427304, -97.872942 30.428466, -97.87333 30.429082, -97.873694 30.42949, -97.873852 30.429741, -97.873922 30.429934, -97.87393 30.430196))",30.3,3525.0,104357.0,159.0,119.0,14596134.813614475,0.00024150229118958763
"POLYGON ((-97.807129 30.219011, -97.806848 30.219484, -97.806817 30.219632, -97.806806 30.219789, -97.806809 30.219948, -97.806817 30.220024, -97.806849 30.220317, -97.806868 30.220563, -97.806863 30.220747, -97.80684 30.220905, -97.806818 30.221018, -97.806738 30.221209, -97.806328 30.221803, -97.806316 30.221821, -97.806257 30.221907, -97.80556 30.222982, -97.804962 30.223935, -97.804789 30.224193, -97.804467 30.224671, -97.80387 30.225608, -97.802997 30.225175, -97.80215 30.224743, -97.801366 30.224354, -97.800655 30.224036, -97.800633 30.224026, -97.79941 30.22341, -97.798657 30.223046, -97.797676 30.222529, -97.796706 30.222078, -97.796043 30.221754, -97.795687 30.221582, -97.794068 30.220758, -97.794487 30.219999, -97.794954 30.219238, -97.795206 30.218846, -97.795436 30.218486, -97.795947 30.217825, -97.796685 30.216695, -97.797351 30.215685, -97.79756 30.215503, -97.797624 30.215453, -97.797782 30.215551, -97.799964 30.216973, -97.800086 30.217062, -97.800224 30.217138, -97.800432 30.217271, -97.801098 30.21769, -97.801713 30.217912, -97.801935 30.217986, -97.802126 30.218042, -97.8032 30.218326, -97.803976 30.218497, -97.804127 30.218528, -97.804267 30.21856, -97.805 30.21872, -97.805083 30.218734, -97.805191 30.21876, -97.805727 30.218868, -97.806397 30.218818, -97.806613 30.218817, -97.806944 30.218966, -97.807058 30.219001, -97.807129 30.219011))",46.3,1487.0,54527.0,48.0,11.0,739105.2771874507,0.0020118920076697944
"POLYGON ((-97.814112 30.215203, -97.813956 30.215377, -97.813569 30.215793, -97.813518 30.215847, -97.813479 30.215884, -97.812941 30.216403, -97.812781 30.21649, -97.812629 30.216545, -97.812474 30.216594, -97.812359 30.216609, -97.812256 30.216615, -97.811653 30.216631, -97.811613 30.216635, -97.811154 30.216775, -97.809329 30.21748, -97.809306 30.217489, -97.808907 30.217654, -97.808888 30.217665, -97.808515 30.217867, -97.808167 30.218085, -97.807655 30.218416, -97.807455 30.218588, -97.807332 30.218721, -97.80721 30.218861, -97.807129 30.219011, -97.807058 30.219001, -97.806944 30.218966, -97.806613 30.218817, -97.806397 30.218818, -97.805727 30.218868, -97.805191 30.21876, -97.805083 30.218734, -97.805 30.21872, -97.804267 30.21856, -97.804127 30.218528, -97.803976 30.218497, -97.8032 30.218326, -97.802126 30.218042, -97.801935 30.217986, -97.801713 30.217912, -97.801098 30.21769, -97.800432 30.217271, -97.800224 30.217138, -97.800086 30.217062, -97.799964 30.216973, -97.797782 30.215551, -97.797624 30.215453, -97.797687 30.215404, -97.797743 30.21536, -97.798727 30.214728, -97.800167 30.214008, -97.800898 30.213665, -97.802025 30.212986, -97.802398 30.212419, -97.803093 30.211365, -97.803619 30.210518, -97.804702 30.208801, -97.807211 30.210014, -97.808558 30.210654, -97.808875 30.211977, -97.808829 30.212653, -97.809244 30.212658, -97.809378 30.212678, -97.810532 30.213215, -97.812719 30.214305, -97.813123 30.214618, -97.81351 30.214918, -97.813856 30.215161, -97.813988 30.215178, -97.814112 30.215203))",37.5,1923.0,130393.0,66.0,41.0,889383.0621493869,0.0021621729509359597
"POLYGON ((-97.806897 30.202987, -97.806655 30.204318, -97.806408 30.205815, -97.806246 30.206342, -97.805863 30.207028, -97.804844 30.208581, -97.804702 30.208801, -97.803619 30.210518, -97.803093 30.211365, -97.802398 30.212419, -97.802025 30.212986, -97.800898 30.213665, -97.800167 30.214008, -97.798727 30.214728, -97.797743 30.21536, -97.797687 30.215404, -97.797624 30.215453, -97.797491 30.215392, -97.795203 30.214314, -97.795109 30.214263, -97.795049 30.214238, -97.794315 30.213851, -97.793808 30.213635, -97.793676 30.213579, -97.793746 30.213477, -97.797255 30.208385, -97.798091 30.207173, -97.798293 30.206881, -97.800247 30.204046, -97.80073 30.203346, -97.801007 30.202947, -97.801122 30.202748, -97.801301 30.202463, -97.801525 30.202178, -97.801889 30.201608, -97.801933 30.201545, -97.801952 30.201518, -97.802078 30.201595, -97.804194 30.20233, -97.80434 30.202368, -97.804487 30.202405, -97.804941 30.202544, -97.805185 30.202629, -97.805572 30.202755, -97.805815 30.202818, -97.805944 30.202855, -97.806244 30.202913, -97.80632 30.202921, -97.80656 30.202932, -97.806906 30.202936, -97.806897 30.202987))",45.8,556.0,92935.0,28.0,12.0,955172.878603957,0.000582093579554549
"POLYGON ((-97.749105 30.251116, -97.748707 30.252164, -97.748653 30.252273, -97.747369 30.255861, -97.747358 30.25589, -97.74731 30.256016, -97.746875 30.257144, -97.744537 30.254671, -97.743956 30.253757, -97.743832 30.253562, -97.742553 30.252626, -97.74216 30.252356, -97.741864 30.252163, -97.741678 30.252066, -97.741566 30.252001, -97.741455 30.251965, -97.741281 30.251852, -97.741174 30.251753, -97.741053 30.251608, -97.740868 30.251348, -97.740732 30.251073, -97.740658 30.25097, -97.740521 30.250777, -97.740962 30.250077, -97.74138 30.249788, -97.741551 30.249698, -97.741775 30.24945, -97.742011 30.248885, -97.742183 30.248896, -97.742347 30.2489, -97.742738 30.24894, -97.743014 30.248969, -97.743851 30.248975, -97.744581 30.249259, -97.745661 30.248192, -97.746188 30.248617, -97.74688 30.248686, -97.747697 30.24889, -97.747832 30.248967, -97.748322 30.249744, -97.74876 30.250157, -97.748888 30.250966, -97.74893 30.251071, -97.749105 30.251116))",33.3,977.0,166071.0,14.0,41.0,435199.53126655094,0.002244947270868284
"POLYGON ((-97.759803 30.23033, -97.759499 30.230816, -97.75934 30.231069, -97.758894 30.23175, -97.75846 30.232462, -97.758129 30.232983, -97.757366 30.234184, -97.756365 30.235508, -97.755644 30.236337, -97.754888 30.237206, -97.753911 30.236621, -97.752923 30.23603, -97.752454 30.235749, -97.754591 30.233124, -97.754291 30.232994, -97.753734 30.232746, -97.752833 30.232324, -97.751888 30.231884, -97.751085 30.231469, -97.749758 30.230873, -97.747633 30.229919, -97.747454 30.229839, -97.747031 30.229643, -97.746445 30.228636, -97.746141 30.228415, -97.745065 30.227899, -97.744814 30.227772, -97.745333 30.226892, -97.745672 30.226307, -97.746996 30.224071, -97.747455 30.223299, -97.747691 30.223491, -97.74856 30.224174, -97.748824 30.224347, -97.74965 30.22471, -97.750679 30.225162, -97.751197 30.22539, -97.753121 30.226287, -97.754069 30.226743, -97.754088 30.226752, -97.754584 30.226988, -97.756358 30.227818, -97.757507 30.228348, -97.758679 30.228888, -97.760208 30.22965, -97.759803 30.23033))",19.6,1784.0,52609.0,1480.0,51.0,936878.163104973,0.001904196372864025
"POLYGON ((-97.856758 30.461256, -97.856304 30.462087, -97.856087 30.462342, -97.855836 30.462546, -97.85552 30.46275, -97.855085 30.462942, -97.854723 30.4631, -97.854486 30.463205, -97.854275 30.463337, -97.854097 30.463501, -97.853827 30.463783, -97.853426 30.464161, -97.852998 30.464547, -97.852824 30.464685, -97.852623 30.464833, -97.852425 30.464952, -97.852139 30.465087, -97.851755 30.46526, -97.851388 30.465431, -97.851117 30.465567, -97.850943 30.465676, -97.850765 30.465817, -97.850594 30.466015, -97.850396 30.466298, -97.850116 30.466699, -97.849817 30.46707, -97.849422 30.467612, -97.84923 30.467877, -97.848347 30.468314, -97.847741 30.468482, -97.846719 30.468659, -97.846054 30.46885, -97.845169 30.469225, -97.845003 30.469295, -97.844752 30.468878, -97.844481 30.468462, -97.844287 30.46815, -97.84416 30.467919, -97.844052 30.467676, -97.843985 30.467502, -97.84397 30.467462, -97.843904 30.467215, -97.843859 30.466963, -97.843842 30.46686, -97.843822 30.466689, -97.84384 30.466383, -97.843826 30.466076, -97.843927 30.466089, -97.84404 30.466094, -97.84418 30.466107, -97.844259 30.466094, -97.844338 30.466067, -97.844423 30.465995, -97.844529 30.465843, -97.844759 30.46558, -97.844865 30.465395, -97.84499 30.465086, -97.845089 30.464737, -97.845141 30.464302, -97.845145 30.463529, -97.845131 30.462811, -97.845151 30.462515, -97.845191 30.462219, -97.845276 30.461962, -97.845454 30.46156, -97.845625 30.461099, -97.845823 30.460585, -97.845952 30.460199, -97.846106 30.45974, -97.846166 30.459519, -97.846189 30.459381, -97.846195 30.459193, -97.846146 30.458759, -97.845928 30.45754, -97.845841 30.457367, -97.846298 30.456316, -97.846323 30.45626, -97.846767 30.45456, -97.847617 30.45349, -97.848109 30.453122, -97.848376 30.452922, -97.848561 30.452786, -97.84872 30.452667, -97.849037 30.452534, -97.849319 30.452416, -97.849536 30.452324, -97.849643 30.452278, -97.849718 30.452248, -97.849743 30.452238, -97.849997 30.452129, -97.850026 30.452177, -97.8501 30.452144, -97.850138 30.452134, -97.850268 30.452124, -97.850323 30.45211, -97.850444 30.452058, -97.850615 30.451976, -97.85065 30.451972, -97.850699 30.451975, -97.850812 30.451968, -97.850853 30.451961, -97.850919 30.451925, -97.851198 30.451844, -97.851375 30.451825, -97.85157 30.451825, -97.851634 30.451815, -97.851612 30.451847, -97.85156 30.451895, -97.851502 30.451967, -97.851488 30.452014, -97.851437 30.452387, -97.851439 30.452409, -97.851471 30.452492, -97.851498 30.452583, -97.851506 30.452647, -97.851483 30.453208, -97.851629 30.45356, -97.851679 30.453568, -97.851748 30.453578, -97.851877 30.453598, -97.851989 30.453643, -97.852096 30.453745, -97.852193 30.453957, -97.852243 30.454051, -97.852517 30.454322, -97.85262 30.454478, -97.852705 30.454637, -97.852834 30.45498, -97.852957 30.455369, -97.852965 30.455486, -97.852926 30.455544, -97.852885 30.455583, -97.852788 30.455657, -97.852792 30.455842, -97.852675 30.456067, -97.85261 30.456202, -97.85251 30.456882, -97.852337 30.457003, -97.85235 30.457163, -97.852476 30.457297, -97.852437 30.457462, -97.852497 30.457692, -97.852718 30.457899, -97.852714 30.458138, -97.852857 30.458246, -97.852878 30.458367, -97.852861 30.458471, -97.852939 30.458497, -97.853108 30.458315, -97.853186 30.458346, -97.853225 30.45851, -97.853312 30.458579, -97.85358 30.458497, -97.853931 30.458484, -97.854096 30.458601, -97.854342 30.459017, -97.85449 30.459147, -97.854672 30.459376, -97.854971 30.45942, -97.855183 30.459545, -97.855395 30.45984, -97.85559 30.460052, -97.85582 30.460169, -97.855906 30.460325, -97.856123 30.460511, -97.856409 30.460901, -97.856487 30.461226, -97.856758 30.461256))",44.1,1965.0,234479.0,63.0,64.0,1256164.6194330323,0.0015642854205580948
"POLYGON ((-97.818738 30.443073, -97.81851 30.443479, -97.817967 30.444433, -97.817622 30.445021, -97.817237 30.445453, -97.816647 30.446184, -97.816429 30.446504, -97.8162 30.446654, -97.815488 30.447498, -97.81511 30.447634, -97.814873 30.447525, -97.814307 30.446826, -97.813582 30.446449, -97.813191 30.44708, -97.812877 30.446972, -97.812823 30.446957, -97.812656 30.446917, -97.812501 30.446897, -97.812358 30.446891, -97.812226 30.446888, -97.812045 30.446894, -97.81193 30.446892, -97.811942 30.447067, -97.811863 30.447018, -97.811686 30.447032, -97.811378 30.447047, -97.811203 30.447064, -97.810883 30.447065, -97.80968 30.44707, -97.809415 30.447087, -97.807261 30.44713, -97.806777 30.447147, -97.805097 30.447153, -97.804016 30.447165, -97.804023 30.446701, -97.804044 30.446557, -97.804073 30.446435, -97.804145 30.446278, -97.804252 30.446113, -97.804474 30.445884, -97.805012 30.445368, -97.805384 30.445017, -97.805633 30.44481, -97.806337 30.444546, -97.806296 30.444395, -97.806283 30.444345, -97.806278 30.444289, -97.806276 30.444223, -97.806282 30.444123, -97.806299 30.443942, -97.806346 30.443535, -97.806347 30.443354, -97.806341 30.443227, -97.806313 30.44311, -97.806242 30.442947, -97.806163 30.442821, -97.806047 30.442669, -97.805927 30.442542, -97.805667 30.442351, -97.80624 30.441684, -97.806468 30.441157, -97.806464 30.440544, -97.806082 30.439607, -97.806082 30.439436, -97.806088 30.439314, -97.80611 30.439113, -97.806134 30.439034, -97.806167 30.43892, -97.806229 30.438752, -97.806438 30.438315, -97.806641 30.437871, -97.806706 30.437708, -97.806744 30.437586, -97.806761 30.437469, -97.806763 30.437279, -97.806742 30.437109, -97.806452 30.435562, -97.806358 30.435044, -97.806186 30.434154, -97.80615 30.433932, -97.806131 30.433766, -97.806126 30.433605, -97.806196 30.433121, -97.806262 30.43283, -97.806278 30.432708, -97.806282 30.432507, -97.806199 30.432236, -97.806105 30.432044, -97.806031 30.431921, -97.805933 30.431746, -97.805857 30.431514, -97.805805 30.431295, -97.806645 30.430961, -97.807068 30.430753, -97.807182 30.430682, -97.807287 30.430611, -97.807467 30.43046, -97.807755 30.430141, -97.807458 30.429944, -97.807279 30.429814, -97.807077 30.429641, -97.805759 30.428214, -97.805501 30.427169, -97.805228 30.426925, -97.804908 30.426897, -97.804263 30.427434, -97.803967 30.427222, -97.803806 30.427133, -97.803644 30.427059, -97.803211 30.426885, -97.803383 30.426619, -97.80349 30.426415, -97.803579 30.42627, -97.803721 30.426098, -97.80476 30.424834, -97.80524 30.424273, -97.80534 30.424155, -97.805399 30.42407, -97.80555 30.423819, -97.805727 30.423483, -97.805975 30.423049, -97.806008 30.422946, -97.806021 30.422851, -97.806012 30.422769, -97.805975 30.42266, -97.805916 30.422571, -97.805791 30.422462, -97.805679 30.42235, -97.80561 30.422255, -97.805554 30.422136, -97.80543 30.42184, -97.805349 30.421748, -97.805257 30.421668, -97.805181 30.421616, -97.804391 30.42126, -97.803953 30.421062, -97.803838 30.421016, -97.803745 30.420997, -97.803607 30.420987, -97.803429 30.421006, -97.8031 30.421092, -97.802981 30.421118, -97.802843 30.421141, -97.802721 30.421138, -97.802606 30.421109, -97.802481 30.421059, -97.802316 30.420944, -97.802105 30.420773, -97.802013 30.420723, -97.801924 30.420684, -97.801779 30.420647, -97.801565 30.420654, -97.801557 30.42046, -97.801581 30.420262, -97.801618 30.419995, -97.801633 30.419678, -97.801219 30.419699, -97.800886 30.419725, -97.800474 30.419785, -97.800326 30.419831, -97.800107 30.4199, -97.799663 30.420082, -97.799439 30.420168, -97.799133 30.420303, -97.798998 30.420382, -97.798882 30.420474, -97.79877 30.420593, -97.798593 30.420777, -97.798398 30.420905, -97.798352 30.420935, -97.798319 30.420955, -97.798243 30.420991, -97.798164 30.421018, -97.798052 30.421037, -97.797777 30.421077, -97.797725 30.421085, -97.797053 30.42118, -97.797006 30.42119, -97.79633 30.421245, -97.795946 30.421257, -97.795652 30.421287, -97.795506 30.421314, -97.795395 30.421342, -97.795257 30.421388, -97.795146 30.42144, -97.795035 30.4215, -97.794906 30.421585, -97.794549 30.421843, -97.794138 30.421398, -97.794031 30.421283, -97.793813 30.42099, -97.79376 30.420839, -97.793707 30.420691, -97.793724 30.420568, -97.793769 30.420243, -97.793793 30.420068, -97.793842 30.420086, -97.793898 30.420092, -97.793911 30.420094, -97.79394 30.420097, -97.793984 30.420098, -97.794027 30.420099, -97.794077 30.420098, -97.794273 30.420093, -97.794329 30.420086, -97.794466 30.42007, -97.795251 30.419954, -97.795466 30.419902, -97.795532 30.419874, -97.795591 30.419859, -97.79565 30.419833, -97.795847 30.419765, -97.796031 30.419712, -97.796298 30.419665, -97.796465 30.419631, -97.796562 30.419606, -97.796641 30.41958, -97.796705 30.41954, -97.796826 30.419456, -97.796939 30.41938, -97.797143 30.419229, -97.79724 30.41917, -97.797336 30.419119, -97.797577 30.419004, -97.797706 30.418966, -97.798349 30.418729, -97.798662 30.418625, -97.798794 30.418576, -97.798909 30.418538, -97.799061 30.418497, -97.799123 30.418486, -97.799179 30.418484, -97.799385 30.418498, -97.799609 30.418505, -97.799672 30.418506, -97.799779 30.418497, -97.799858 30.418483, -97.800049 30.41844, -97.800162 30.418409, -97.800285 30.418373, -97.800603 30.418269, -97.800783 30.418202, -97.800866 30.418176, -97.801462 30.417939, -97.801577 30.417884, -97.801773 30.417815, -97.802054 30.41774, -97.802164 30.417722, -97.802289 30.417709, -97.80234 30.417707, -97.802438 30.417718, -97.802625 30.41774, -97.802961 30.417785, -97.803026 30.417788, -97.803176 30.417786, -97.803341 30.417784, -97.803449 30.417806, -97.803662 30.417894, -97.803729 30.417916, -97.803856 30.417948, -97.803974 30.417987, -97.804055 30.418009, -97.804303 30.41805, -97.804375 30.418084, -97.804406 30.41811, -97.804454 30.418141, -97.80459 30.418196, -97.804814 30.418305, -97.804943 30.418378, -97.805111 30.418473, -97.805188 30.418508, -97.8053 30.418566, -97.805393 30.418622, -97.805479 30.418668, -97.805671 30.418735, -97.805748 30.418767, -97.805821 30.418806, -97.805877 30.418819, -97.805922 30.418804, -97.805989 30.418771, -97.806019 30.418766, -97.806121 30.418773, -97.806189 30.418784, -97.806286 30.418809, -97.806332 30.418815, -97.806367 30.418815, -97.806421 30.418805, -97.806456 30.418799, -97.806511 30.418804, -97.80683 30.41888, -97.807041 30.41892, -97.80713 30.418942, -97.807472 30.419048, -97.807519 30.419059, -97.807724 30.41909, -97.807846 30.419103, -97.807997 30.419106, -97.808071 30.419097, -97.808108 30.419154, -97.808137 30.419279, -97.808137 30.41934, -97.808123 30.419395, -97.808105 30.41943, -97.808064 30.419467, -97.807972 30.419594, -97.807941 30.419662, -97.807916 30.419754, -97.80791 30.419825, -97.80792 30.420078, -97.807934 30.420301, -97.807934 30.420346, -97.807934 30.420395, -97.807926 30.42048, -97.807904 30.420577, -97.80787 30.420665, -97.807806 30.420805, -97.80778 30.420948, -97.807771 30.42103, -97.807774 30.421112, -97.807784 30.42116, -97.807803 30.421195, -97.807831 30.421231, -97.807893 30.421293, -97.808001 30.421363, -97.80807 30.421391, -97.808344 30.421519, -97.808422 30.421555, -97.808498 30.421614, -97.808545 30.421667, -97.808617 30.421733, -97.808696 30.421772, -97.808756 30.421786, -97.808857 30.421794, -97.808972 30.421798, -97.809033 30.421754, -97.809074 30.42173, -97.809101 30.42172, -97.809147 30.421724, -97.809289 30.421847, -97.809293 30.421856, -97.809363 30.422021, -97.809406 30.422111, -97.809449 30.42216, -97.809507 30.4222, -97.809549 30.422221, -97.809637 30.422246, -97.809676 30.42225, -97.809748 30.422248, -97.809832 30.422234, -97.809841 30.422228, -97.809854 30.422228, -97.809984 30.422186, -97.81008 30.422163, -97.810254 30.422133, -97.810348 30.422124, -97.810574 30.422118, -97.810654 30.422128, -97.810787 30.422129, -97.811271 30.422087, -97.811318 30.422086, -97.811435 30.422095, -97.811547 30.422133, -97.811745 30.422239, -97.81176 30.422239, -97.811762 30.422257, -97.811867 30.422284, -97.812105 30.422349, -97.812164 30.422371, -97.81226 30.422421, -97.812366 30.422488, -97.812442 30.422528, -97.812514 30.422559, -97.812644 30.422606, -97.812954 30.422687, -97.81346 30.422856, -97.813576 30.422904, -97.81366 30.422945, -97.813839 30.423126, -97.813883 30.423201, -97.813947 30.423325, -97.813961 30.423371, -97.813965 30.423413, -97.813958 30.42345, -97.813938 30.423497, -97.813952 30.423577, -97.813985 30.423649, -97.814056 30.42377, -97.814108 30.423841, -97.814239 30.424044, -97.814397 30.424253, -97.814464 30.42433, -97.814624 30.424498, -97.814678 30.424577, -97.814715 30.424657, -97.814725 30.424727, -97.814719 30.424854, -97.814722 30.424902, -97.814716 30.425014, -97.814715 30.425039, -97.814689 30.42526, -97.814658 30.425398, -97.81458 30.425623, -97.814532 30.425717, -97.814492 30.425781, -97.814439 30.425849, -97.814346 30.425993, -97.814251 30.426164, -97.814226 30.426218, -97.814201 30.426292, -97.81417 30.426411, -97.814065 30.426641, -97.814046 30.426728, -97.814052 30.426824, -97.814077 30.426917, -97.814117 30.426992, -97.814146 30.427026, -97.814191 30.427054, -97.814357 30.427144, -97.814446 30.427203, -97.814527 30.427244, -97.814666 30.427307, -97.814724 30.427349, -97.814779 30.42742, -97.8148 30.427471, -97.814837 30.427618, -97.8149 30.427729, -97.814962 30.427876, -97.814973 30.427894, -97.815039 30.428111, -97.815051 30.428186, -97.815055 30.428268, -97.815048 30.428298, -97.815026 30.428339, -97.814981 30.428393, -97.814964 30.428404, -97.814895 30.428431, -97.81474 30.428475, -97.814642 30.428525, -97.814589 30.42857, -97.814565 30.428606, -97.814547 30.428643, -97.814525 30.42872, -97.814524 30.428748, -97.814533 30.428801, -97.814601 30.429019, -97.814619 30.429092, -97.814622 30.429145, -97.814605 30.429288, -97.814605 30.429356, -97.814619 30.429422, -97.814619 30.429501, -97.814663 30.42958, -97.814703 30.429628, -97.814742 30.42966, -97.815032 30.429768, -97.815101 30.429789, -97.815246 30.429822, -97.815358 30.429853, -97.81546 30.429894, -97.815615 30.429972, -97.815765 30.430072, -97.815843 30.430146, -97.815904 30.430239, -97.815936 30.430336, -97.815945 30.430401, -97.815927 30.430517, -97.815899 30.430629, -97.815844 30.430797, -97.815826 30.430874, -97.815808 30.431015, -97.815783 30.431092, -97.815759 30.431132, -97.815728 30.43116, -97.815676 30.431186, -97.815583 30.431192, -97.815397 30.431159, -97.815343 30.431157, -97.81524 30.431175, -97.815093 30.431213, -97.814977 30.431258, -97.814866 30.431316, -97.814811 30.431353, -97.814702 30.431445, -97.814623 30.431543, -97.814576 30.431617, -97.814473 30.431843, -97.814386 30.431958, -97.814279 30.432059, -97.814192 30.432155, -97.814155 30.432223, -97.814118 30.432304, -97.814105 30.432363, -97.814099 30.432449, -97.814104 30.432509, -97.814171 30.432655, -97.814225 30.432755, -97.814366 30.432989, -97.814449 30.433175, -97.814463 30.433217, -97.814496 30.433355, -97.814485 30.433443, -97.814455 30.433522, -97.814344 30.433684, -97.814153 30.434082, -97.814128 30.434155, -97.814069 30.434358, -97.814049 30.43441, -97.813999 30.434575, -97.813986 30.43464, -97.81398 30.43467, -97.813974 30.434828, -97.813958 30.435016, -97.813955 30.435251, -97.813993 30.435757, -97.814055 30.436271, -97.814074 30.436499, -97.814093 30.436654, -97.814126 30.436834, -97.814148 30.436911, -97.81419 30.437017, -97.814251 30.437113, -97.814287 30.437185, -97.814389 30.437451, -97.814442 30.437555, -97.814575 30.437797, -97.814749 30.438104, -97.814814 30.438212, -97.814881 30.438347, -97.814992 30.43855, -97.815064 30.438712, -97.815108 30.438778, -97.815267 30.43896, -97.815366 30.439061, -97.815494 30.439241, -97.81565 30.43938, -97.815721 30.439458, -97.815758 30.439487, -97.81581 30.439529, -97.815847 30.439552, -97.815881 30.439582, -97.816205 30.439961, -97.816276 30.440031, -97.816393 30.440121, -97.816446 30.440154, -97.816493 30.440176, -97.81659 30.440204, -97.816716 30.440247, -97.816813 30.44029, -97.816925 30.440347, -97.817096 30.440409, -97.817192 30.44046, -97.817384 30.4406, -97.817506 30.440683, -97.817561 30.440725, -97.817634 30.440806, -97.817712 30.440957, -97.817802 30.441077, -97.817856 30.441163, -97.817907 30.441279, -97.818002 30.441516, -97.818035 30.441615, -97.818103 30.441854, -97.818214 30.442167, -97.818252 30.44225, -97.818308 30.44233, -97.81836 30.442396, -97.818434 30.442473, -97.81848 30.442515, -97.818637 30.44264, -97.818695 30.442676, -97.818782 30.442712, -97.818738 30.443073))",43.2,2475.0,205319.0,50.0,50.0,2892074.5488991477,0.0008557870684703114
"POLYGON ((-97.881504 30.33644, -97.881479 30.336504, -97.881468 30.336522, -97.881385 30.336636, -97.881283 30.336752, -97.881129 30.336892, -97.881092 30.33692, -97.881008 30.336972, -97.880953 30.337014, -97.880895 30.337078, -97.880843 30.337159, -97.880815 30.337217, -97.880798 30.337273, -97.880788 30.337368, -97.880794 30.337467, -97.880806 30.337546, -97.880832 30.337618, -97.880859 30.337655, -97.881014 30.337798, -97.881178 30.33793, -97.881203 30.337963, -97.881214 30.338007, -97.881211 30.338055, -97.881194 30.338099, -97.881053 30.338295, -97.88095 30.338458, -97.880918 30.338528, -97.880905 30.338572, -97.880888 30.33863, -97.880873 30.338708, -97.880844 30.338958, -97.880844 30.339084, -97.880862 30.339126, -97.880885 30.339179, -97.88089 30.339212, -97.88088 30.339268, -97.880823 30.339405, -97.880809 30.33947, -97.880804 30.339705, -97.880806 30.339935, -97.880803 30.34003, -97.880795 30.340128, -97.880861 30.340174, -97.880787 30.34017, -97.880737 30.340462, -97.880763 30.340778, -97.880477 30.341412, -97.880457 30.341713, -97.88039 30.342057, -97.880267 30.342162, -97.879789 30.3425, -97.878944 30.342967, -97.878971 30.343017, -97.879011 30.343099, -97.879038 30.343135, -97.87911 30.343209, -97.879136 30.343253, -97.879159 30.343326, -97.879179 30.343445, -97.87918 30.343601, -97.879173 30.343709, -97.879164 30.343766, -97.879142 30.3439, -97.879054 30.34445, -97.879873 30.344205, -97.880281 30.344083, -97.880377 30.344054, -97.87987 30.344291, -97.874417 30.346169, -97.873595 30.346654, -97.871374 30.348204, -97.8664 30.351633, -97.864776 30.35265, -97.863153 30.353668, -97.862619 30.354003, -97.862223 30.354251, -97.86197 30.354274, -97.857186 30.354703, -97.856347 30.354296, -97.853767 30.35303, -97.853788 30.352736, -97.853824 30.352662, -97.85381 30.352558, -97.853937 30.352461, -97.854039 30.352521, -97.854102 30.352521, -97.854173 30.352453, -97.854269 30.352445, -97.854478 30.35254, -97.854538 30.352589, -97.854816 30.352588, -97.855088 30.35249, -97.855121 30.352437, -97.855434 30.352606, -97.855585 30.352648, -97.85593 30.352748, -97.856155 30.352079, -97.856175 30.352015, -97.856207 30.351976, -97.856253 30.351934, -97.856303 30.351899, -97.856478 30.351835, -97.856644 30.351778, -97.85676 30.351722, -97.856822 30.351667, -97.856897 30.351581, -97.85699 30.351469, -97.857149 30.351285, -97.857338 30.351041, -97.857528 30.350799, -97.857647 30.35066, -97.857697 30.350607, -97.857782 30.350534, -97.857839 30.350486, -97.857892 30.350452, -97.857979 30.350413, -97.858057 30.350409, -97.858113 30.350412, -97.858124 30.350413, -97.858171 30.350425, -97.858442 30.350568, -97.858719 30.350181, -97.85888 30.349755, -97.859055 30.349263, -97.859369 30.34833, -97.859458 30.34815, -97.859518 30.348086, -97.85961 30.348008, -97.85978 30.347916, -97.860016 30.347867, -97.86046 30.34767, -97.860767 30.347376, -97.860891 30.347222, -97.861039 30.347035, -97.8612 30.34683, -97.861265 30.346713, -97.861384 30.346466, -97.861795 30.345604, -97.862136 30.344909, -97.862205 30.344793, -97.862276 30.344641, -97.862357 30.344407, -97.862406 30.344152, -97.862417 30.344029, -97.862399 30.343913, -97.862357 30.343715, -97.862243 30.343475, -97.862057 30.343167, -97.861799 30.342842, -97.861678 30.342735, -97.861167 30.342247, -97.861417 30.34185, -97.861494 30.341747, -97.861601 30.341658, -97.861687 30.341602, -97.861783 30.341571, -97.861949 30.341536, -97.862484 30.341463, -97.86264 30.34142, -97.862816 30.341341, -97.862952 30.341244, -97.863025 30.341188, -97.863084 30.341109, -97.863146 30.341009, -97.863199 30.340894, -97.863208 30.34082, -97.863415 30.34037, -97.863531 30.33993, -97.863935 30.339354, -97.864826 30.338046, -97.864917 30.337531, -97.865194 30.336639, -97.865542 30.335895, -97.866057 30.335086, -97.866674 30.334358, -97.867217 30.33359, -97.867619 30.333078, -97.867808 30.332916, -97.867986 30.332774, -97.868323 30.33246, -97.868477 30.332316, -97.868647 30.332074, -97.86934 30.331282, -97.871099 30.333983, -97.872773 30.336514, -97.872995 30.336275, -97.873989 30.336646, -97.874904 30.337112, -97.874997 30.337001, -97.875074 30.336873, -97.875217 30.336659, -97.875629 30.336865, -97.875738 30.336938, -97.8762 30.337324, -97.876309 30.3374, -97.876414 30.337457, -97.876904 30.337695, -97.877034 30.337741, -97.877196 30.337775, -97.87728 30.337782, -97.877434 30.337782, -97.877517 30.337773, -97.877666 30.337742, -97.877758 30.337711, -97.877899 30.337648, -97.877986 30.337595, -97.878089 30.337514, -97.878195 30.337401, -97.878247 30.33733, -97.879152 30.335925, -97.879532 30.334773, -97.879831 30.334871, -97.879929 30.334909, -97.879976 30.334934, -97.880044 30.33499, -97.880114 30.335073, -97.88027 30.335289, -97.88035 30.335383, -97.880406 30.335427, -97.880481 30.335468, -97.880573 30.335506, -97.880727 30.335548, -97.880837 30.335604, -97.881138 30.33578, -97.881204 30.335803, -97.881324 30.335823, -97.881332 30.336004, -97.881352 30.336087, -97.881388 30.336149, -97.881448 30.336234, -97.881474 30.336286, -97.881498 30.336347, -97.881507 30.336401, -97.881504 30.33644))",49.9,2051.0,131563.0,53.0,0.0,2845285.6563886106,0.0007208415068605939
"POLYGON ((-97.841238 30.43308, -97.840253 30.435229, -97.840146 30.435463, -97.840125 30.435485, -97.839031 30.436634, -97.838976 30.436692, -97.838776 30.436902, -97.838228 30.437482, -97.837556 30.438192, -97.837372 30.438387, -97.837235 30.438531, -97.836681 30.439137, -97.836489 30.439347, -97.836243 30.439614, -97.835974 30.43991, -97.835906 30.439985, -97.835761 30.440143, -97.835547 30.440384, -97.835167 30.440798, -97.834518 30.441484, -97.8341 30.441902, -97.833845 30.442219, -97.833638 30.442491, -97.833517 30.442705, -97.833206 30.443342, -97.83313 30.443484, -97.832569 30.444702, -97.832556 30.444717, -97.832199 30.445506, -97.83187 30.446146, -97.831724 30.446429, -97.831016 30.447852, -97.830907 30.448071, -97.830874 30.448137, -97.830868 30.448152, -97.830791 30.448332, -97.830732 30.448473, -97.830166 30.449496, -97.830044 30.449751, -97.829939 30.449972, -97.829679 30.450541, -97.829506 30.450919, -97.829013 30.45195, -97.828781 30.452436, -97.828744 30.452492, -97.828455 30.452929, -97.828384 30.453037, -97.828104 30.453295, -97.826234 30.455011, -97.825992 30.455315, -97.825867 30.455473, -97.825723 30.455605, -97.825228 30.455212, -97.823981 30.454287, -97.823235 30.453591, -97.823069 30.453436, -97.821982 30.452414, -97.821398 30.451844, -97.823675 30.44844, -97.823724 30.448301, -97.823841 30.447974, -97.823894 30.447825, -97.823589 30.447649, -97.823724 30.447392, -97.823393 30.447205, -97.823456 30.447107, -97.823507 30.447031, -97.823696 30.446759, -97.823721 30.446722, -97.823744 30.446688, -97.823801 30.446608, -97.823894 30.446471, -97.824055 30.446237, -97.824118 30.446146, -97.824217 30.446002, -97.824265 30.445932, -97.824394 30.445719, -97.824431 30.445656, -97.824523 30.445505, -97.824688 30.445273, -97.824822 30.445087, -97.824875 30.445017, -97.824984 30.444876, -97.825018 30.44482, -97.82505 30.444768, -97.825113 30.444667, -97.82517 30.444575, -97.825187 30.444547, -97.825365 30.44425, -97.825385 30.444217, -97.825418 30.444161, -97.82543 30.444142, -97.825465 30.444084, -97.825487 30.444047, -97.825946 30.443319, -97.825989 30.443252, -97.826023 30.443199, -97.82618 30.442956, -97.826452 30.442537, -97.826538 30.442404, -97.826669 30.4422, -97.826755 30.442236, -97.827488 30.441021, -97.827571 30.440889, -97.829642 30.437674, -97.830274 30.436678, -97.830025 30.436511, -97.829921 30.436407, -97.829852 30.436324, -97.829768 30.436196, -97.829706 30.436082, -97.829368 30.435153, -97.829275 30.434948, -97.829066 30.434554, -97.828825 30.434073, -97.829673 30.433751, -97.830228 30.433543, -97.830242 30.433529, -97.830318 30.433498, -97.830459 30.433421, -97.830563 30.433351, -97.830684 30.433254, -97.830703 30.433236, -97.83081 30.433133, -97.831117 30.432742, -97.831594 30.432199, -97.832164 30.431586, -97.832339 30.431425, -97.832487 30.431313, -97.832635 30.431224, -97.832836 30.431124, -97.833049 30.431001, -97.83313 30.430956, -97.833571 30.430849, -97.83367 30.43084, -97.833757 30.431512, -97.833765 30.431701, -97.833725 30.432131, -97.836475 30.432532, -97.836717 30.432559, -97.837387 30.432633, -97.840853 30.433019, -97.841238 30.43308))",32.8,2015.0,62126.0,16.0,0.0,1881162.7071313506,0.001071146048324944
"POLYGON ((-97.799969 30.441816, -97.799642 30.442194, -97.799555 30.442248, -97.79871 30.442501, -97.798474 30.442532, -97.798087 30.442667, -97.797751 30.44287, -97.797526 30.442997, -97.797168 30.443199, -97.797185 30.443584, -97.797073 30.443895, -97.796801 30.444091, -97.796615 30.444145, -97.794586 30.444787, -97.79448 30.444821, -97.794409 30.444843, -97.79413 30.444712, -97.792891 30.444599, -97.792662 30.444587, -97.790812 30.444394, -97.790184 30.444316, -97.789914 30.444286, -97.789417 30.444232, -97.788777 30.44419, -97.787788 30.443213, -97.787078 30.442524, -97.786908 30.442341, -97.785341 30.440655, -97.783788 30.439902, -97.781686 30.439501, -97.781663 30.439491, -97.780086 30.438801, -97.779967 30.438733, -97.779989 30.438708, -97.780472 30.438451, -97.780986 30.438244, -97.780747 30.437711, -97.780738 30.437285, -97.780963 30.43691, -97.781432 30.436776, -97.781958 30.436894, -97.78231 30.436469, -97.78358 30.436037, -97.784598 30.436074, -97.785199 30.436034, -97.787347 30.435315, -97.787726 30.435311, -97.788225 30.435019, -97.788909 30.434837, -97.789416 30.434718, -97.789986 30.4348, -97.790293 30.435035, -97.790375 30.435333, -97.790671 30.43601, -97.790799 30.436164, -97.791033 30.436333, -97.791269 30.436425, -97.791524 30.436423, -97.791968 30.436278, -97.792413 30.436182, -97.792658 30.436228, -97.792802 30.436314, -97.792983 30.436482, -97.793475 30.436938, -97.793701 30.437051, -97.79434 30.43737, -97.794757 30.437249, -97.795552 30.437237, -97.795923 30.437401, -97.797105 30.438022, -97.797306 30.438268, -97.797528 30.438638, -97.798188 30.438464, -97.798566 30.438364, -97.798891 30.439083, -97.799077 30.440011, -97.799385 30.440803, -97.799669 30.441439, -97.799746 30.441583, -97.799809 30.441667, -97.799969 30.441816))",38.1,1560.0,178026.0,43.0,29.0,1231353.8132786553,0.0012668982571680818
"POLYGON ((-97.806761 30.437469, -97.806744 30.437586, -97.806706 30.437708, -97.806641 30.437871, -97.806438 30.438315, -97.806229 30.438752, -97.806167 30.43892, -97.806134 30.439034, -97.80611 30.439113, -97.806088 30.439314, -97.806082 30.439436, -97.806082 30.439607, -97.806464 30.440544, -97.806468 30.441157, -97.80624 30.441684, -97.805667 30.442351, -97.805927 30.442542, -97.806047 30.442669, -97.806163 30.442821, -97.806242 30.442947, -97.806313 30.44311, -97.806341 30.443227, -97.806347 30.443354, -97.806346 30.443535, -97.806299 30.443942, -97.806282 30.444123, -97.806276 30.444223, -97.806278 30.444289, -97.806283 30.444345, -97.806296 30.444395, -97.806337 30.444546, -97.805633 30.44481, -97.805384 30.445017, -97.805012 30.445368, -97.804474 30.445884, -97.804252 30.446113, -97.804145 30.446278, -97.804073 30.446435, -97.804044 30.446557, -97.804023 30.446701, -97.804016 30.447165, -97.802247 30.447168, -97.801256 30.447171, -97.800291 30.44715, -97.799725 30.447138, -97.797748 30.446209, -97.797609 30.44616, -97.794812 30.445035, -97.794409 30.444843, -97.79448 30.444821, -97.794586 30.444787, -97.796615 30.444145, -97.796801 30.444091, -97.797073 30.443895, -97.797185 30.443584, -97.797168 30.443199, -97.797526 30.442997, -97.797751 30.44287, -97.798087 30.442667, -97.798474 30.442532, -97.79871 30.442501, -97.799555 30.442248, -97.799642 30.442194, -97.799969 30.441816, -97.799809 30.441667, -97.799746 30.441583, -97.799669 30.441439, -97.799385 30.440803, -97.799077 30.440011, -97.798891 30.439083, -97.798566 30.438364, -97.79853 30.438011, -97.798544 30.437967, -97.798594 30.437806, -97.799067 30.436982, -97.799616 30.436402, -97.800141 30.435958, -97.800223 30.435556, -97.800124 30.434814, -97.800122 30.43439, -97.800126 30.434189, -97.800155 30.434025, -97.800216 30.433845, -97.80031 30.433673, -97.800581 30.433239, -97.800687 30.433042, -97.800761 30.432846, -97.80081 30.432649, -97.800851 30.432231, -97.800876 30.432067, -97.800933 30.43194, -97.801862 30.431391, -97.802529 30.430833, -97.802604 30.430773, -97.802664 30.430735, -97.802744 30.430696, -97.802817 30.430671, -97.802893 30.430648, -97.80296 30.430638, -97.803029 30.430636, -97.803122 30.430643, -97.803214 30.43066, -97.803324 30.430689, -97.803512 30.430755, -97.803896 30.430889, -97.805133 30.431263, -97.805805 30.431295, -97.805857 30.431514, -97.805933 30.431746, -97.806031 30.431921, -97.806105 30.432044, -97.806199 30.432236, -97.806282 30.432507, -97.806278 30.432708, -97.806262 30.43283, -97.806196 30.433121, -97.806126 30.433605, -97.806131 30.433766, -97.80615 30.433932, -97.806186 30.434154, -97.806358 30.435044, -97.806452 30.435562, -97.806742 30.437109, -97.806763 30.437279, -97.806761 30.437469))",45.8,1390.0,204167.0,14.0,16.0,1210832.5738831845,0.0011479704378469264
"POLYGON ((-97.773563 30.430743, -97.772973 30.430947, -97.772683 30.431052, -97.771719 30.431389, -97.771618 30.43144, -97.76952 30.43228, -97.769502 30.432287, -97.769198 30.432409, -97.768906 30.432464, -97.768478 30.432538, -97.767986 30.432571, -97.767239 30.432468, -97.766926 30.432425, -97.766773 30.432422, -97.766722 30.432421, -97.76651 30.432417, -97.76612 30.432412, -97.766056 30.432411, -97.765942 30.43241, -97.765865 30.432409, -97.765707 30.432408, -97.765609 30.432407, -97.762461 30.43091, -97.761716 30.430546, -97.759449 30.429426, -97.759178 30.429292, -97.759262 30.429166, -97.759343 30.429049, -97.75946 30.428884, -97.759531 30.428803, -97.759591 30.42871, -97.75968 30.42847, -97.759722 30.428339, -97.759781 30.428175, -97.759852 30.428003, -97.759999 30.427699, -97.760068 30.427556, -97.760112 30.427486, -97.76027 30.427234, -97.760429 30.426983, -97.760909 30.426239, -97.761403 30.425476, -97.761868 30.424685, -97.762326 30.423955, -97.762759 30.423163, -97.762776 30.422904, -97.762773 30.422709, -97.762723 30.422439, -97.762696 30.422336, -97.762677 30.42221, -97.762674 30.422066, -97.762693 30.421902, -97.762754 30.421723, -97.763191 30.421004, -97.763428 30.421131, -97.763531 30.421155, -97.763651 30.421167, -97.763761 30.421155, -97.763923 30.421123, -97.764029 30.4211, -97.764115 30.421093, -97.764239 30.421093, -97.764316 30.421113, -97.765178 30.42151, -97.765383 30.421615, -97.765465 30.421676, -97.765565 30.421784, -97.765607 30.421847, -97.765676 30.42191, -97.76576 30.421966, -97.765915 30.422057, -97.766807 30.422489, -97.767646 30.42289, -97.767886 30.423046, -97.768038 30.423191, -97.768179 30.423385, -97.768267 30.423576, -97.768419 30.423915, -97.768781 30.424791, -97.769112 30.42562, -97.769775 30.427201, -97.770133 30.428014, -97.770341 30.428559, -97.770392 30.428667, -97.770493 30.428838, -97.770636 30.42899, -97.770735 30.429061, -97.770872 30.429135, -97.771024 30.429186, -97.771158 30.429218, -97.771285 30.429229, -97.771544 30.429233, -97.772106 30.429209, -97.772308 30.42924, -97.772401 30.429268, -97.772531 30.42932, -97.772689 30.429413, -97.77327 30.429921, -97.772876 30.430244, -97.773458 30.430654, -97.773563 30.430743))",34.5,2100.0,98750.0,73.0,19.0,952544.1492670155,0.0022046222231441493
"POLYGON ((-97.807467 30.43046, -97.807287 30.430611, -97.807182 30.430682, -97.807068 30.430753, -97.806645 30.430961, -97.805805 30.431295, -97.805133 30.431263, -97.803896 30.430889, -97.803512 30.430755, -97.803324 30.430689, -97.803214 30.43066, -97.803122 30.430643, -97.803029 30.430636, -97.80296 30.430638, -97.802893 30.430648, -97.802817 30.430671, -97.802744 30.430696, -97.802664 30.430735, -97.802604 30.430773, -97.802529 30.430833, -97.801862 30.431391, -97.800933 30.43194, -97.800876 30.432067, -97.800851 30.432231, -97.80081 30.432649, -97.800761 30.432846, -97.800687 30.433042, -97.800581 30.433239, -97.80031 30.433673, -97.800216 30.433845, -97.800155 30.434025, -97.800126 30.434189, -97.800122 30.43439, -97.800124 30.434814, -97.799936 30.434816, -97.799847 30.434803, -97.799732 30.434773, -97.799551 30.434706, -97.799383 30.434645, -97.799228 30.434608, -97.79908 30.434605, -97.798843 30.434646, -97.798731 30.434671, -97.798639 30.434691, -97.798523 30.434704, -97.798392 30.434704, -97.798263 30.434681, -97.798125 30.434635, -97.797666 30.434389, -97.796898 30.433931, -97.796128 30.433577, -97.794634 30.432958, -97.794258 30.432819, -97.794087 30.43276, -97.793968 30.432737, -97.793695 30.432709, -97.79374 30.432567, -97.793805 30.432423, -97.794135 30.431849, -97.794602 30.431157, -97.79507 30.430479, -97.795121 30.430345, -97.795272 30.430148, -97.795514 30.429797, -97.795977 30.42906, -97.796491 30.428298, -97.796649 30.428001, -97.796648 30.427297, -97.796577 30.426506, -97.796448 30.425614, -97.79633 30.424814, -97.79629 30.424559, -97.796272 30.424478, -97.796251 30.424406, -97.796198 30.424289, -97.796127 30.424194, -97.796088 30.42414, -97.796017 30.424062, -97.795589 30.42366, -97.795345 30.423402, -97.795154 30.423241, -97.795009 30.423139, -97.794861 30.423053, -97.79466 30.422968, -97.794245 30.422813, -97.793942 30.422711, -97.79378 30.422632, -97.793613 30.422528, -97.794549 30.421843, -97.794906 30.421585, -97.795035 30.4215, -97.795146 30.42144, -97.795257 30.421388, -97.795395 30.421342, -97.795506 30.421314, -97.795652 30.421287, -97.795946 30.421257, -97.79633 30.421245, -97.797006 30.42119, -97.797053 30.42118, -97.797725 30.421085, -97.797777 30.421077, -97.798052 30.421037, -97.798164 30.421018, -97.798243 30.420991, -97.798319 30.420955, -97.798352 30.420935, -97.798398 30.420905, -97.798593 30.420777, -97.79877 30.420593, -97.798882 30.420474, -97.798998 30.420382, -97.799133 30.420303, -97.799439 30.420168, -97.799663 30.420082, -97.800107 30.4199, -97.800326 30.419831, -97.800474 30.419785, -97.800886 30.419725, -97.801219 30.419699, -97.801633 30.419678, -97.801618 30.419995, -97.801581 30.420262, -97.801557 30.42046, -97.801565 30.420654, -97.801779 30.420647, -97.801924 30.420684, -97.802013 30.420723, -97.802105 30.420773, -97.802316 30.420944, -97.802481 30.421059, -97.802606 30.421109, -97.802721 30.421138, -97.802843 30.421141, -97.802981 30.421118, -97.8031 30.421092, -97.803429 30.421006, -97.803607 30.420987, -97.803745 30.420997, -97.803838 30.421016, -97.803953 30.421062, -97.804391 30.42126, -97.805181 30.421616, -97.805257 30.421668, -97.805349 30.421748, -97.80543 30.42184, -97.805554 30.422136, -97.80561 30.422255, -97.805679 30.42235, -97.805791 30.422462, -97.805916 30.422571, -97.805975 30.42266, -97.806012 30.422769, -97.806021 30.422851, -97.806008 30.422946, -97.805975 30.423049, -97.805727 30.423483, -97.80555 30.423819, -97.805399 30.42407, -97.80534 30.424155, -97.80524 30.424273, -97.80476 30.424834, -97.803721 30.426098, -97.803579 30.42627, -97.80349 30.426415, -97.803383 30.426619, -97.803211 30.426885, -97.803644 30.427059, -97.803806 30.427133, -97.803967 30.427222, -97.804263 30.427434, -97.804908 30.426897, -97.805228 30.426925, -97.805501 30.427169, -97.805759 30.428214, -97.807077 30.429641, -97.807279 30.429814, -97.807458 30.429944, -97.807755 30.430141, -97.807467 30.43046))",50.0,1497.0,191250.0,24.0,21.0,1280647.7693833185,0.001168939684891548
"POLYGON ((-97.85304 30.37984, -97.85285 30.380219, -97.852636 30.380636, -97.85239 30.380983, -97.851761 30.381743, -97.851537 30.381998, -97.851421 30.382133, -97.851339 30.382232, -97.85129 30.382327, -97.851191 30.382528, -97.851156 30.382624, -97.851107 30.382815, -97.851058 30.383141, -97.850889 30.384257, -97.85086 30.384449, -97.85081 30.385947, -97.850804 30.386165, -97.850772 30.386295, -97.850731 30.38641, -97.850671 30.386608, -97.8505 30.387051, -97.850373 30.3874, -97.850269 30.387649, -97.850189 30.387776, -97.850112 30.387856, -97.849968 30.388048, -97.849806 30.388213, -97.848916 30.388904, -97.848576 30.389201, -97.848463 30.3893, -97.848389 30.389439, -97.848321 30.389568, -97.848301 30.389669, -97.848164 30.390229, -97.848014 30.390887, -97.847968 30.391025, -97.847915 30.391159, -97.847823 30.391301, -97.847756 30.391421, -97.847657 30.391552, -97.847485 30.391721, -97.847026 30.392218, -97.846647 30.392559, -97.846081 30.393009, -97.846062 30.39306, -97.846044 30.393107, -97.846014 30.39341, -97.84599 30.393515, -97.845982 30.393649, -97.845957 30.393748, -97.845919 30.393861, -97.845883 30.393953, -97.84582 30.394059, -97.845562 30.394373, -97.845468 30.394537, -97.84472 30.393961, -97.844422 30.393782, -97.844391 30.393763, -97.844257 30.393697, -97.84382 30.393527, -97.841825 30.392932, -97.840706 30.392607, -97.840421 30.392519, -97.839883 30.392341, -97.839375 30.39224, -97.83904 30.392208, -97.838759 30.392182, -97.838323 30.392165, -97.835189 30.392085, -97.833552 30.392122, -97.832536 30.392146, -97.83194 30.392069, -97.831151 30.391896, -97.830936 30.39181, -97.830158 30.391503, -97.829543 30.39116, -97.829213 30.390975, -97.828927 30.390803, -97.827313 30.389824, -97.826393 30.389172, -97.822556 30.386449, -97.821386 30.385623, -97.819954 30.384617, -97.820112 30.38445, -97.820148 30.384413, -97.819826 30.384177, -97.819714 30.384081, -97.819683 30.384049, -97.819654 30.383994, -97.819631 30.383926, -97.819629 30.38386, -97.819635 30.383796, -97.819651 30.383748, -97.819676 30.38372, -97.819704 30.383701, -97.819741 30.383691, -97.819871 30.383671, -97.819906 30.383655, -97.81992 30.38364, -97.819932 30.383607, -97.819932 30.383553, -97.81992 30.383505, -97.819885 30.383451, -97.819703 30.383258, -97.819656 30.383196, -97.81959 30.383125, -97.819517 30.383074, -97.819308 30.382959, -97.819223 30.382912, -97.819059 30.382826, -97.818985 30.382772, -97.8189 30.382684, -97.818745 30.382546, -97.818683 30.382486, -97.818633 30.382448, -97.818577 30.382416, -97.818526 30.382393, -97.81862 30.382371, -97.818655 30.382351, -97.818751 30.382244, -97.818808 30.38219, -97.81886 30.382158, -97.819011 30.382092, -97.819066 30.382075, -97.819123 30.382061, -97.819183 30.382047, -97.819518 30.38198, -97.819756 30.381908, -97.819883 30.381877, -97.820263 30.381767, -97.820446 30.381737, -97.820528 30.381711, -97.820581 30.381678, -97.820654 30.381619, -97.820711 30.381561, -97.820754 30.381489, -97.820793 30.381397, -97.820833 30.381336, -97.820899 30.381259, -97.820965 30.38121, -97.82103 30.381169, -97.821164 30.381102, -97.821363 30.381055, -97.821785 30.380881, -97.821973 30.380788, -97.822069 30.380756, -97.822221 30.380697, -97.822424 30.380607, -97.822575 30.380514, -97.822681 30.380438, -97.822741 30.380386, -97.822792 30.380331, -97.822835 30.380294, -97.82307 30.380128, -97.823193 30.380029, -97.823308 30.379971, -97.823449 30.379893, -97.823558 30.379823, -97.823663 30.379777, -97.823645 30.378605, -97.823673 30.378448, -97.823701 30.378294, -97.82371 30.378122, -97.823707 30.378014, -97.823694 30.377904, -97.823518 30.376995, -97.823861 30.37696, -97.823986 30.376948, -97.824088 30.376949, -97.824217 30.376947, -97.824339 30.37695, -97.824461 30.376951, -97.824585 30.376965, -97.824703 30.376981, -97.824985 30.377047, -97.825019 30.376945, -97.825148 30.376578, -97.825189 30.376456, -97.82521 30.376364, -97.825219 30.376284, -97.825209 30.37615, -97.825151 30.375626, -97.825088 30.375098, -97.825032 30.37482, -97.825 30.374697, -97.824945 30.374536, -97.824851 30.374332, -97.824753 30.374149, -97.824606 30.373934, -97.824491 30.3738, -97.824342 30.37364, -97.824199 30.373511, -97.824025 30.37338, -97.823761 30.373205, -97.822657 30.372685, -97.822298 30.372519, -97.822092 30.372425, -97.821915 30.372344, -97.821768 30.372269, -97.821593 30.372177, -97.821449 30.372081, -97.821333 30.372001, -97.821245 30.37193, -97.821155 30.37185, -97.821072 30.371767, -97.821018 30.371693, -97.820966 30.371593, -97.820928 30.371499, -97.820899 30.371376, -97.820834 30.370858, -97.821133 30.370804, -97.82139 30.37073, -97.821804 30.370596, -97.822067 30.37051, -97.823092 30.370165, -97.823317 30.370089, -97.823581 30.370014, -97.823788 30.369968, -97.823986 30.369929, -97.82415 30.369905, -97.824346 30.36987, -97.824609 30.369837, -97.824796 30.36982, -97.824986 30.36981, -97.825136 30.369809, -97.825378 30.369826, -97.825364 30.369788, -97.825333 30.369717, -97.826068 30.369531, -97.826567 30.369477, -97.827371 30.369379, -97.827616 30.369382, -97.828561 30.369059, -97.828855 30.368592, -97.829083 30.368188, -97.829101 30.367458, -97.828932 30.367029, -97.828934 30.36686, -97.828926 30.366691, -97.828943 30.366555, -97.828948 30.366483, -97.828973 30.366179, -97.829009 30.36603, -97.829039 30.365842, -97.829052 30.36569, -97.829042 30.365471, -97.829042 30.36542, -97.828799 30.365139, -97.829175 30.36516, -97.829482 30.365221, -97.830299 30.362906, -97.830368 30.362804, -97.831013 30.361895, -97.831289 30.361526, -97.831409 30.361369, -97.831449 30.361292, -97.83149 30.361184, -97.831524 30.361074, -97.831555 30.360914, -97.831618 30.360469, -97.831634 30.36033, -97.831666 30.360155, -97.832207 30.360269, -97.832564 30.360389, -97.832782 30.360478, -97.832998 30.360589, -97.833225 30.360712, -97.833588 30.360924, -97.833974 30.361157, -97.834338 30.361414, -97.834929 30.36193, -97.835694 30.36261, -97.835821 30.362729, -97.836128 30.363068, -97.83659 30.363647, -97.83778 30.365045, -97.837887 30.365125, -97.838091 30.365219, -97.838201 30.365245, -97.838538 30.365269, -97.838719 30.365236, -97.838868 30.36519, -97.839111 30.365095, -97.839406 30.364998, -97.839633 30.36493, -97.839825 30.364899, -97.840056 30.36489, -97.840301 30.364914, -97.840575 30.364982, -97.840773 30.365076, -97.84133 30.365373, -97.841761 30.365661, -97.841953 30.365774, -97.842113 30.365847, -97.842236 30.365899, -97.842481 30.36599, -97.842631 30.366029, -97.84282 30.366073, -97.842986 30.366099, -97.843179 30.366119, -97.84345 30.366131, -97.84358 30.366129, -97.843759 30.366115, -97.844818 30.366024, -97.84488 30.366019, -97.845841 30.365948, -97.846133 30.365895, -97.846295 30.36587, -97.846419 30.365845, -97.846444 30.365843, -97.846653 30.365795, -97.846853 30.365738, -97.847028 30.365673, -97.847251 30.36557, -97.847369 30.365503, -97.847499 30.36542, -97.847529 30.365405, -97.847684 30.365292, -97.847801 30.365193, -97.848049 30.364955, -97.848155 30.364831, -97.848554 30.364294, -97.848638 30.364158, -97.848886 30.363698, -97.848922 30.363603, -97.848949 30.363485, -97.848956 30.363364, -97.848946 30.363254, -97.848917 30.363135, -97.848874 30.363032, -97.848837 30.362966, -97.850013 30.362265, -97.850183 30.362205, -97.850349 30.362162, -97.850503 30.362151, -97.850663 30.362159, -97.850788 30.362184, -97.851218 30.3624, -97.851758 30.36267, -97.85125 30.363485, -97.851186 30.363649, -97.851138 30.363808, -97.850986 30.364404, -97.850926 30.36456, -97.850871 30.364672, -97.850802 30.364789, -97.850685 30.364946, -97.85042 30.365183, -97.850318 30.365263, -97.849868 30.365587, -97.849637 30.365753, -97.849472 30.36589, -97.849358 30.365993, -97.849036 30.366336, -97.848931 30.366474, -97.848858 30.366591, -97.848119 30.367587, -97.847915 30.367846, -97.847781 30.367996, -97.847544 30.368171, -97.847065 30.368633, -97.846869 30.368821, -97.846672 30.369081, -97.846515 30.369388, -97.846177 30.370056, -97.845922 30.370621, -97.845776 30.370827, -97.84556 30.371277, -97.845235 30.372164, -97.845015 30.372776, -97.844971 30.373204, -97.84506 30.373764, -97.8452 30.374243, -97.845563 30.374786, -97.845735 30.374977, -97.84588 30.3751, -97.846591 30.37587, -97.846926 30.376067, -97.847406 30.376252, -97.848338 30.376408, -97.848731 30.376454, -97.849326 30.376534, -97.85036 30.376692, -97.851301 30.376913, -97.852162 30.377585, -97.852669 30.377735, -97.852661 30.378252, -97.852932 30.37892, -97.853075 30.379354, -97.85304 30.37984))",35.7,2391.0,133345.0,92.0,67.0,7445462.389215783,0.0003211351928206892
"POLYGON ((-97.851645 30.352111, -97.851043 30.352227, -97.850862 30.352262, -97.850785 30.352335, -97.850664 30.352479, -97.85062 30.352585, -97.850557 30.352755, -97.850577 30.353009, -97.850585 30.35328, -97.841183 30.348381, -97.840778 30.349021, -97.839446 30.351127, -97.837611 30.354027, -97.837426 30.354319, -97.836982 30.35502, -97.83638 30.354734, -97.833781 30.353495, -97.833743 30.353604, -97.83368 30.353636, -97.833591 30.353681, -97.833426 30.353681, -97.833309 30.353694, -97.833014 30.353752, -97.832834 30.353689, -97.832808 30.353732, -97.832722 30.35387, -97.832578 30.354137, -97.832544 30.354297, -97.832541 30.354417, -97.832511 30.354995, -97.832494 30.355211, -97.832481 30.355375, -97.832442 30.355691, -97.832445 30.355774, -97.832443 30.355898, -97.832455 30.356051, -97.832489 30.356257, -97.832525 30.356441, -97.832563 30.356568, -97.832615 30.356829, -97.832717 30.357498, -97.832735 30.357917, -97.832696 30.358002, -97.832689 30.358018, -97.832678 30.358041, -97.832619 30.358173, -97.83261 30.358193, -97.832573 30.358268, -97.832432 30.358556, -97.832063 30.359251, -97.831912 30.359534, -97.831816 30.359734, -97.831749 30.359891, -97.831666 30.360155, -97.831634 30.36033, -97.831618 30.360469, -97.831555 30.360914, -97.831524 30.361074, -97.83149 30.361184, -97.831449 30.361292, -97.831409 30.361369, -97.831289 30.361526, -97.831013 30.361895, -97.830368 30.362804, -97.830299 30.362906, -97.829482 30.365221, -97.829175 30.36516, -97.828799 30.365139, -97.829042 30.36542, -97.829042 30.365471, -97.829052 30.36569, -97.829039 30.365842, -97.829009 30.36603, -97.828973 30.366179, -97.828948 30.366483, -97.828943 30.366555, -97.828926 30.366691, -97.828934 30.36686, -97.828932 30.367029, -97.829101 30.367458, -97.829083 30.368188, -97.828855 30.368592, -97.828561 30.369059, -97.827616 30.369382, -97.827371 30.369379, -97.826567 30.369477, -97.826068 30.369531, -97.825333 30.369717, -97.825364 30.369788, -97.825378 30.369826, -97.825136 30.369809, -97.824986 30.36981, -97.824796 30.36982, -97.824609 30.369837, -97.824346 30.36987, -97.82415 30.369905, -97.823986 30.369929, -97.823788 30.369968, -97.823581 30.370014, -97.823317 30.370089, -97.823092 30.370165, -97.822067 30.37051, -97.821804 30.370596, -97.82139 30.37073, -97.821133 30.370804, -97.820834 30.370858, -97.820899 30.371376, -97.820928 30.371499, -97.820966 30.371593, -97.821018 30.371693, -97.821072 30.371767, -97.821155 30.37185, -97.821245 30.37193, -97.821333 30.372001, -97.821449 30.372081, -97.821593 30.372177, -97.821768 30.372269, -97.821915 30.372344, -97.822092 30.372425, -97.822298 30.372519, -97.822657 30.372685, -97.823761 30.373205, -97.824025 30.37338, -97.824199 30.373511, -97.824342 30.37364, -97.824491 30.3738, -97.824606 30.373934, -97.824753 30.374149, -97.824851 30.374332, -97.824945 30.374536, -97.825 30.374697, -97.825032 30.37482, -97.825088 30.375098, -97.825151 30.375626, -97.825209 30.37615, -97.825219 30.376284, -97.82521 30.376364, -97.825189 30.376456, -97.825148 30.376578, -97.825019 30.376945, -97.824985 30.377047, -97.824703 30.376981, -97.824585 30.376965, -97.824461 30.376951, -97.824339 30.37695, -97.824217 30.376947, -97.824088 30.376949, -97.823986 30.376948, -97.823861 30.37696, -97.823518 30.376995, -97.823694 30.377904, -97.823707 30.378014, -97.82371 30.378122, -97.823701 30.378294, -97.823673 30.378448, -97.823645 30.378605, -97.823663 30.379777, -97.823558 30.379823, -97.823449 30.379893, -97.823308 30.379971, -97.823193 30.380029, -97.82307 30.380128, -97.822835 30.380294, -97.822792 30.380331, -97.822741 30.380386, -97.822681 30.380438, -97.822575 30.380514, -97.822424 30.380607, -97.822221 30.380697, -97.822069 30.380756, -97.821973 30.380788, -97.821785 30.380881, -97.821363 30.381055, -97.821164 30.381102, -97.82103 30.381169, -97.820965 30.38121, -97.820899 30.381259, -97.820833 30.381336, -97.820793 30.381397, -97.820754 30.381489, -97.820711 30.381561, -97.820654 30.381619, -97.820581 30.381678, -97.820528 30.381711, -97.820446 30.381737, -97.820263 30.381767, -97.819883 30.381877, -97.819756 30.381908, -97.819518 30.38198, -97.819183 30.382047, -97.819123 30.382061, -97.819066 30.382075, -97.819011 30.382092, -97.81886 30.382158, -97.818808 30.38219, -97.818751 30.382244, -97.818655 30.382351, -97.81862 30.382371, -97.818526 30.382393, -97.818577 30.382416, -97.818633 30.382448, -97.818683 30.382486, -97.818745 30.382546, -97.8189 30.382684, -97.818985 30.382772, -97.819059 30.382826, -97.819223 30.382912, -97.819308 30.382959, -97.819517 30.383074, -97.81959 30.383125, -97.819656 30.383196, -97.819703 30.383258, -97.819885 30.383451, -97.81992 30.383505, -97.819932 30.383553, -97.819932 30.383607, -97.81992 30.38364, -97.819906 30.383655, -97.819871 30.383671, -97.819741 30.383691, -97.819704 30.383701, -97.819676 30.38372, -97.819651 30.383748, -97.819635 30.383796, -97.819629 30.38386, -97.819631 30.383926, -97.819654 30.383994, -97.819683 30.384049, -97.819714 30.384081, -97.819826 30.384177, -97.820148 30.384413, -97.820112 30.38445, -97.819954 30.384617, -97.819775 30.384492, -97.819597 30.384366, -97.818251 30.383421, -97.817738 30.383088, -97.81743 30.382933, -97.816936 30.382729, -97.816674 30.382646, -97.816359 30.382572, -97.816101 30.382533, -97.815988 30.382512, -97.815868 30.382497, -97.815745 30.382487, -97.81561 30.382476, -97.815416 30.382469, -97.814563 30.382472, -97.813543 30.382428, -97.81326 30.382386, -97.812896 30.382337, -97.812674 30.382287, -97.812441 30.382238, -97.812197 30.382167, -97.811925 30.382093, -97.811476 30.381934, -97.81026 30.381432, -97.809762 30.38122, -97.80943 30.381057, -97.809204 30.380927, -97.808988 30.38081, -97.808437 30.38045, -97.808105 30.380216, -97.807741 30.379927, -97.807363 30.379651, -97.807083 30.379421, -97.806878 30.379227, -97.806681 30.379036, -97.8063 30.378586, -97.806045 30.378245, -97.805981 30.378149, -97.8059 30.378015, -97.805847 30.377927, -97.805744 30.377725, -97.80561 30.377488, -97.805486 30.377181, -97.805364 30.376893, -97.805081 30.375865, -97.805016 30.375654, -97.804686 30.374592, -97.804541 30.374239, -97.80441 30.373939, -97.804346 30.373798, -97.804282 30.373658, -97.804057 30.373151, -97.803845 30.372674, -97.803297 30.371476, -97.80306 30.371016, -97.802848 30.370684, -97.802604 30.37033, -97.801991 30.369497, -97.801818 30.369273, -97.801357 30.368644, -97.800816 30.368058, -97.800294 30.367662, -97.799862 30.367374, -97.799402 30.367112, -97.798898 30.366806, -97.798492 30.366572, -97.798083 30.36632, -97.79751 30.365851, -97.797087 30.365374, -97.796743 30.364942, -97.796242 30.364036, -97.795821 30.363382, -97.795547 30.362977, -97.795513 30.362936, -97.795051 30.362375, -97.79489 30.362202, -97.792991 30.360116, -97.79298 30.3601, -97.792799 30.359923, -97.792664 30.359813, -97.792402 30.35964, -97.792258 30.35955, -97.791999 30.359445, -97.791844 30.359398, -97.79165 30.35934, -97.791352 30.359289, -97.791549 30.358834, -97.791907 30.358063, -97.792632 30.356864, -97.792981 30.356328, -97.7935 30.355528, -97.795334 30.352566, -97.795374 30.352498, -97.795417 30.352432, -97.795676 30.352007, -97.795898 30.35163, -97.796003 30.351473, -97.796194 30.351213, -97.796286 30.351054, -97.796343 30.350914, -97.796397 30.35076, -97.796508 30.350523, -97.796826 30.349986, -97.79766 30.350383, -97.800089 30.351591, -97.80146 30.352001, -97.802379 30.352171, -97.803177 30.352241, -97.804075 30.352277, -97.804824 30.352206, -97.805686 30.352022, -97.806393 30.351747, -97.806937 30.351499, -97.807595 30.35092, -97.808028 30.350399, -97.80847 30.350028, -97.809011 30.349653, -97.809512 30.349154, -97.810259 30.348028, -97.81141 30.345881, -97.812441 30.344135, -97.814247 30.341821, -97.817955 30.337709, -97.819138 30.336511, -97.822182 30.332875, -97.824598 30.330115, -97.825661 30.32907, -97.830636 30.325226, -97.831375 30.32496, -97.835878 30.323921, -97.837615 30.323972, -97.83859 30.324015, -97.839106 30.324121, -97.83989 30.324347, -97.840724 30.324714, -97.841488 30.325145, -97.842668 30.32622, -97.843551 30.328177, -97.844032 30.329506, -97.844357 30.330905, -97.844498 30.334792, -97.844448 30.336255, -97.845193 30.340398, -97.845711 30.341436, -97.847465 30.346705, -97.850631 30.351292, -97.850786 30.351603, -97.851343 30.351873, -97.851608 30.352089, -97.851645 30.352111))",41.5,3610.0,119948.0,15.0,105.0,17214079.12034238,0.00020971206038747418
"POLYGON ((-97.791497 30.152819, -97.791371 30.153248, -97.791235 30.153765, -97.790607 30.155873, -97.790099 30.15756, -97.789787 30.158599, -97.789549 30.159446, -97.789315 30.16015, -97.789261 30.160315, -97.788605 30.161972, -97.787952 30.163477, -97.78721 30.164942, -97.786885 30.165461, -97.78665 30.165838, -97.786416 30.166212, -97.786024 30.166837, -97.785941 30.16697, -97.785524 30.166965, -97.785114 30.166973, -97.785088 30.166974, -97.785014 30.166958, -97.784871 30.16696, -97.783991 30.166914, -97.783812 30.166905, -97.782816 30.166858, -97.781957 30.166725, -97.781206 30.166488, -97.781154 30.166461, -97.780413 30.166094, -97.779859 30.16562, -97.779729 30.165469, -97.779335 30.165041, -97.779208 30.164876, -97.777823 30.162214, -97.777724 30.162023, -97.77723 30.161073, -97.776804 30.160253, -97.776072 30.158834, -97.776013 30.158746, -97.77598 30.158689, -97.775444 30.157521, -97.775507 30.157547, -97.77578 30.157656, -97.775856 30.157678, -97.776104 30.157726, -97.776233 30.157744, -97.776303 30.157741, -97.776376 30.157727, -97.776421 30.157711, -97.77655 30.157631, -97.776618 30.157611, -97.776706 30.157597, -97.776763 30.157597, -97.77688 30.157616, -97.776979 30.15761, -97.777066 30.157593, -97.77727 30.157526, -97.777411 30.157502, -97.777496 30.157498, -97.777636 30.157506, -97.777699 30.157496, -97.777772 30.157473, -97.777814 30.157448, -97.777875 30.157392, -97.777909 30.157367, -97.777944 30.157353, -97.778015 30.157347, -97.778104 30.157356, -97.778229 30.157382, -97.778328 30.157396, -97.778417 30.157398, -97.778492 30.157384, -97.778575 30.157357, -97.778756 30.15728, -97.779057 30.15717, -97.779207 30.157103, -97.779365 30.157013, -97.779458 30.156952, -97.779622 30.156843, -97.779818 30.156704, -97.779892 30.156633, -97.780034 30.15645, -97.780098 30.156354, -97.780145 30.15626, -97.780185 30.15615, -97.780218 30.156025, -97.780236 30.155914, -97.780238 30.155891, -97.780223 30.155723, -97.780228 30.155617, -97.780241 30.155541, -97.780306 30.15534, -97.780366 30.155127, -97.780376 30.155037, -97.78058 30.154174, -97.780461 30.153495, -97.780441 30.153383, -97.780477 30.153377, -97.780614 30.153009, -97.780647 30.152808, -97.780662 30.152762, -97.780841 30.152507, -97.78088 30.15247, -97.78102 30.152372, -97.781098 30.152305, -97.781229 30.152206, -97.781401 30.152061, -97.781453 30.151999, -97.781493 30.151939, -97.781519 30.15188, -97.781542 30.151785, -97.781546 30.151739, -97.781545 30.15168, -97.781532 30.151628, -97.781494 30.151548, -97.781448 30.151483, -97.781337 30.151366, -97.781201 30.15124, -97.780978 30.150998, -97.780912 30.150915, -97.780887 30.150852, -97.780877 30.150772, -97.780877 30.15057, -97.780923 30.150122, -97.780941 30.150003, -97.780944 30.149926, -97.780923 30.149803, -97.780885 30.149653, -97.78088 30.149581, -97.78089 30.149495, -97.780913 30.14942, -97.780948 30.149348, -97.780998 30.149272, -97.781016 30.14925, -97.781053 30.149204, -97.781149 30.149107, -97.781258 30.149015, -97.781364 30.148947, -97.781518 30.148874, -97.781672 30.148813, -97.781775 30.148784, -97.781877 30.148766, -97.781998 30.148764, -97.782313 30.148775, -97.782388 30.148768, -97.782677 30.148704, -97.782813 30.148654, -97.782859 30.148641, -97.782982 30.148621, -97.783145 30.148608, -97.783226 30.14861, -97.783429 30.148634, -97.783476 30.148651, -97.783497 30.148669, -97.783517 30.148717, -97.783568 30.148793, -97.783626 30.148825, -97.783686 30.14884, -97.783756 30.148846, -97.783891 30.148844, -97.784119 30.148827, -97.784478 30.148766, -97.78454 30.14876, -97.784601 30.148761, -97.784819 30.148786, -97.784921 30.148785, -97.785092 30.148792, -97.785174 30.148783, -97.785221 30.148776, -97.785384 30.148736, -97.785929 30.148678, -97.785988 30.148666, -97.786058 30.148637, -97.786083 30.148619, -97.786085 30.148601, -97.786442 30.148452, -97.786945 30.148212, -97.787246 30.148054, -97.787437 30.147936, -97.787657 30.147785, -97.78789 30.147631, -97.788467 30.147342, -97.78854 30.147317, -97.78883 30.147263, -97.789073 30.147228, -97.78923 30.147194, -97.789286 30.147185, -97.789347 30.147185, -97.789473 30.147208, -97.789577 30.147238, -97.789688 30.147291, -97.789821 30.147374, -97.789959 30.147482, -97.790132 30.14764, -97.790173 30.147692, -97.79019 30.147736, -97.790197 30.147792, -97.790191 30.147911, -97.790174 30.148024, -97.790156 30.148093, -97.789989 30.148453, -97.789935 30.148589, -97.789828 30.148804, -97.78979 30.14889, -97.789749 30.148964, -97.789583 30.149191, -97.789532 30.149267, -97.789371 30.149539, -97.789268 30.149702, -97.789225 30.149778, -97.789161 30.149913, -97.789131 30.150001, -97.789016 30.150125, -97.788835 30.150356, -97.788795 30.150412, -97.788717 30.150535, -97.788661 30.150645, -97.788593 30.15083, -97.788532 30.150978, -97.788489 30.151046, -97.788371 30.151184, -97.788254 30.15134, -97.788225 30.151405, -97.78821 30.15147, -97.788207 30.151534, -97.788221 30.151633, -97.788262 30.151818, -97.788294 30.151882, -97.788341 30.151956, -97.788508 30.152257, -97.788612 30.152468, -97.788643 30.15251, -97.788886 30.152748, -97.788935 30.152782, -97.789147 30.152887, -97.789368 30.153033, -97.789421 30.153059, -97.789654 30.153152, -97.789751 30.153173, -97.790155 30.15319, -97.790307 30.153185, -97.790487 30.153165, -97.790653 30.153154, -97.79071 30.153138, -97.790773 30.153104, -97.790874 30.153031, -97.790989 30.152959, -97.791014 30.152948, -97.791072 30.152947, -97.791154 30.152925, -97.79121 30.152907, -97.791292 30.152868, -97.791347 30.152853, -97.791416 30.152835, -97.791497 30.152819))",30.9,3456.0,76762.0,173.0,23.0,1949022.4757335463,0.0017731965859958995
"POLYGON ((-97.867813 30.167631, -97.86777 30.168136, -97.867367 30.168689, -97.866334 30.169816, -97.865922 30.170119, -97.865959 30.170282, -97.86603 30.170449, -97.866118 30.170621, -97.866377 30.171066, -97.866531 30.171341, -97.86656 30.171501, -97.866544 30.171677, -97.86656 30.171881, -97.866573 30.17267, -97.86655 30.17366, -97.866194 30.173678, -97.866097 30.173692, -97.865632 30.17389, -97.865418 30.173913, -97.864554 30.173822, -97.864308 30.173806, -97.864063 30.173813, -97.863603 30.173804, -97.863583 30.175811, -97.863165 30.175877, -97.862908 30.1759, -97.861742 30.175918, -97.861553 30.17592, -97.860574 30.175917, -97.859859 30.175915, -97.859721 30.175893, -97.859456 30.175814, -97.85932 30.175744, -97.859476 30.175457, -97.85952 30.175391, -97.859567 30.175343, -97.859703 30.175244, -97.859954 30.175037, -97.860047 30.174951, -97.860187 30.174858, -97.860357 30.174753, -97.860447 30.174677, -97.860666 30.174445, -97.860844 30.174242, -97.860861 30.174209, -97.860893 30.174124, -97.860932 30.174023, -97.860965 30.173982, -97.860999 30.173955, -97.861105 30.173869, -97.861199 30.173823, -97.861287 30.173733, -97.861356 30.173655, -97.861559 30.173468, -97.861639 30.173415, -97.861854 30.173308, -97.86193 30.173278, -97.862008 30.173229, -97.862041 30.173198, -97.862081 30.173127, -97.862175 30.173053, -97.862261 30.172999, -97.862307 30.172954, -97.862446 30.17279, -97.86247 30.172745, -97.862532 30.172607, -97.862584 30.172522, -97.862702 30.172365, -97.862762 30.172304, -97.862842 30.172235, -97.862908 30.172147, -97.862949 30.172108, -97.863012 30.172064, -97.863094 30.172049, -97.863136 30.172023, -97.863191 30.171968, -97.863233 30.171905, -97.863292 30.171802, -97.863482 30.171519, -97.863627 30.171335, -97.863669 30.171291, -97.863761 30.171248, -97.864043 30.171034, -97.864114 30.170961, -97.864316 30.170681, -97.864396 30.170583, -97.864434 30.170511, -97.864461 30.170426, -97.864483 30.170394, -97.864451 30.17035, -97.864378 30.170039, -97.864364 30.170004, -97.864325 30.16993, -97.864276 30.169818, -97.864253 30.169781, -97.864089 30.169584, -97.864008 30.16951, -97.863958 30.169475, -97.86388 30.169441, -97.863802 30.169414, -97.863512 30.169296, -97.863456 30.169281, -97.863183 30.16925, -97.86314 30.169238, -97.863042 30.169211, -97.862916 30.169192, -97.862862 30.169192, -97.86273 30.169211, -97.862259 30.169206, -97.861664 30.169215, -97.861505 30.169228, -97.860831 30.169211, -97.860638 30.169198, -97.860488 30.16916, -97.86027 30.169133, -97.859891 30.169102, -97.859811 30.169097, -97.859819 30.169078, -97.860154 30.168459, -97.860345 30.167421, -97.860269 30.166338, -97.860206 30.165245, -97.860191 30.164126, -97.860159 30.16302, -97.860076 30.161558, -97.861275 30.161531, -97.862368 30.161552, -97.863756 30.161543, -97.864611 30.16155, -97.866626 30.161566, -97.867758 30.161577, -97.867757 30.161655, -97.867736 30.163009, -97.867756 30.163997, -97.867774 30.165026, -97.86785 30.166061, -97.867813 30.167631))",59.4,426.0,185051.0,0.0,0.0,847107.3535198029,0.000502887855039782
"POLYGON ((-97.848797 30.197739, -97.847899 30.198868, -97.8475 30.199265, -97.846407 30.200935, -97.845839 30.201471, -97.845501 30.201778, -97.845281 30.202159, -97.844795 30.201855, -97.84432 30.201689, -97.843944 30.201707, -97.843546 30.201881, -97.842882 30.202242, -97.842423 30.202425, -97.842141 30.202475, -97.841263 30.202128, -97.840516 30.201745, -97.840052 30.201534, -97.839752 30.201313, -97.838848 30.20087, -97.838832 30.200862, -97.83887 30.200806, -97.839648 30.199552, -97.840159 30.198732, -97.840196 30.198675, -97.840242 30.198601, -97.842301 30.195417, -97.84235 30.195341, -97.842644 30.194925, -97.843036 30.194306, -97.847041 30.196254, -97.847386 30.19642, -97.848087 30.19676, -97.849049 30.197262, -97.848797 30.197739))",31.9,1781.0,130284.0,33.0,57.0,500850.5740044788,0.0035559508013742907
"POLYGON ((-97.860345 30.167421, -97.860154 30.168459, -97.859819 30.169078, -97.859811 30.169097, -97.859697 30.169089, -97.859449 30.169065, -97.859126 30.169049, -97.85872 30.169034, -97.858603 30.169016, -97.858414 30.16897, -97.858038 30.168835, -97.857685 30.168735, -97.857586 30.168697, -97.857513 30.168657, -97.857199 30.168526, -97.857051 30.168446, -97.856862 30.168332, -97.856811 30.168294, -97.856491 30.168, -97.856253 30.16775, -97.856115 30.167549, -97.856066 30.167469, -97.855942 30.167248, -97.855906 30.167196, -97.855714 30.166953, -97.855597 30.166822, -97.855303 30.166512, -97.855248 30.166435, -97.855177 30.16636, -97.854978 30.166186, -97.854863 30.166104, -97.854703 30.166023, -97.85446 30.165877, -97.854418 30.165864, -97.854349 30.165861, -97.854303 30.165868, -97.854245 30.165884, -97.85419 30.165911, -97.854145 30.165941, -97.853979 30.166078, -97.853923 30.166137, -97.85385 30.166238, -97.853814 30.166306, -97.853678 30.166683, -97.853619 30.16687, -97.853575 30.167061, -97.853494 30.167277, -97.853438 30.167399, -97.853421 30.167426, -97.853281 30.167776, -97.853183 30.168063, -97.853122 30.168159, -97.852993 30.168383, -97.852897 30.168518, -97.852793 30.168653, -97.852702 30.168753, -97.852581 30.168862, -97.852474 30.168972, -97.852434 30.169025, -97.852358 30.169122, -97.852271 30.169268, -97.852234 30.169345, -97.852212 30.169422, -97.852231 30.169501, -97.85222 30.169557, -97.852202 30.16959, -97.852158 30.169622, -97.851955 30.169731, -97.851865 30.169771, -97.851734 30.169808, -97.851612 30.169831, -97.851149 30.169817, -97.851063 30.1698, -97.851018 30.169779, -97.850884 30.169693, -97.850826 30.169673, -97.85072 30.169649, -97.850598 30.169611, -97.850565 30.169601, -97.850303 30.169494, -97.850289 30.168343, -97.850276 30.167773, -97.850306 30.167772, -97.850764 30.167758, -97.850737 30.167053, -97.850767 30.166468, -97.850955 30.16612, -97.850741 30.165725, -97.850661 30.164733, -97.851642 30.164455, -97.852121 30.164291, -97.851937 30.163496, -97.851979 30.163015, -97.852173 30.161875, -97.852388 30.161896, -97.852657 30.161893, -97.853384 30.161975, -97.853926 30.161986, -97.853966 30.162638, -97.854144 30.163244, -97.854393 30.164011, -97.855068 30.163867, -97.856128 30.163629, -97.857026 30.163603, -97.857985 30.163885, -97.858625 30.164076, -97.858999 30.164122, -97.859116 30.164141, -97.859312 30.164145, -97.860191 30.164126, -97.860206 30.165245, -97.860269 30.166338, -97.860345 30.167421))",58.6,657.0,139091.0,9.0,0.0,480299.9444926899,0.0013678952236689244
"POLYGON ((-97.863144 30.154067, -97.863043 30.154808, -97.863011 30.155012, -97.862819 30.156237, -97.862751 30.15642, -97.862686 30.156663, -97.862595 30.15687, -97.862464 30.15708, -97.8623 30.157277, -97.86209 30.157485, -97.861915 30.157624, -97.861552 30.157898, -97.861337 30.158042, -97.861043 30.158169, -97.860817 30.158222, -97.860593 30.158253, -97.860321 30.158281, -97.8601 30.158293, -97.85995 30.158302, -97.859977 30.158841, -97.86002 30.159684, -97.860076 30.161558, -97.860159 30.16302, -97.860191 30.164126, -97.859312 30.164145, -97.859116 30.164141, -97.858999 30.164122, -97.858625 30.164076, -97.857985 30.163885, -97.857026 30.163603, -97.856128 30.163629, -97.855068 30.163867, -97.854393 30.164011, -97.854144 30.163244, -97.853966 30.162638, -97.853926 30.161986, -97.853384 30.161975, -97.852657 30.161893, -97.852388 30.161896, -97.852173 30.161875, -97.851997 30.161156, -97.851779 30.160291, -97.851765 30.159337, -97.851752 30.158949, -97.85175 30.158885, -97.851736 30.158456, -97.851696 30.157193, -97.851724 30.15663, -97.851747 30.156468, -97.851797 30.156282, -97.851859 30.156063, -97.851933 30.15588, -97.852155 30.155409, -97.852268 30.155177, -97.852369 30.155017, -97.852466 30.154892, -97.852575 30.154773, -97.853098 30.154286, -97.853512 30.153881, -97.853864 30.153693, -97.854381 30.153546, -97.854898 30.153424, -97.855248 30.153299, -97.85557 30.153162, -97.856378 30.152856, -97.85689 30.15267, -97.856255 30.151321, -97.856039 30.150861, -97.854857 30.148482, -97.854991 30.148438, -97.857811 30.147504, -97.858736 30.147189, -97.858938 30.147201, -97.859182 30.147324, -97.859248 30.147459, -97.859253 30.147468, -97.859265 30.147493, -97.859327 30.147615, -97.859422 30.148979, -97.859424 30.149009, -97.859642 30.149275, -97.859849 30.149359, -97.860927 30.14933, -97.861049 30.149342, -97.861174 30.149354, -97.861429 30.149455, -97.861774 30.14963, -97.862008 30.149882, -97.862132 30.150065, -97.862176 30.150339, -97.861949 30.151077, -97.861938 30.151442, -97.862134 30.151952, -97.862338 30.152264, -97.862437 30.152415, -97.862682 30.152788, -97.863043 30.153337, -97.86318 30.153848, -97.863144 30.154067))",42.5,1876.0,210000.0,65.0,0.0,1322951.264666403,0.0014180416543711869
"POLYGON ((-97.822249 30.199338, -97.822143 30.199366, -97.821462 30.199546, -97.82092 30.199794, -97.820796 30.199869, -97.820694 30.199931, -97.820584 30.200005, -97.820215 30.200264, -97.819497 30.200736, -97.819393 30.200802, -97.81933 30.200856, -97.819229 30.200959, -97.818974 30.201341, -97.81891 30.20143, -97.818854 30.201517, -97.818532 30.202041, -97.81821 30.20253, -97.818139 30.202643, -97.818074 30.20273, -97.817737 30.203238, -97.817574 30.203502, -97.817403 30.203766, -97.817353 30.203844, -97.817291 30.20394, -97.816954 30.204455, -97.816617 30.204968, -97.816559 30.205055, -97.816508 30.205136, -97.81618 30.205661, -97.816082 30.205829, -97.816018 30.205993, -97.815995 30.206082, -97.815961 30.206208, -97.815925 30.206365, -97.815854 30.206598, -97.815764 30.206772, -97.815554 30.207086, -97.815519 30.207145, -97.815507 30.207159, -97.815422 30.207281, -97.815314 30.207246, -97.815179 30.207203, -97.814733 30.206989, -97.811173 30.205246, -97.810641 30.204916, -97.809929 30.204399, -97.80983 30.204333, -97.809889 30.204228, -97.809899 30.204212, -97.809929 30.204166, -97.810007 30.204043, -97.810218 30.203868, -97.810429 30.20379, -97.810669 30.203764, -97.811189 30.203874, -97.811349 30.203616, -97.81143 30.203557, -97.811509 30.203498, -97.811762 30.203415, -97.811895 30.203382, -97.812193 30.203349, -97.812489 30.203245, -97.812938 30.202893, -97.813432 30.202488, -97.81375 30.202376, -97.813702 30.202171, -97.81372 30.201946, -97.813828 30.201692, -97.814027 30.201375, -97.814221 30.200982, -97.814578 30.20047, -97.815094 30.199646, -97.815495 30.198994, -97.815938 30.198324, -97.816102 30.198057, -97.816292 30.197764, -97.816458 30.197567, -97.816806 30.197327, -97.81704 30.197649, -97.817338 30.19809, -97.817848 30.198378, -97.818536 30.198699, -97.819246 30.199029, -97.819698 30.198362, -97.820197 30.197626, -97.821022 30.198005, -97.821777 30.198496, -97.821851 30.198588, -97.822052 30.198823, -97.822099 30.19889, -97.822143 30.198952, -97.82219 30.199057, -97.822203 30.199157, -97.822213 30.199234, -97.822216 30.199256, -97.822221 30.199291, -97.822249 30.199338))",40.2,560.0,160219.0,0.0,0.0,491291.6162365571,0.001139852546822944
"POLYGON ((-97.833182 30.191315, -97.833039 30.191478, -97.832912 30.1916, -97.832638 30.191786, -97.832299 30.192038, -97.832089 30.192237, -97.831825 30.192562, -97.831632 30.192839, -97.831545 30.193051, -97.831525 30.193099, -97.831377 30.19367, -97.831288 30.193934, -97.831254 30.194036, -97.831015 30.194573, -97.830948 30.194709, -97.830881 30.194816, -97.830731 30.195019, -97.83051 30.195262, -97.830238 30.195499, -97.829867 30.195745, -97.829845 30.19576, -97.829763 30.195815, -97.829667 30.195887, -97.829374 30.196108, -97.82902 30.19649, -97.828785 30.196948, -97.828725 30.197044, -97.828676 30.197152, -97.828452 30.197548, -97.828265 30.197881, -97.828039 30.198172, -97.827838 30.198365, -97.827776 30.198411, -97.82766 30.198498, -97.827494 30.198598, -97.827366 30.198666, -97.827266 30.198714, -97.82699 30.198825, -97.825653 30.199096, -97.825546 30.199108, -97.825474 30.199122, -97.82484 30.199189, -97.824048 30.199201, -97.823928 30.199202, -97.823823 30.199208, -97.823099 30.199248, -97.82238 30.199326, -97.822249 30.199338, -97.822221 30.199291, -97.822216 30.199256, -97.822213 30.199234, -97.822203 30.199157, -97.82219 30.199057, -97.822143 30.198952, -97.822099 30.19889, -97.822052 30.198823, -97.821851 30.198588, -97.821777 30.198496, -97.821022 30.198005, -97.820197 30.197626, -97.820677 30.196866, -97.821284 30.195904, -97.821633 30.195383, -97.822039 30.194777, -97.822933 30.195207, -97.823385 30.19542, -97.823477 30.195286, -97.823522 30.195204, -97.823722 30.194897, -97.823868 30.194653, -97.823978 30.194471, -97.824063 30.194347, -97.82415 30.194199, -97.824207 30.194117, -97.82431 30.193957, -97.82435 30.19388, -97.824455 30.193738, -97.824624 30.19353, -97.82469 30.193463, -97.824799 30.193379, -97.825024 30.193229, -97.825169 30.193145, -97.825225 30.193115, -97.82534 30.193044, -97.825399 30.192997, -97.825459 30.192932, -97.825542 30.192821, -97.825637 30.192692, -97.825693 30.192616, -97.825758 30.192481, -97.825874 30.192305, -97.825893 30.192273, -97.8254 30.192024, -97.82462 30.191673, -97.825351 30.190332, -97.826078 30.190711, -97.826113 30.190729, -97.826664 30.190869, -97.82792 30.190984, -97.828505 30.19093, -97.829264 30.190582, -97.829965 30.190139, -97.830466 30.190039, -97.83099 30.189966, -97.831461 30.19005, -97.832178 30.190371, -97.832733 30.19062, -97.83287 30.190682, -97.83342 30.190957, -97.833182 30.191315))",37.3,2319.0,90132.0,53.0,44.0,673114.7209515807,0.0034451779582559644
"POLYGON ((-97.841002 30.179298, -97.84047 30.180105, -97.839787 30.18167, -97.839762 30.181737, -97.837761 30.180834, -97.836704 30.179927, -97.835846 30.180494, -97.836146 30.180716, -97.836159 30.180837, -97.834813 30.183015, -97.834069 30.182672, -97.833908 30.183068, -97.833676 30.183448, -97.834352 30.183753, -97.833905 30.184492, -97.833416 30.185242, -97.832961 30.185016, -97.832916 30.184993, -97.832784 30.184861, -97.832699 30.184664, -97.832683 30.184117, -97.832556 30.183803, -97.832322 30.183636, -97.832037 30.183521, -97.831892 30.183766, -97.831847 30.184161, -97.83171 30.184414, -97.831249 30.185109, -97.832003 30.185478, -97.832872 30.185894, -97.832102 30.187144, -97.830486 30.186334, -97.829944 30.18708, -97.829455 30.187813, -97.828898 30.188666, -97.830108 30.189292, -97.830466 30.190039, -97.829965 30.190139, -97.829264 30.190582, -97.828505 30.19093, -97.82792 30.190984, -97.826664 30.190869, -97.826113 30.190729, -97.826078 30.190711, -97.825351 30.190332, -97.826998 30.187784, -97.827456 30.187983, -97.827548 30.187861, -97.827595 30.187771, -97.827647 30.187637, -97.827695 30.187493, -97.827943 30.187079, -97.829275 30.185054, -97.829733 30.184356, -97.830238 30.183678, -97.830684 30.182983, -97.831118 30.182238, -97.831928 30.182609, -97.832453 30.18285, -97.832668 30.182474, -97.832789 30.182196, -97.832815 30.181793, -97.832819 30.181737, -97.83285 30.181337, -97.832943 30.18105, -97.833526 30.179903, -97.833515 30.178613, -97.833575 30.178231, -97.833682 30.178043, -97.83376 30.177897, -97.8338 30.177804, -97.833865 30.177645, -97.833883 30.177552, -97.833918 30.177384, -97.833951 30.177193, -97.833958 30.176939, -97.833967 30.176717, -97.833986 30.176629, -97.834485 30.176662, -97.83484 30.176673, -97.835057 30.1767, -97.835244 30.176734, -97.835498 30.176809, -97.835983 30.177001, -97.836249 30.177106, -97.836901 30.177381, -97.836974 30.177417, -97.837414 30.177625, -97.838647 30.178209, -97.838737 30.178239, -97.838897 30.178323, -97.840884 30.179257, -97.841002 30.179298))",36.9,1481.0,95089.0,117.0,95.0,585789.6247999577,0.002528211387331671
"POLYGON ((-98.101262 30.528485, -98.099466 30.531829, -98.097092 30.536248, -98.095249 30.53968, -98.094462 30.541145, -98.094398 30.541264, -98.09348 30.542973, -98.090512 30.548498, -98.090454 30.548607, -98.089401 30.550569, -98.0846 30.559509, -98.083449 30.561653, -98.081951 30.564442, -98.080467 30.567205, -98.080405 30.567321, -98.08008 30.567925, -98.080016 30.568044, -98.080001 30.568072, -98.079864 30.568328, -98.079028 30.569884, -98.078961 30.570009, -98.078947 30.570035, -98.078858 30.5702, -98.075794 30.575908, -98.075406 30.576631, -98.074918 30.577538, -98.074577 30.578175, -98.074253 30.578779, -98.07368 30.579845, -98.072933 30.581236, -98.072888 30.58132, -98.072844 30.581402, -98.072827 30.581434, -98.072656 30.581752, -98.072646 30.581771, -98.072638 30.581786, -98.072611 30.581835, -98.072524 30.581997, -98.072413 30.582202, -98.07191 30.58314, -98.071585 30.583745, -98.071306 30.584265, -98.071062 30.584719, -98.070908 30.585006, -98.070709 30.585376, -98.069711 30.587235, -98.069324 30.587956, -98.068961 30.588632, -98.068838 30.588861, -98.068792 30.588947, -98.068777 30.588975, -98.068767 30.588994, -98.068759 30.589009, -98.068732 30.589058, -98.068512 30.589468, -98.068307 30.58985, -98.067718 30.590946, -98.067488 30.591375, -98.067406 30.591528, -98.067253 30.591812, -98.066699 30.592842, -98.066559 30.593103, -98.066469 30.59327, -98.06155 30.602432, -98.059699 30.60588, -98.059217 30.606778, -98.058393 30.608313, -98.058204 30.608665, -98.058133 30.608798, -98.056743 30.611385, -98.055147 30.610625, -98.054141 30.610145, -98.049951 30.608147, -98.04978 30.608075, -98.049658 30.608026, -98.049163 30.607878, -98.048923 30.607705, -98.04887 30.607632, -98.047903 30.607177, -98.043386 30.605071, -98.042927 30.604813, -98.042446 30.60461, -98.037388 30.602304, -98.036273 30.60185, -98.036124 30.601769, -98.034144 30.604939, -98.033487 30.604601, -98.033212 30.604601, -98.033105 30.604432, -98.031981 30.603916, -98.023907 30.600037, -98.00712 30.591883, -97.996737 30.586879, -97.991663 30.584283, -97.990664 30.583789, -97.989991 30.584831, -97.989876 30.584891, -97.989313 30.585229, -97.989226 30.585265, -97.989131 30.585287, -97.989036 30.585296, -97.988921 30.585295, -97.98876 30.585272, -97.988582 30.585234, -97.988426 30.585191, -97.988044 30.585059, -97.987773 30.584949, -97.987642 30.584885, -97.987533 30.584818, -97.987471 30.584772, -97.987271 30.58459, -97.987049 30.584416, -97.986956 30.584323, -97.986913 30.58427, -97.986802 30.584165, -97.986599 30.584018, -97.986423 30.583902, -97.986207 30.583762, -97.986044 30.583672, -97.985715 30.583482, -97.985357 30.583292, -97.985043 30.583118, -97.984905 30.583056, -97.98476 30.583006, -97.984534 30.582945, -97.98388 30.582782, -97.98342 30.582632, -97.983171 30.582532, -97.9831 30.582516, -97.983016 30.582509, -97.982828 30.582509, -97.982762 30.582517, -97.982709 30.582533, -97.982668 30.582558, -97.982572 30.582655, -97.982449 30.582794, -97.982183 30.583054, -97.981948 30.583304, -97.981897 30.583367, -97.981774 30.583542, -97.981709 30.583609, -97.981633 30.583665, -97.981544 30.583721, -97.981026 30.584017, -97.980928 30.584063, -97.980839 30.584095, -97.980678 30.584127, -97.980455 30.584163, -97.980265 30.584205, -97.979943 30.584285, -97.979832 30.584329, -97.979732 30.584386, -97.979494 30.58454, -97.979291 30.584672, -97.979182 30.584748, -97.979071 30.584843, -97.978955 30.584961, -97.978868 30.585065, -97.978778 30.585195, -97.978731 30.585251, -97.978635 30.585344, -97.978542 30.585411, -97.978475 30.585445, -97.97837 30.585476, -97.978223 30.585496, -97.978126 30.585493, -97.978046 30.585474, -97.977868 30.585395, -97.977516 30.58529, -97.977224 30.585217, -97.977101 30.585175, -97.976859 30.585069, -97.97652 30.584913, -97.9764 30.58485, -97.976267 30.584764, -97.9761 30.584645, -97.975897 30.584487, -97.975728 30.584374, -97.975619 30.584319, -97.97547 30.584268, -97.975158 30.584178, -97.974318 30.583886, -97.974252 30.583876, -97.974138 30.583878, -97.973806 30.583913, -97.973664 30.583939, -97.973557 30.583973, -97.973449 30.584022, -97.973375 30.584063, -97.973202 30.584099, -97.973044 30.584115, -97.972832 30.584115, -97.972493 30.584102, -97.972362 30.584082, -97.972241 30.584053, -97.972095 30.584001, -97.971888 30.583934, -97.971847 30.583868, -97.972025 30.583689, -97.972491 30.583358, -97.972429 30.583276, -97.972383 30.58319, -97.972277 30.582927, -97.972271 30.582881, -97.972281 30.582828, -97.972294 30.582774, -97.972094 30.581642, -97.972018 30.581665, -97.971931 30.58168, -97.971726 30.581678, -97.971664 30.581685, -97.971595 30.581706, -97.971481 30.581751, -97.971332 30.5818, -97.971215 30.581828, -97.971147 30.581861, -97.971043 30.581925, -97.970942 30.581979, -97.970929 30.581998, -97.970918 30.58206, -97.970891 30.582097, -97.97086 30.582128, -97.970784 30.582055, -97.970718 30.582014, -97.970577 30.581952, -97.970485 30.581924, -97.970398 30.581908, -97.970288 30.581899, -97.970119 30.581895, -97.969987 30.581902, -97.969842 30.581923, -97.969699 30.581953, -97.969554 30.581994, -97.969454 30.582038, -97.969377 30.58208, -97.969345 30.582117, -97.969294 30.582187, -97.969262 30.582209, -97.969215 30.582222, -97.969137 30.582231, -97.968972 30.58223, -97.968811 30.582217, -97.968616 30.582186, -97.968446 30.582142, -97.968292 30.582087, -97.967759 30.581941, -97.967687 30.581913, -97.967483 30.581822, -97.967294 30.581747, -97.967078 30.58166, -97.966998 30.581627, -97.966556 30.581424, -97.96648 30.581377, -97.966441 30.581338, -97.96641 30.581289, -97.966354 30.581182, -97.966271 30.581078, -97.966246 30.581052, -97.966191 30.581014, -97.966078 30.580963, -97.965936 30.580917, -97.965769 30.580841, -97.96562 30.580756, -97.965475 30.580654, -97.965401 30.580588, -97.965318 30.580494, -97.965248 30.580398, -97.965214 30.580333, -97.965204 30.580286, -97.965221 30.580165, -97.965323 30.579764, -97.965387 30.579552, -97.965421 30.579399, -97.965474 30.57923, -97.965508 30.579055, -97.965518 30.578916, -97.965509 30.57886, -97.965481 30.578802, -97.965422 30.578722, -97.965393 30.57869, -97.965302 30.578617, -97.965252 30.578587, -97.965144 30.578534, -97.965061 30.578504, -97.965028 30.578497, -97.964951 30.578493, -97.964784 30.578501, -97.964703 30.578515, -97.964621 30.578538, -97.964556 30.578564, -97.964441 30.578623, -97.964273 30.578716, -97.964036 30.578812, -97.963932 30.578843, -97.963856 30.578853, -97.963504 30.578853, -97.963368 30.578845, -97.963329 30.578836, -97.963246 30.578801, -97.963169 30.578757, -97.963052 30.57867, -97.962958 30.578578, -97.962917 30.578519, -97.962891 30.578452, -97.962828 30.578204, -97.96279 30.578034, -97.962741 30.577888, -97.962609 30.577571, -97.96238 30.577118, -97.962321 30.577034, -97.96225 30.576965, -97.962175 30.576917, -97.962097 30.576882, -97.961958 30.576801, -97.961875 30.576738, -97.961528 30.576446, -97.961442 30.576387, -97.96125 30.576296, -97.961148 30.576255, -97.96107 30.576238, -97.960837 30.576218, -97.960646 30.576212, -97.96046 30.576221, -97.960318 30.576236, -97.960209 30.576258, -97.960066 30.576312, -97.959851 30.576415, -97.959558 30.576506, -97.959416 30.576543, -97.959259 30.576571, -97.959098 30.576589, -97.959047 30.576602, -97.958886 30.576653, -97.95863 30.5767, -97.958455 30.576724, -97.957929 30.576731, -97.957727 30.576745, -97.957585 30.576741, -97.957508 30.576733, -97.95794 30.575327, -97.957959 30.575282, -97.958073 30.574971, -97.95819 30.574646, -97.95823 30.574523, -97.958238 30.574445, -97.95823 30.574359, -97.95819 30.574248, -97.95799 30.574039, -97.95815 30.57383, -97.95827 30.573666, -97.958377 30.573511, -97.958421 30.573395, -97.958453 30.573224, -97.958477 30.573005, -97.958473 30.572798, -97.958437 30.572583, -97.958346 30.572399, -97.958242 30.572245, -97.958075 30.572157, -97.957868 30.572054, -97.956648 30.571321, -97.955828 30.570875, -97.955637 30.570787, -97.955509 30.570763, -97.95535 30.570771, -97.955119 30.570827, -97.954593 30.571002, -97.954147 30.571154, -97.953756 30.571209, -97.953398 30.571241, -97.952705 30.571261, -97.953776 30.569565, -97.955326 30.567233, -97.956284 30.565818, -97.956396 30.565707, -97.956455 30.565654, -97.956502 30.565626, -97.956664 30.565622, -97.956913 30.565713, -97.957214 30.565792, -97.957575 30.565864, -97.957882 30.565962, -97.958184 30.566093, -97.9584 30.566185, -97.958662 30.566316, -97.958931 30.566519, -97.959127 30.566644, -97.959199 30.566689, -97.959337 30.566709, -97.959566 30.566703, -97.960123 30.566683, -97.960634 30.566689, -97.960863 30.566683, -97.960981 30.566703, -97.961105 30.566735, -97.961164 30.566761, -97.961249 30.566818, -97.961282 30.566711, -97.961246 30.566626, -97.961233 30.566577, -97.961225 30.566464, -97.961199 30.566391, -97.96115 30.566305, -97.961088 30.56624, -97.96107 30.566208, -97.961062 30.566153, -97.961074 30.566042, -97.961096 30.565943, -97.961099 30.565871, -97.961088 30.565815, -97.961073 30.565784, -97.960813 30.565391, -97.960775 30.565345, -97.960735 30.56531, -97.960692 30.565286, -97.96061 30.565263, -97.960498 30.565242, -97.960314 30.565189, -97.960238 30.565154, -97.960153 30.565101, -97.959791 30.564828, -97.959717 30.564789, -97.959635 30.564758, -97.959577 30.564738, -97.95945 30.564696, -97.959247 30.564641, -97.959149 30.564605, -97.959043 30.564555, -97.958823 30.564441, -97.958646 30.564342, -97.958585 30.564318, -97.958537 30.564314, -97.958455 30.564326, -97.958344 30.564358, -97.958098 30.56442, -97.957692 30.564565, -97.957506 30.564625, -97.957447 30.564631, -97.957381 30.564625, -97.957306 30.564609, -97.957184 30.564567, -97.957065 30.564511, -97.956946 30.564439, -97.956275 30.563992, -97.956097 30.563865, -97.955992 30.563773, -97.955801 30.563596, -97.955639 30.56346, -97.955565 30.56338, -97.955484 30.563254, -97.955428 30.56315, -97.95524 30.562809, -97.955159 30.562707, -97.954902 30.562431, -97.954817 30.562356, -97.954729 30.562297, -97.954525 30.562183, -97.954257 30.562038, -97.954073 30.561931, -97.953706 30.561738, -97.953521 30.561633, -97.95341 30.561561, -97.953337 30.561505, -97.953296 30.56146, -97.953262 30.561408, -97.953226 30.561318, -97.953198 30.561207, -97.953183 30.561108, -97.953161 30.560855, -97.95311 30.560449, -97.953085 30.560216, -97.953042 30.560038, -97.953005 30.559929, -97.952954 30.559839, -97.952889 30.55976, -97.952775 30.559648, -97.952656 30.559563, -97.952619 30.559527, -97.952424 30.559195, -97.952397 30.559182, -97.952358 30.559179, -97.952307 30.559185, -97.952252 30.559199, -97.952064 30.559284, -97.951906 30.559333, -97.951736 30.559385, -97.951603 30.559422, -97.951469 30.559421, -97.951418 30.559416, -97.95134 30.559397, -97.951278 30.559368, -97.951149 30.559268, -97.951084 30.559201, -97.95102 30.559094, -97.950934 30.55899, -97.950876 30.558936, -97.950804 30.558882, -97.95072 30.558832, -97.950656 30.558804, -97.950604 30.558786, -97.950546 30.558778, -97.950456 30.558781, -97.950328 30.558798, -97.950183 30.558821, -97.949564 30.558888, -97.949352 30.558915, -97.949105 30.558926, -97.948968 30.55892, -97.948811 30.558897, -97.948329 30.558801, -97.948171 30.558789, -97.948021 30.558784, -97.947938 30.558788, -97.9478 30.558815, -97.947782 30.55875, -97.947764 30.558689, -97.947694 30.558472, -97.946952 30.558676, -97.945993 30.558811, -97.94601 30.558717, -97.946037 30.558583, -97.946048 30.558512, -97.946064 30.558298, -97.94608 30.55814, -97.946109 30.557853, -97.946173 30.557244, -97.94624 30.556362, -97.946012 30.555709, -97.945374 30.554663, -97.944799 30.553821, -97.944371 30.553256, -97.944241 30.553085, -97.944052 30.552864, -97.943864 30.55201, -97.943688 30.551207, -97.943673 30.551136, -97.943495 30.550527, -97.943376 30.550261, -97.943322 30.550183, -97.943165 30.549957, -97.942863 30.549256, -97.942644 30.548685, -97.942317 30.547807, -97.941991 30.546723, -97.941834 30.546198, -97.941684 30.545606, -97.941389 30.543901, -97.94127 30.543566, -97.941167 30.543402, -97.940996 30.543297, -97.940731 30.54302, -97.940407 30.542813, -97.939709 30.542412, -97.939509 30.542304, -97.939125 30.541959, -97.939078 30.541868, -97.939008 30.541734, -97.93894 30.541603, -97.93884 30.541332, -97.938807 30.54118, -97.938734 30.540931, -97.938762 30.5405, -97.938727 30.540301, -97.938875 30.540122, -97.939134 30.539937, -97.939387 30.539774, -97.939541 30.539651, -97.939739 30.539437, -97.94013 30.53877, -97.940204 30.5382, -97.939485 30.536064, -97.939341 30.535638, -97.939326 30.535593, -97.938795 30.534648, -97.938681 30.534569, -97.938353 30.534342, -97.936957 30.533863, -97.936911 30.533834, -97.936551 30.533608, -97.935376 30.532145, -97.935086 30.531784, -97.934869 30.531359, -97.933397 30.530347, -97.932264 30.529934, -97.931379 30.529611, -97.929971 30.528416, -97.928839 30.527822, -97.928433 30.527609, -97.928349 30.527448, -97.928022 30.526816, -97.927877 30.526537, -97.927709 30.525908, -97.92768 30.525738, -97.927667 30.525661, -97.927656 30.525599, -97.927641 30.52553, -97.927624 30.525465, -97.927607 30.5254, -97.927586 30.525335, -97.927565 30.525282, -97.927542 30.525229, -97.927517 30.525175, -97.927499 30.525137, -97.927451 30.524986, -97.927101 30.524605, -97.926994 30.524542, -97.926803 30.524381, -97.926476 30.524099, -97.926246 30.523896, -97.926114 30.523766, -97.925861 30.523457, -97.925357 30.52157, -97.925326 30.521459, -97.925266 30.521294, -97.925162 30.52105, -97.92492 30.520562, -97.92461 30.520021, -97.923804 30.518951, -97.923197 30.518145, -97.922807 30.517649, -97.922608 30.517482, -97.922166 30.517225, -97.922014 30.517159, -97.921646 30.517012, -97.921514 30.516979, -97.921389 30.516956, -97.921334 30.516941, -97.921269 30.516922, -97.921202 30.516904, -97.920703 30.516666, -97.920532 30.516563, -97.92022 30.516391, -97.919724 30.516118, -97.91949 30.515991, -97.918932 30.515688, -97.918005 30.515185, -97.917982 30.515215, -97.917927 30.515183, -97.917655 30.515025, -97.916807 30.514533, -97.916671 30.514454, -97.914862 30.513149, -97.913845 30.512615, -97.913221 30.512287, -97.912664 30.511747, -97.91232 30.511415, -97.911677 30.51115, -97.911898 30.510661, -97.911975 30.51039, -97.912063 30.51006, -97.91214 30.509642, -97.912296 30.508758, -97.912383 30.508283, -97.912471 30.507875, -97.912626 30.50737, -97.912887 30.506604, -97.912961 30.506434, -97.913134 30.505995, -97.913291 30.505737, -97.913471 30.50545, -97.913701 30.505119, -97.913937 30.504793, -97.914145 30.504507, -97.914353 30.504299, -97.91456 30.504102, -97.91483 30.503889, -97.915156 30.503625, -97.91558 30.503339, -97.915794 30.503228, -97.915941 30.503159, -97.916184 30.503091, -97.916416 30.503043, -97.916679 30.503012, -97.91699 30.502996, -97.917322 30.503007, -97.917738 30.503038, -97.918208 30.50307, -97.918682 30.503078, -97.918791 30.503071, -97.918911 30.503059, -97.919044 30.503038, -97.919227 30.502997, -97.919422 30.502938, -97.919599 30.50286, -97.919711 30.503097, -97.919834 30.503405, -97.920001 30.503669, -97.92009 30.503775, -97.920159 30.503827, -97.920278 30.50391, -97.920409 30.503992, -97.92061 30.504097, -97.920851 30.504193, -97.921088 30.504282, -97.921368 30.504377, -97.921681 30.504513, -97.922065 30.504683, -97.922363 30.504756, -97.92248 30.504765, -97.922627 30.504762, -97.92281 30.504762, -97.922935 30.504779, -97.923063 30.504809, -97.923274 30.504884, -97.923422 30.504959, -97.923513 30.50502, -97.923563 30.505079, -97.923614 30.505165, -97.923655 30.505301, -97.923911 30.505328, -97.924147 30.505358, -97.92435 30.505386, -97.924494 30.505428, -97.924592 30.505478, -97.924645 30.505544, -97.924678 30.505617, -97.924703 30.505708, -97.924695 30.50584, -97.925859 30.505793, -97.926721 30.505788, -97.927592 30.5058, -97.928818 30.505792, -97.929168 30.505767, -97.929456 30.50572, -97.929584 30.505687, -97.92981 30.505629, -97.929954 30.505609, -97.930102 30.505621, -97.930213 30.505658, -97.930353 30.50574, -97.930509 30.505876, -97.930871 30.506119, -97.931053 30.506185, -97.931447 30.506287, -97.932377 30.506567, -97.932632 30.506621, -97.932809 30.506629, -97.932953 30.506588, -97.933122 30.50651, -97.933402 30.506325, -97.9339 30.505942, -97.934397 30.505596, -97.934727 30.505399, -97.934945 30.505284, -97.935113 30.505234, -97.935266 30.505193, -97.935385 30.505181, -97.935541 30.505189, -97.935829 30.505205, -97.935998 30.505197, -97.936224 30.505148, -97.936566 30.505066, -97.936825 30.505012, -97.937195 30.504967, -97.937496 30.504922, -97.938413 30.504708, -97.938635 30.504662, -97.93882 30.504666, -97.93896 30.504691, -97.939096 30.504749, -97.939252 30.504868, -97.939351 30.504975, -97.939434 30.505094, -97.939627 30.505526, -97.939849 30.505983, -97.939915 30.506065, -97.940034 30.506152, -97.940396 30.506345, -97.94061 30.506448, -97.940795 30.506497, -97.940976 30.506497, -97.941112 30.506456, -97.94133 30.506339, -97.94502 30.503656, -97.94513 30.503537, -97.945245 30.503372, -97.94541 30.503142, -97.945533 30.503043, -97.945772 30.502936, -97.946175 30.502821, -97.946372 30.502755, -97.946496 30.502657, -97.946586 30.502517, -97.946718 30.502303, -97.946866 30.501982, -97.946998 30.501702, -97.947088 30.501603, -97.947123 30.501594, -97.947179 30.501579, -97.947327 30.501595, -97.947535 30.501592, -97.947692 30.501611, -97.947759 30.50163, -97.94787 30.501663, -97.948059 30.501686, -97.948179 30.501688, -97.948306 30.501659, -97.948607 30.501564, -97.948952 30.501463, -97.949929 30.501892, -97.950534 30.502464, -97.951036 30.502642, -97.951135 30.502677, -97.952097 30.503019, -97.952855 30.503085, -97.95407 30.502992, -97.954299 30.502974, -97.95435 30.502947, -97.955262 30.503026, -97.955801 30.502994, -97.957654 30.50283, -97.964098 30.502435, -97.964739 30.502201, -97.965463 30.501788, -97.966169 30.501577, -97.966957 30.501532, -97.96782 30.501236, -97.968112 30.501204, -97.968476 30.501519, -97.96806 30.502118, -97.967589 30.503306, -97.967274 30.503788, -97.96725 30.504426, -97.967462 30.504586, -97.9677 30.504586, -97.970055 30.503555, -97.970585 30.503531, -97.971061 30.504219, -97.971405 30.504242, -97.971961 30.504058, -97.972119 30.504081, -97.972912 30.504629, -97.973229 30.505018, -97.97328 30.505634, -97.973651 30.505954, -97.974363 30.506068, -97.974811 30.506275, -97.975578 30.506275, -97.975816 30.506389, -97.976053 30.506412, -97.976343 30.506276, -97.976792 30.505911, -97.977241 30.505752, -97.97769 30.505775, -97.978482 30.506118, -97.979539 30.506073, -97.979554 30.505878, -97.979569 30.505482, -97.979261 30.504865, -97.979192 30.504298, -97.978645 30.501428, -97.978635 30.501376, -97.978543 30.500427, -97.97853 30.500236, -97.978464 30.500052, -97.978378 30.499946, -97.978246 30.499769, -97.978108 30.499518, -97.977963 30.499275, -97.977792 30.49907, -97.977627 30.498919, -97.977456 30.498794, -97.977403 30.498733, -97.97737 30.498662, -97.977354 30.498543, -97.977374 30.498392, -97.97743 30.498211, -97.977486 30.498062, -97.977518 30.497908, -97.977515 30.497782, -97.977495 30.497638, -97.97742 30.497381, -97.977377 30.497239, -97.977364 30.497141, -97.977374 30.497078, -97.977406 30.496995, -97.977495 30.496873, -97.977596 30.49677, -97.977668 30.496738, -97.977695 30.496727, -97.977746 30.496714, -97.977841 30.496706, -97.977963 30.496694, -97.978059 30.496666, -97.978174 30.496611, -97.978281 30.496541, -97.978376 30.496457, -97.978482 30.496341, -97.978572 30.49621, -97.97864 30.496127, -97.978768 30.496022, -97.978854 30.495963, -97.978903 30.495935, -97.979016 30.495885, -97.979065 30.496134, -97.979146 30.496365, -97.979251 30.496588, -97.979424 30.496888, -97.979635 30.497091, -97.980398 30.497685, -97.981108 30.498002, -97.981829 30.498136, -97.9825 30.497977, -97.983656 30.497248, -97.984541 30.497107, -97.985066 30.497106, -97.985853 30.497365, -97.986382 30.497716, -97.986748 30.498151, -97.987159 30.498796, -97.987377 30.499024, -97.987479 30.499198, -97.988235 30.499921, -97.988411 30.500085, -97.988622 30.500366, -97.988721 30.500643, -97.988767 30.500887, -97.988767 30.50117, -97.988721 30.501486, -97.988694 30.501756, -97.988708 30.502007, -97.988747 30.502204, -97.988806 30.502402, -97.98903 30.502784, -97.989215 30.503008, -97.989472 30.503232, -97.990282 30.503766, -97.990651 30.504023, -97.990862 30.504233, -97.991119 30.50455, -97.991283 30.504806, -97.991408 30.504984, -97.991527 30.505123, -97.991676 30.505248, -97.991965 30.505402, -97.992154 30.505478, -97.992375 30.50554, -97.992621 30.505593, -97.993103 30.505709, -97.993411 30.505802, -97.99361 30.505879, -97.993868 30.506012, -97.994505 30.506345, -97.995078 30.506674, -97.995473 30.506911, -97.996114 30.507209, -97.996408 30.507251, -97.996721 30.507281, -97.996965 30.507281, -97.997268 30.507264, -97.997466 30.507232, -97.997752 30.507179, -97.998032 30.507106, -97.998217 30.507044, -97.998396 30.506956, -97.998599 30.506835, -97.998777 30.506691, -97.998889 30.506565, -97.998994 30.506414, -97.999159 30.506137, -97.999561 30.505202, -97.999666 30.504965, -97.999778 30.50476, -97.999903 30.504589, -98.000042 30.504431, -98.0002 30.504306, -98.000331 30.50422, -98.000522 30.504128, -98.000786 30.504036, -98.001003 30.50399, -98.001306 30.503963, -98.001543 30.503963, -98.001787 30.50399, -98.002123 30.504095, -98.002413 30.50422, -98.002474 30.504254, -98.00269 30.504373, -98.003703 30.504875, -98.004857 30.505515, -98.005345 30.505725, -98.005713 30.505844, -98.006096 30.50587, -98.006543 30.505831, -98.006978 30.505725, -98.007492 30.505501, -98.008177 30.505159, -98.008836 30.504698, -98.009811 30.503841, -98.010443 30.503341, -98.011234 30.502801, -98.012288 30.502221, -98.013236 30.501839, -98.014132 30.501641, -98.014897 30.501588, -98.015819 30.501641, -98.01653 30.50176, -98.016754 30.501839, -98.016998 30.501938, -98.017321 30.502147, -98.017611 30.502417, -98.017871 30.502782, -98.018121 30.50323, -98.018266 30.503444, -98.018381 30.503604, -98.018684 30.50389, -98.018892 30.504025, -98.01905 30.504114, -98.019264 30.5042, -98.019508 30.504279, -98.019755 30.504328, -98.020153 30.504391, -98.020433 30.504433, -98.020608 30.504463, -98.020865 30.50454, -98.021469 30.504754, -98.021822 30.504915, -98.022019 30.504984, -98.022214 30.505037, -98.022392 30.50508, -98.022543 30.505093, -98.022695 30.505103, -98.022919 30.50509, -98.022982 30.505037, -98.024117 30.50494, -98.025692 30.505449, -98.027948 30.505678, -98.029868 30.505873, -98.030997 30.506243, -98.033618 30.507668, -98.034353 30.508027, -98.034556 30.508292, -98.035764 30.509733, -98.036118 30.509935, -98.03805 30.510488, -98.0389 30.510686, -98.040031 30.511352, -98.0406 30.511973, -98.041403 30.513783, -98.041604 30.5143, -98.042598 30.516739, -98.042753 30.517154, -98.043027 30.517572, -98.044795 30.519446, -98.045952 30.520503, -98.046469 30.520823, -98.04671 30.52091, -98.047954 30.521356, -98.049963 30.521935, -98.053253 30.522882, -98.05406 30.523054, -98.054285 30.523089, -98.054458 30.523101, -98.054701 30.523112, -98.055082 30.523101, -98.05525 30.523078, -98.055446 30.523054, -98.055666 30.523014, -98.055969 30.52293, -98.056177 30.522868, -98.056391 30.522776, -98.056726 30.522608, -98.05705 30.522412, -98.05757 30.522059, -98.058292 30.521568, -98.058788 30.521223, -98.059036 30.521043, -98.05936 30.520847, -98.059712 30.520679, -98.060076 30.520569, -98.06048 30.520471, -98.060902 30.520413, -98.061457 30.520378, -98.062303 30.520341, -98.063034 30.520326, -98.06352 30.520303, -98.063918 30.520269, -98.064311 30.520217, -98.064704 30.520159, -98.065138 30.520061, -98.065631 30.519953, -98.067198 30.519686, -98.068786 30.51946, -98.071553 30.519256, -98.072165 30.519213, -98.072491 30.519206, -98.072841 30.519211, -98.073249 30.519256, -98.073676 30.519332, -98.074124 30.519422, -98.074652 30.519578, -98.075037 30.519766, -98.077704 30.520935, -98.079066 30.521532, -98.080429 30.522128, -98.08189 30.522768, -98.083352 30.523407, -98.083596 30.523514, -98.085303 30.524179, -98.086535 30.524552, -98.087801 30.524935, -98.088429 30.525123, -98.088786 30.525224, -98.08919 30.525309, -98.089562 30.525359, -98.089671 30.525369, -98.090173 30.525417, -98.09059 30.525453, -98.090971 30.525489, -98.091261 30.525526, -98.091734 30.525632, -98.092165 30.525758, -98.092603 30.525933, -98.094139 30.526599, -98.094452 30.52677, -98.095206 30.526922, -98.096002 30.527083, -98.09809 30.527196, -98.098248 30.527208, -98.099226 30.527282, -98.099855 30.527491, -98.100151 30.527644, -98.100418 30.527833, -98.100967 30.528292, -98.101262 30.528485))",50.0,1569.0,77500.0,8.0,1.0,128713200.80787447,1.2189891869303983e-05
"POLYGON ((-97.65722 30.402358, -97.656695 30.403091, -97.65636 30.40352, -97.656143 30.403785, -97.655948 30.404004, -97.655758 30.404161, -97.655496 30.404326, -97.655258 30.404444, -97.65497 30.404581, -97.654683 30.404684, -97.654418 30.404763, -97.654038 30.404869, -97.652905 30.405156, -97.652785 30.405191, -97.652627 30.405241, -97.652124 30.4054, -97.651583 30.405667, -97.651122 30.405957, -97.650776 30.406242, -97.650439 30.406568, -97.650078 30.407051, -97.649518 30.40795, -97.649482 30.408, -97.649198 30.408421, -97.648828 30.40903, -97.648702 30.409321, -97.648733 30.409389, -97.648655 30.409485, -97.648578 30.409603, -97.648461 30.409557, -97.648436 30.409547, -97.648297 30.409492, -97.646747 30.408756, -97.645453 30.408131, -97.64425 30.407558, -97.643643 30.40726, -97.64316 30.407031, -97.642955 30.406924, -97.642795 30.406849, -97.642608 30.406732, -97.642467 30.406625, -97.642341 30.406529, -97.642095 30.406272, -97.642155 30.406236, -97.642228 30.406201, -97.644916 30.404899, -97.645429 30.40465, -97.64601 30.404283, -97.646425 30.403942, -97.646791 30.403543, -97.647251 30.40293, -97.647646 30.402498, -97.648251 30.401963, -97.648781 30.401557, -97.649072 30.401335, -97.649365 30.40108, -97.649708 30.400878, -97.650509 30.400557, -97.651233 30.40039, -97.651503 30.400333, -97.652624 30.400029, -97.654782 30.399558, -97.654862 30.399541, -97.655013 30.399508, -97.655067 30.399624, -97.655366 30.400281, -97.655593 30.400619, -97.656 30.401089, -97.656425 30.401525, -97.65669 30.401736, -97.657044 30.401958, -97.657337 30.402159, -97.65722 30.402358))",34.0,1841.0,107132.0,111.0,46.0,710495.0752215767,0.002591150965298192
"POLYGON ((-97.660858 30.419585, -97.660754 30.419747, -97.660633 30.419942, -97.660206 30.420642, -97.659277 30.422047, -97.65842 30.423404, -97.657982 30.424071, -97.657563 30.424714, -97.65752 30.424788, -97.657481 30.424762, -97.657434 30.424744, -97.657379 30.424732, -97.657355 30.42472, -97.65733 30.424676, -97.657327 30.424636, -97.657338 30.424566, -97.657364 30.424524, -97.657382 30.424486, -97.657383 30.424454, -97.657366 30.42438, -97.657349 30.424351, -97.65732 30.424327, -97.657254 30.424307, -97.657213 30.424281, -97.65718 30.424252, -97.657131 30.424192, -97.657084 30.424143, -97.657019 30.424078, -97.656922 30.42399, -97.65689 30.423942, -97.65688 30.423906, -97.656877 30.423868, -97.656884 30.423838, -97.656939 30.423763, -97.656951 30.423726, -97.656949 30.423688, -97.656901 30.423623, -97.656877 30.4236, -97.656817 30.42357, -97.656745 30.423526, -97.656701 30.423487, -97.656692 30.423463, -97.656694 30.423412, -97.655087 30.422503, -97.651223 30.420309, -97.651191 30.420328, -97.651168 30.420335, -97.651127 30.420339, -97.651095 30.420327, -97.651078 30.420311, -97.651071 30.420284, -97.651076 30.42025, -97.651108 30.420176, -97.65111 30.420136, -97.6511 30.420113, -97.651062 30.420084, -97.650967 30.420046, -97.650909 30.420034, -97.650804 30.420022, -97.650764 30.420015, -97.650697 30.420004, -97.650616 30.419984, -97.650544 30.419955, -97.650453 30.419897, -97.650147 30.419782, -97.650035 30.419751, -97.649757 30.41969, -97.649653 30.419662, -97.649577 30.419629, -97.649462 30.419555, -97.649383 30.419497, -97.649272 30.419402, -97.649173 30.419307, -97.649123 30.419269, -97.649063 30.419231, -97.649039 30.419219, -97.648963 30.41918, -97.648913 30.419158, -97.648819 30.419128, -97.648725 30.419079, -97.648582 30.418982, -97.648386 30.418819, -97.648327 30.418773, -97.648199 30.418674, -97.648136 30.418618, -97.648059 30.418506, -97.648007 30.418448, -97.647961 30.418414, -97.64793 30.418404, -97.647874 30.418404, -97.647833 30.418418, -97.647677 30.418532, -97.647649 30.418574, -97.647569 30.418731, -97.647547 30.418743, -97.647462 30.418753, -97.647379 30.418754, -97.647284 30.418779, -97.647206 30.418815, -97.647133 30.418857, -97.647054 30.418911, -97.646946 30.418956, -97.646829 30.419011, -97.64676 30.419023, -97.646731 30.419016, -97.64666 30.418976, -97.646615 30.418968, -97.646546 30.418967, -97.646485 30.418982, -97.646395 30.419022, -97.646278 30.41909, -97.646206 30.419118, -97.646138 30.419133, -97.646032 30.419147, -97.645901 30.419181, -97.645646 30.419288, -97.646001 30.418695, -97.646186 30.418462, -97.646307 30.418278, -97.646388 30.418134, -97.646488 30.417924, -97.646651 30.41796, -97.646902 30.41799, -97.646962 30.417991, -97.647064 30.417985, -97.64762 30.417901, -97.647868 30.417889, -97.648132 30.417843, -97.648352 30.417765, -97.648525 30.417661, -97.648614 30.417572, -97.648844 30.417214, -97.649296 30.416514, -97.650007 30.415382, -97.650044 30.415339, -97.650057 30.415299, -97.650085 30.415254, -97.650115 30.415208, -97.650146 30.415162, -97.650179 30.415114, -97.650212 30.415065, -97.650245 30.415019, -97.650275 30.414969, -97.650306 30.414923, -97.650341 30.414875, -97.650371 30.41483, -97.650404 30.414786, -97.650436 30.41474, -97.650465 30.414694, -97.650499 30.414651, -97.65053 30.414605, -97.650558 30.414558, -97.650588 30.414512, -97.650618 30.414467, -97.650646 30.414421, -97.65068 30.414377, -97.65071 30.414329, -97.650743 30.414273, -97.650773 30.414227, -97.650803 30.414183, -97.650839 30.414131, -97.650865 30.414091, -97.650895 30.414044, -97.650923 30.413998, -97.650954 30.413953, -97.65099 30.413898, -97.651016 30.413858, -97.651048 30.413809, -97.651079 30.413761, -97.651106 30.413722, -97.651139 30.413674, -97.651167 30.413633, -97.651198 30.413586, -97.651228 30.413539, -97.651254 30.413496, -97.651214 30.413459, -97.651161 30.413434, -97.65109 30.413404, -97.651038 30.413379, -97.650984 30.413356, -97.650928 30.41333, -97.65087 30.413304, -97.650811 30.413279, -97.650764 30.413254, -97.650707 30.413229, -97.650647 30.413199, -97.650599 30.413176, -97.650552 30.413155, -97.650505 30.413131, -97.650457 30.41311, -97.6504 30.413084, -97.650345 30.413056, -97.650289 30.413031, -97.650239 30.413004, -97.650189 30.412977, -97.650209 30.412974, -97.6498 30.412781, -97.65006 30.412305, -97.650205 30.412118, -97.650364 30.411987, -97.650506 30.411907, -97.65059 30.412016, -97.650742 30.412181, -97.65095 30.412356, -97.651151 30.412511, -97.651472 30.412707, -97.651489 30.412719, -97.651826 30.412881, -97.651993 30.412964, -97.652953 30.413447, -97.653459 30.413702, -97.653874 30.41391, -97.654072 30.414011, -97.654186 30.41408, -97.654431 30.41423, -97.65456 30.414355, -97.654602 30.414397, -97.654765 30.414554, -97.654924 30.414745, -97.655445 30.415392, -97.655561 30.415529, -97.655607 30.415589, -97.655659 30.415657, -97.655845 30.415887, -97.656252 30.416374, -97.656392 30.416535, -97.656569 30.416704, -97.656861 30.416944, -97.657759 30.41762, -97.658419 30.418127, -97.65855 30.418225, -97.658676 30.41832, -97.658772 30.418405, -97.65902 30.41857, -97.659271 30.418701, -97.659711 30.418921, -97.660271 30.419181, -97.660705 30.419409, -97.660777 30.419441, -97.660915 30.419504, -97.660858 30.419585))",32.8,2062.0,93734.0,110.0,0.0,785167.721066713,0.0026261904872994634
"POLYGON ((-97.746141 30.259112, -97.745503 30.260829, -97.745175 30.261651, -97.745078 30.26161, -97.744892 30.26153, -97.744331 30.261192, -97.744236 30.261135, -97.743762 30.26076, -97.74368 30.260695, -97.743157 30.260165, -97.742814 30.25971, -97.742718 30.259539, -97.742506 30.25916, -97.742219 30.258604, -97.742111 30.258144, -97.742069 30.257915, -97.742003 30.257553, -97.741918 30.257009, -97.7412 30.255258, -97.740982 30.254788, -97.740722 30.254453, -97.740501 30.254175, -97.740345 30.253978, -97.739677 30.253227, -97.739544 30.253091, -97.739646 30.253066, -97.73982 30.253022, -97.740021 30.252966, -97.740391 30.252721, -97.740434 30.252715, -97.740484 30.252698, -97.740505 30.252681, -97.740519 30.252655, -97.740539 30.25257, -97.740565 30.2525, -97.740606 30.25239, -97.740692 30.2522, -97.740758 30.252085, -97.740832 30.251979, -97.74088 30.251925, -97.740915 30.251895, -97.740947 30.251869, -97.740974 30.25183, -97.740995 30.251779, -97.740995 30.251722, -97.740968 30.251618, -97.740927 30.251519, -97.740795 30.251294, -97.740726 30.251161, -97.74066 30.251001, -97.740658 30.25097, -97.740732 30.251073, -97.740868 30.251348, -97.741053 30.251608, -97.741174 30.251753, -97.741281 30.251852, -97.741455 30.251965, -97.741566 30.252001, -97.741678 30.252066, -97.741864 30.252163, -97.74216 30.252356, -97.742553 30.252626, -97.743832 30.253562, -97.743956 30.253757, -97.744537 30.254671, -97.746875 30.257144, -97.746141 30.259112))",34.5,549.0,123889.0,0.0,0.0,349709.7524249774,0.0015698732911881717
"POLYGON ((-97.864319 30.357659, -97.864215 30.357806, -97.864244 30.358075, -97.864245 30.358144, -97.864198 30.358188, -97.864178 30.358234, -97.86414 30.358301, -97.864092 30.358369, -97.864056 30.358434, -97.863951 30.358596, -97.863903 30.358653, -97.86377 30.358833, -97.863665 30.358997, -97.863512 30.359183, -97.863408 30.359302, -97.863389 30.359331, -97.863329 30.359455, -97.863202 30.359663, -97.863133 30.359745, -97.863077 30.359796, -97.863037 30.35984, -97.863001 30.359896, -97.862892 30.360153, -97.862836 30.36027, -97.86279 30.360343, -97.86277 30.360387, -97.862758 30.36045, -97.862761 30.360609, -97.862772 30.360706, -97.862795 30.360911, -97.862806 30.36098, -97.862833 30.36106, -97.862928 30.361253, -97.862974 30.361372, -97.863149 30.361703, -97.863263 30.361939, -97.86337 30.362213, -97.863442 30.36238, -97.863475 30.362492, -97.863494 30.362609, -97.863514 30.362688, -97.863399 30.36273, -97.863363 30.362752, -97.863276 30.362841, -97.863098 30.363105, -97.863062 30.36319, -97.863019 30.363271, -97.862976 30.363335, -97.862921 30.363389, -97.862806 30.363482, -97.86266 30.363572, -97.862516 30.363668, -97.862368 30.363781, -97.862074 30.364028, -97.861886 30.364226, -97.861633 30.364602, -97.861542 30.364735, -97.861461 30.364837, -97.861374 30.364916, -97.861026 30.365191, -97.860959 30.365232, -97.860831 30.365288, -97.860757 30.365306, -97.860669 30.365316, -97.860626 30.365315, -97.860571 30.365305, -97.860474 30.365265, -97.860128 30.365074, -97.859814 30.364883, -97.859766 30.364869, -97.859611 30.364866, -97.859552 30.364871, -97.859325 30.364927, -97.859221 30.365327, -97.859386 30.365463, -97.859733 30.365825, -97.859966 30.366088, -97.86036 30.366406, -97.861131 30.366779, -97.861505 30.367031, -97.861662 30.36724, -97.861819 30.367479, -97.861888 30.367742, -97.86193 30.368213, -97.861936 30.36845, -97.861853 30.368674, -97.861458 30.369288, -97.860926 30.370042, -97.860105 30.371211, -97.859831 30.371335, -97.859472 30.371395, -97.859118 30.371407, -97.858287 30.371435, -97.857597 30.371719, -97.857136 30.372208, -97.857018 30.372475, -97.856734 30.373115, -97.85658 30.373415, -97.856499 30.37357, -97.856431 30.373659, -97.856329 30.373804, -97.856194 30.373965, -97.855809 30.374281, -97.855286 30.374687, -97.854954 30.37491, -97.854771 30.375009, -97.854612 30.375086, -97.854127 30.375291, -97.854049 30.375328, -97.85394 30.375415, -97.853792 30.375535, -97.853619 30.375705, -97.853474 30.375878, -97.853316 30.376122, -97.853017 30.377101, -97.852669 30.377735, -97.852162 30.377585, -97.851301 30.376913, -97.85036 30.376692, -97.849326 30.376534, -97.848731 30.376454, -97.848338 30.376408, -97.847406 30.376252, -97.846926 30.376067, -97.846591 30.37587, -97.84588 30.3751, -97.845735 30.374977, -97.845563 30.374786, -97.8452 30.374243, -97.84506 30.373764, -97.844971 30.373204, -97.845015 30.372776, -97.845235 30.372164, -97.84556 30.371277, -97.845776 30.370827, -97.845922 30.370621, -97.846177 30.370056, -97.846515 30.369388, -97.846672 30.369081, -97.846869 30.368821, -97.847065 30.368633, -97.847544 30.368171, -97.847781 30.367996, -97.847915 30.367846, -97.848119 30.367587, -97.848858 30.366591, -97.848931 30.366474, -97.849036 30.366336, -97.849358 30.365993, -97.849472 30.36589, -97.849637 30.365753, -97.849868 30.365587, -97.850318 30.365263, -97.85042 30.365183, -97.850685 30.364946, -97.850802 30.364789, -97.850871 30.364672, -97.850926 30.36456, -97.850986 30.364404, -97.851138 30.363808, -97.851186 30.363649, -97.85125 30.363485, -97.851758 30.36267, -97.851218 30.3624, -97.850788 30.362184, -97.850663 30.362159, -97.850503 30.362151, -97.850349 30.362162, -97.850183 30.362205, -97.850013 30.362265, -97.848837 30.362966, -97.848874 30.363032, -97.848917 30.363135, -97.848946 30.363254, -97.848956 30.363364, -97.848949 30.363485, -97.848922 30.363603, -97.848886 30.363698, -97.848638 30.364158, -97.848554 30.364294, -97.848155 30.364831, -97.848049 30.364955, -97.847801 30.365193, -97.847684 30.365292, -97.847529 30.365405, -97.847499 30.36542, -97.847369 30.365503, -97.847251 30.36557, -97.847028 30.365673, -97.846853 30.365738, -97.846653 30.365795, -97.846444 30.365843, -97.846419 30.365845, -97.846295 30.36587, -97.846133 30.365895, -97.845841 30.365948, -97.84488 30.366019, -97.844818 30.366024, -97.843759 30.366115, -97.84358 30.366129, -97.84345 30.366131, -97.843179 30.366119, -97.842986 30.366099, -97.84282 30.366073, -97.842631 30.366029, -97.842481 30.36599, -97.842236 30.365899, -97.842113 30.365847, -97.841953 30.365774, -97.841761 30.365661, -97.84133 30.365373, -97.840773 30.365076, -97.840575 30.364982, -97.840301 30.364914, -97.840056 30.36489, -97.839825 30.364899, -97.839633 30.36493, -97.839406 30.364998, -97.839111 30.365095, -97.838868 30.36519, -97.838719 30.365236, -97.838538 30.365269, -97.838201 30.365245, -97.838091 30.365219, -97.837887 30.365125, -97.83778 30.365045, -97.83659 30.363647, -97.836128 30.363068, -97.835821 30.362729, -97.835694 30.36261, -97.834929 30.36193, -97.834338 30.361414, -97.833974 30.361157, -97.833588 30.360924, -97.833225 30.360712, -97.832998 30.360589, -97.832782 30.360478, -97.832564 30.360389, -97.832207 30.360269, -97.831666 30.360155, -97.831749 30.359891, -97.831816 30.359734, -97.831912 30.359534, -97.832063 30.359251, -97.832432 30.358556, -97.832573 30.358268, -97.83261 30.358193, -97.832619 30.358173, -97.832678 30.358041, -97.832689 30.358018, -97.832696 30.358002, -97.832735 30.357917, -97.832717 30.357498, -97.832615 30.356829, -97.832563 30.356568, -97.832525 30.356441, -97.832489 30.356257, -97.832455 30.356051, -97.832443 30.355898, -97.832445 30.355774, -97.832442 30.355691, -97.832481 30.355375, -97.832494 30.355211, -97.832511 30.354995, -97.832541 30.354417, -97.832544 30.354297, -97.832578 30.354137, -97.832722 30.35387, -97.832808 30.353732, -97.832834 30.353689, -97.833014 30.353752, -97.833309 30.353694, -97.833426 30.353681, -97.833591 30.353681, -97.83368 30.353636, -97.833743 30.353604, -97.833781 30.353495, -97.83638 30.354734, -97.836982 30.35502, -97.837426 30.354319, -97.837611 30.354027, -97.839446 30.351127, -97.840778 30.349021, -97.841183 30.348381, -97.850585 30.35328, -97.850577 30.353009, -97.850557 30.352755, -97.85062 30.352585, -97.850664 30.352479, -97.850785 30.352335, -97.850862 30.352262, -97.851043 30.352227, -97.851645 30.352111, -97.851608 30.352089, -97.851343 30.351873, -97.853767 30.35303, -97.856347 30.354296, -97.857186 30.354703, -97.86197 30.354274, -97.862223 30.354251, -97.862619 30.354003, -97.863153 30.353668, -97.863203 30.35373, -97.863586 30.354202, -97.863621 30.354246, -97.863968 30.354675, -97.86396 30.354723, -97.863956 30.35478, -97.863941 30.354867, -97.863935 30.354887, -97.863896 30.355015, -97.863895 30.355055, -97.863909 30.355081, -97.863917 30.355115, -97.863879 30.355229, -97.863873 30.35529, -97.863865 30.355314, -97.863849 30.355328, -97.86381 30.355345, -97.863761 30.355352, -97.863726 30.355366, -97.863694 30.35539, -97.863655 30.355436, -97.863616 30.355495, -97.863522 30.355636, -97.863503 30.355672, -97.863482 30.355744, -97.86348 30.355792, -97.863523 30.356017, -97.863503 30.35611, -97.863398 30.356324, -97.863283 30.356439, -97.86305 30.356594, -97.863018 30.356633, -97.862952 30.356756, -97.862894 30.356849, -97.862869 30.356911, -97.862857 30.356971, -97.862859 30.357036, -97.862872 30.357071, -97.8629 30.357094, -97.862975 30.357126, -97.863272 30.357226, -97.863359 30.357237, -97.863472 30.357233, -97.863834 30.3572, -97.863962 30.357177, -97.864255 30.357227, -97.864319 30.357435, -97.864319 30.357659))",49.2,1903.0,250001.0,0.0,29.0,5372303.969796203,0.00035422418587982275
"POLYGON ((-97.925708 30.296366, -97.925687 30.296368, -97.925592 30.296369, -97.925569 30.296365, -97.92541 30.296319, -97.92532 30.296288, -97.92526 30.29628, -97.925181 30.296283, -97.925054 30.296304, -97.9249 30.296346, -97.924845 30.296353, -97.924752 30.296347, -97.924654 30.296326, -97.92458 30.296302, -97.924532 30.296276, -97.924212 30.296045, -97.924124 30.295994, -97.924068 30.295981, -97.924006 30.295978, -97.923902 30.295989, -97.923853 30.295999, -97.92371 30.296038, -97.923627 30.296043, -97.923502 30.296037, -97.923343 30.296023, -97.923282 30.296028, -97.923218 30.296041, -97.923061 30.296075, -97.922985 30.296105, -97.922584 30.296338, -97.922534 30.296376, -97.92252 30.296401, -97.922526 30.296462, -97.922511 30.296486, -97.922419 30.296539, -97.922356 30.296568, -97.922319 30.296597, -97.922265 30.296617, -97.92214 30.296649, -97.922013 30.296669, -97.921958 30.296687, -97.921884 30.296728, -97.921814 30.29678, -97.921725 30.296858, -97.921574 30.296945, -97.921482 30.296985, -97.921378 30.297029, -97.920886 30.297311, -97.920681 30.297447, -97.920406 30.297626, -97.920275 30.297719, -97.920164 30.297816, -97.92 30.297981, -97.919836 30.298138, -97.919765 30.29822, -97.919687 30.298328, -97.919562 30.298519, -97.919441 30.298693, -97.919231 30.29903, -97.919209 30.299075, -97.919187 30.299156, -97.919143 30.299542, -97.919118 30.299676, -97.919117 30.299726, -97.919128 30.299778, -97.919155 30.29987, -97.919172 30.30013, -97.919177 30.300448, -97.919189 30.300627, -97.91918 30.300706, -97.919145 30.300822, -97.919046 30.301045, -97.91897 30.301201, -97.918896 30.301314, -97.918659 30.301648, -97.918578 30.301787, -97.918505 30.301879, -97.918421 30.301957, -97.918253 30.302068, -97.918121 30.302175, -97.917859 30.302431, -97.917714 30.302572, -97.917622 30.302651, -97.917516 30.30273, -97.917396 30.302801, -97.917272 30.302858, -97.9171 30.302925, -97.916858 30.303048, -97.916732 30.303102, -97.916572 30.303155, -97.916477 30.303174, -97.916393 30.303182, -97.916261 30.303179, -97.916193 30.303187, -97.916074 30.303213, -97.915983 30.303244, -97.915684 30.303378, -97.915595 30.303426, -97.915534 30.303465, -97.915384 30.303573, -97.91516 30.303718, -97.91506 30.303775, -97.914988 30.303816, -97.914585 30.304032, -97.914274 30.304235, -97.914059 30.304364, -97.91398 30.304415, -97.913736 30.304581, -97.913569 30.304659, -97.913361 30.304792, -97.913186 30.30491, -97.913043 30.304999, -97.912943 30.305025, -97.912831 30.305082, -97.912699 30.30514, -97.912652 30.305177, -97.912621 30.305211, -97.912571 30.305282, -97.912495 30.305445, -97.91241 30.305553, -97.912336 30.305637, -97.912206 30.305773, -97.912141 30.305858, -97.912 30.306075, -97.911958 30.306139, -97.911883 30.306305, -97.911826 30.306391, -97.911689 30.306561, -97.911637 30.30661, -97.911575 30.306642, -97.911486 30.306679, -97.911449 30.306704, -97.911391 30.306751, -97.911312 30.30679, -97.911183 30.306836, -97.91103 30.30688, -97.910839 30.306957, -97.910717 30.306987, -97.910604 30.307003, -97.910448 30.30701, -97.91039 30.307018, -97.910181 30.307081, -97.910053 30.307093, -97.909809 30.307092, -97.909678 30.307081, -97.90956 30.307055, -97.909478 30.307025, -97.909273 30.306927, -97.909053 30.306808, -97.908817 30.306693, -97.908719 30.306635, -97.908664 30.306587, -97.908613 30.306525, -97.90859 30.30649, -97.908502 30.306337, -97.908468 30.306285, -97.908403 30.306199, -97.908062 30.305845, -97.907993 30.305758, -97.907559 30.305119, -97.907511 30.30506, -97.9074 30.304939, -97.90726 30.304809, -97.90713 30.304707, -97.90714 30.304588, -97.906701 30.304365, -97.90634 30.304182, -97.906151 30.304102, -97.905692 30.304005, -97.905246 30.303873, -97.904779 30.303647, -97.904673 30.303619, -97.9045 30.303573, -97.904014 30.303407, -97.903587 30.30319, -97.903017 30.302852, -97.902702 30.30262, -97.901885 30.301952, -97.89989 30.30032, -97.899822 30.300266, -97.899778 30.300227, -97.899581 30.300044, -97.899378 30.299856, -97.898727 30.299333, -97.89788 30.298656, -97.897716 30.298451, -97.897287 30.297913, -97.896977 30.296928, -97.897844 30.295847, -97.898149 30.295422, -97.898186 30.295394, -97.898898 30.29486, -97.898907 30.294853, -97.898921 30.294848, -97.89926 30.294723, -97.899599 30.294599, -97.899802 30.29449, -97.900344 30.29408, -97.900601 30.293826, -97.900901 30.293529, -97.901223 30.293229, -97.90125 30.293205, -97.901703 30.292785, -97.901766 30.292726, -97.901837 30.292618, -97.90201 30.292293, -97.902029 30.292225, -97.90214 30.291839, -97.902012 30.291584, -97.901988 30.291534, -97.901951 30.291456, -97.901856 30.291276, -97.901728 30.291034, -97.901604 30.290801, -97.901232 30.290142, -97.9007 30.28926, -97.899945 30.289301, -97.898968 30.289389, -97.898517 30.289495, -97.897969 30.289623, -97.897509 30.289873, -97.897337 30.289978, -97.896883 30.290254, -97.896539 30.290479, -97.896407 30.290595, -97.895981 30.290961, -97.895611 30.2913, -97.895399 30.291522, -97.895219 30.291708, -97.894659 30.292293, -97.894622 30.292331, -97.894567 30.292389, -97.893106 30.293901, -97.892844 30.294183, -97.892206 30.294868, -97.891638 30.295415, -97.890608 30.295682, -97.889196 30.295248, -97.888836 30.294877, -97.888307 30.294332, -97.88829 30.294311, -97.888037 30.293951, -97.887972 30.293861, -97.887556 30.293223, -97.887409 30.293003, -97.887287 30.292684, -97.8872 30.292457, -97.886802 30.291443, -97.886207 30.289905, -97.886131 30.289191, -97.885002 30.287803, -97.884213 30.286971, -97.883852 30.286736, -97.883691 30.286631, -97.883037 30.286481, -97.882664 30.286502, -97.88241 30.286624, -97.882416 30.286588, -97.882361 30.286613, -97.882059 30.286774, -97.881604 30.285381, -97.881417 30.285105, -97.881264 30.284101, -97.881453 30.283082, -97.881453 30.282969, -97.88143 30.282867, -97.881396 30.282762, -97.881307 30.282345, -97.881275 30.281857, -97.880428 30.281673, -97.879528 30.281607, -97.878804 30.281656, -97.878217 30.281826, -97.877716 30.282114, -97.87674 30.282793, -97.87646 30.283039, -97.876406 30.283096, -97.876358 30.283162, -97.876312 30.283253, -97.876246 30.283384, -97.876169 30.283516, -97.876078 30.283638, -97.875981 30.283755, -97.875904 30.283824, -97.875764 30.283912, -97.875624 30.283995, -97.875496 30.284089, -97.87533 30.284221, -97.875033 30.284734, -97.874988 30.284957, -97.874982 30.285097, -97.87499 30.285225, -97.875002 30.285331, -97.875039 30.285459, -97.875053 30.285636, -97.875059 30.285818, -97.875052 30.285906, -97.875019 30.286053, -97.874918 30.286372, -97.874658 30.287129, -97.874357 30.287529, -97.874291 30.287617, -97.873835 30.28793, -97.872704 30.288676, -97.872454 30.28874, -97.872034 30.288795, -97.868972 30.28919, -97.868916 30.289197, -97.865765 30.289541, -97.864355 30.289708, -97.863597 30.289985, -97.863459 30.290037, -97.8629 30.290444, -97.862743 30.290634, -97.862534 30.290838, -97.862412 30.290992, -97.862297 30.291189, -97.862234 30.29134, -97.862189 30.29156, -97.862171 30.291742, -97.862189 30.291959, -97.862258 30.292207, -97.862393 30.292667, -97.862425 30.292792, -97.862474 30.292976, -97.86249 30.293178, -97.862465 30.2934, -97.862396 30.293709, -97.862284 30.29419, -97.862213 30.294408, -97.862063 30.29465, -97.861843 30.29487, -97.861593 30.29503, -97.861347 30.295138, -97.860983 30.29524, -97.859961 30.295571, -97.859119 30.295849, -97.858784 30.295992, -97.857733 30.296706, -97.856925 30.297261, -97.856611 30.297433, -97.856414 30.2975, -97.856141 30.297555, -97.85589 30.297566, -97.85556 30.297531, -97.855251 30.297442, -97.854984 30.2973, -97.854782 30.297145, -97.854513 30.296865, -97.854153 30.2965, -97.853878 30.296327, -97.853605 30.29622, -97.853302 30.296153, -97.853072 30.296143, -97.852754 30.296175, -97.85192 30.296349, -97.8519 30.296287, -97.851828 30.296039, -97.851832 30.29591, -97.851837 30.295655, -97.851721 30.295328, -97.851685 30.295053, -97.851596 30.294542, -97.851558 30.294226, -97.851582 30.294131, -97.851597 30.294074, -97.851599 30.293955, -97.851535 30.293775, -97.85137 30.293429, -97.851298 30.293331, -97.851214 30.293309, -97.85111 30.293263, -97.8511 30.293246, -97.85105 30.29297, -97.851013 30.292721, -97.851021 30.292604, -97.851038 30.292489, -97.851011 30.29232, -97.85085 30.29208, -97.850806 30.292034, -97.85068 30.291903, -97.850477 30.291782, -97.850162 30.291606, -97.850009 30.291489, -97.849684 30.291444, -97.849599 30.291424, -97.848671 30.291269, -97.848599 30.29126, -97.848364 30.29123, -97.847955 30.291193, -97.847715 30.291167, -97.847423 30.291098, -97.847178 30.291065, -97.846962 30.291091, -97.846749 30.291196, -97.846683 30.291292, -97.846694 30.291387, -97.846673 30.291464, -97.846526 30.291495, -97.846441 30.291495, -97.846232 30.291587, -97.84586 30.291737, -97.845574 30.291941, -97.845356 30.292145, -97.845257 30.292247, -97.844983 30.292494, -97.844862 30.292651, -97.844821 30.292802, -97.844802 30.292839, -97.844637 30.292847, -97.844605 30.292837, -97.844456 30.292752, -97.844338 30.292717, -97.844241 30.292714, -97.843885 30.292782, -97.843568 30.292783, -97.843389 30.292749, -97.843138 30.292616, -97.842956 30.292349, -97.842982 30.292135, -97.842985 30.29175, -97.843026 30.291506, -97.843093 30.291284, -97.843164 30.29098, -97.843181 30.29082, -97.843181 30.290716, -97.843206 30.290567, -97.843329 30.29042, -97.843564 30.29016, -97.843725 30.290001, -97.843804 30.289895, -97.844 30.289764, -97.844305 30.289511, -97.844377 30.289445, -97.8447 30.289193, -97.845002 30.289002, -97.845248 30.288909, -97.845444 30.28885, -97.845786 30.288765, -97.846054 30.28863, -97.846825 30.288189, -97.847099 30.287803, -97.847481 30.287494, -97.847552 30.287428, -97.847851 30.287205, -97.847911 30.287289, -97.848653 30.286773, -97.849188 30.286464, -97.849314 30.286387, -97.850674 30.285608, -97.850956 30.285312, -97.851097 30.285166, -97.851842 30.28441, -97.851848 30.284383, -97.852024 30.28422, -97.852103 30.284099, -97.852127 30.284014, -97.852284 30.28369, -97.852407 30.283382, -97.852413 30.283343, -97.852464 30.283064, -97.852537 30.282916, -97.852541 30.282658, -97.852486 30.282277, -97.852418 30.282053, -97.852384 30.281915, -97.852366 30.281901, -97.852273 30.281846, -97.852024 30.281774, -97.851825 30.281657, -97.851589 30.281241, -97.851397 30.280935, -97.851253 30.280781, -97.851124 30.280642, -97.850794 30.280369, -97.850215 30.279952, -97.849987 30.279768, -97.849785 30.279489, -97.849728 30.279442, -97.849651 30.279396, -97.849536 30.279354, -97.849337 30.279304, -97.849291 30.279304, -97.84927 30.279317, -97.849249 30.279347, -97.849208 30.279372, -97.84915 30.279392, -97.849097 30.279405, -97.84906 30.279407, -97.84903 30.279402, -97.848935 30.279374, -97.848864 30.279337, -97.848739 30.279241, -97.848713 30.279215, -97.848667 30.279187, -97.848641 30.279182, -97.848613 30.279182, -97.848599 30.279182, -97.848512 30.27919, -97.848485 30.279189, -97.848447 30.279177, -97.84831 30.279096, -97.84807 30.278943, -97.847666 30.27854, -97.847598 30.278516, -97.847574 30.278502, -97.847467 30.278367, -97.847298 30.278166, -97.847277 30.278135, -97.84724 30.278044, -97.847204 30.277992, -97.847163 30.277954, -97.847039 30.277855, -97.846975 30.277789, -97.846753 30.277593, -97.846706 30.277539, -97.846678 30.277517, -97.846573 30.277452, -97.846549 30.277441, -97.846523 30.277419, -97.846408 30.277245, -97.846393 30.277201, -97.84638 30.277135, -97.846343 30.276826, -97.846345 30.276779, -97.846358 30.276692, -97.846355 30.27665, -97.846344 30.276619, -97.846306 30.276552, -97.846175 30.276369, -97.846128 30.276267, -97.846074 30.276115, -97.846014 30.275908, -97.845955 30.275743, -97.846113 30.275786, -97.84613 30.275797, -97.846307 30.275851, -97.846349 30.275869, -97.846476 30.275951, -97.846541 30.275987, -97.846809 30.276132, -97.84704 30.276292, -97.847277 30.276445, -97.847362 30.27649, -97.847425 30.276516, -97.847454 30.276523, -97.847494 30.276526, -97.847539 30.276521, -97.84759 30.276507, -97.847641 30.276474, -97.847675 30.276462, -97.847748 30.276451, -97.847803 30.276438, -97.847862 30.276439, -97.847966 30.276477, -97.847997 30.2765, -97.848024 30.27654, -97.848105 30.276709, -97.848162 30.276766, -97.848209 30.276806, -97.848295 30.276826, -97.848384 30.276825, -97.848499 30.276797, -97.848638 30.276746, -97.848854 30.276645, -97.849064 30.276509, -97.849236 30.27636, -97.849347 30.276249, -97.849769 30.27593, -97.849917 30.275773, -97.850711 30.275065, -97.850991 30.27497, -97.851489 30.274894, -97.851572 30.27485, -97.851653 30.274791, -97.852141 30.274632, -97.852281 30.274654, -97.852601 30.274313, -97.852794 30.274197, -97.852867 30.274167, -97.852919 30.27413, -97.852866 30.273983, -97.852687 30.273841, -97.852677 30.273774, -97.852697 30.27372, -97.852823 30.273636, -97.853053 30.27354, -97.853135 30.273454, -97.853273 30.273417, -97.853462 30.273341, -97.853664 30.273268, -97.853739 30.273241, -97.854087 30.273073, -97.854368 30.272904, -97.854448 30.272871, -97.85467 30.272761, -97.854814 30.272552, -97.854878 30.272475, -97.854932 30.27241, -97.85505 30.272269, -97.855286 30.272086, -97.855466 30.27186, -97.855611 30.271615, -97.855728 30.271451, -97.855757 30.271417, -97.855865 30.271376, -97.855936 30.271359, -97.85604 30.271422, -97.856337 30.271736, -97.856447 30.271908, -97.856619 30.272098, -97.856682 30.272133, -97.856704 30.272139, -97.856841 30.272113, -97.856985 30.272065, -97.85701 30.272057, -97.857241 30.271939, -97.857301 30.27189, -97.857309 30.27187, -97.85731 30.271761, -97.85727 30.271599, -97.85726 30.271496, -97.857153 30.271327, -97.856995 30.271209, -97.856917 30.271056, -97.856816 30.270771, -97.856819 30.270609, -97.856853 30.270564, -97.856881 30.270527, -97.857106 30.270509, -97.857364 30.270506, -97.857702 30.270485, -97.85779 30.270396, -97.857861 30.270244, -97.857886 30.269993, -97.857852 30.269709, -97.857848 30.269466, -97.858007 30.269233, -97.858027 30.269203, -97.85823 30.269079, -97.858563 30.268793, -97.858586 30.26871, -97.858789 30.268551, -97.858817 30.268509, -97.859009 30.268262, -97.859167 30.267925, -97.85932 30.26743, -97.859406 30.267348, -97.859463 30.267271, -97.859485 30.26722, -97.859553 30.266973, -97.859604 30.267009, -97.859661 30.267039, -97.859742 30.267059, -97.859828 30.26707, -97.859997 30.267071, -97.86012 30.267078, -97.860224 30.267095, -97.860278 30.267118, -97.860318 30.267144, -97.860379 30.267231, -97.860402 30.267248, -97.860442 30.26726, -97.860544 30.26726, -97.860616 30.267246, -97.860677 30.267222, -97.860723 30.26719, -97.860777 30.267131, -97.86081 30.267077, -97.860847 30.266977, -97.860873 30.266937, -97.86094 30.266881, -97.861141 30.266757, -97.861213 30.266702, -97.861272 30.266643, -97.861409 30.266453, -97.861447 30.266414, -97.861488 30.266394, -97.861584 30.266374, -97.861727 30.266353, -97.862182 30.266257, -97.862339 30.266244, -97.862421 30.266229, -97.862509 30.2662, -97.862887 30.266123, -97.863015 30.266088, -97.863141 30.266037, -97.863226 30.265996, -97.863323 30.265937, -97.863404 30.265877, -97.86344 30.265838, -97.863462 30.265799, -97.863536 30.265436, -97.863574 30.265063, -97.863588 30.26503, -97.863671 30.264933, -97.863767 30.264786, -97.863787 30.264725, -97.863811 30.264435, -97.863824 30.264326, -97.863849 30.264229, -97.863882 30.264191, -97.863927 30.26417, -97.864036 30.26417, -97.864391 30.264158, -97.864453 30.264149, -97.864619 30.264103, -97.864652 30.26409, -97.864679 30.264074, -97.864707 30.264037, -97.86473 30.263971, -97.864845 30.263219, -97.864869 30.263126, -97.864896 30.263068, -97.86493 30.263022, -97.864988 30.262972, -97.86505 30.262942, -97.865136 30.262911, -97.865224 30.2629, -97.865264 30.262888, -97.865291 30.262866, -97.865355 30.262772, -97.865406 30.262656, -97.865423 30.262583, -97.865426 30.262509, -97.865412 30.262417, -97.865373 30.262292, -97.865313 30.262173, -97.865301 30.262107, -97.865307 30.262036, -97.865327 30.261973, -97.86535 30.261939, -97.865473 30.261832, -97.86558 30.261732, -97.86561 30.261693, -97.865692 30.261682, -97.8658 30.261659, -97.865881 30.261632, -97.865969 30.261592, -97.866055 30.261536, -97.866327 30.261282, -97.866394 30.261227, -97.86652 30.26114, -97.866669 30.261055, -97.86687 30.260952, -97.867244 30.260791, -97.867413 30.260724, -97.867496 30.260699, -97.867553 30.260691, -97.867644 30.260688, -97.867807 30.2607, -97.867893 30.260697, -97.868005 30.260681, -97.868064 30.260658, -97.868114 30.260624, -97.868152 30.260582, -97.868194 30.260512, -97.868278 30.260299, -97.868338 30.260166, -97.868384 30.260099, -97.868403 30.260081, -97.868469 30.260022, -97.868537 30.259939, -97.868557 30.259904, -97.868576 30.25985, -97.868583 30.259744, -97.868606 30.259613, -97.868639 30.259502, -97.868677 30.259417, -97.86872 30.259341, -97.868754 30.259294, -97.868787 30.259248, -97.868884 30.259143, -97.868979 30.25903, -97.86904 30.258933, -97.8691 30.258806, -97.869162 30.258654, -97.869174 30.258613, -97.868341 30.256668, -97.869028 30.256914, -97.869646 30.257053, -97.87031 30.257131, -97.870649 30.257143, -97.870771 30.257147, -97.870901 30.257149, -97.871063 30.257149, -97.872102 30.257091, -97.876683 30.256793, -97.876817 30.256793, -97.876931 30.256777, -97.878821 30.256697, -97.878965 30.256688, -97.879198 30.256704, -97.879651 30.256743, -97.880032 30.256814, -97.880347 30.256902, -97.88066 30.257009, -97.880986 30.257146, -97.881581 30.257472, -97.881789 30.257617, -97.881877 30.257679, -97.881963 30.257753, -97.882448 30.258204, -97.882599 30.258389, -97.882806 30.258648, -97.883061 30.259004, -97.883345 30.259394, -97.883633 30.259784, -97.883993 30.260279, -97.884175 30.260504, -97.884387 30.260691, -97.884465 30.260748, -97.884587 30.260839, -97.884871 30.261051, -97.885104 30.261195, -97.885299 30.261305, -97.885532 30.261415, -97.885811 30.261525, -97.88618 30.261657, -97.886532 30.261754, -97.887333 30.261911, -97.888753 30.262161, -97.888888 30.26219, -97.889027 30.262246, -97.889432 30.262411, -97.889721 30.262544, -97.890048 30.262717, -97.890205 30.262829, -97.890482 30.263019, -97.890904 30.263387, -97.891227 30.263683, -97.891652 30.264057, -97.891995 30.264342, -97.892188 30.264519, -97.892499 30.264875, -97.892747 30.265194, -97.892913 30.265425, -97.893041 30.265625, -97.893155 30.26586, -97.893207 30.265969, -97.893573 30.266899, -97.893742 30.26731, -97.89395 30.267756, -97.894006 30.267928, -97.894147 30.268159, -97.894224 30.268279, -97.894309 30.268399, -97.894551 30.268723, -97.894655 30.268854, -97.894788 30.269041, -97.894938 30.269232, -97.895844 30.270389, -97.895946 30.270522, -97.896149 30.270806, -97.89623 30.270961, -97.896312 30.271093, -97.896377 30.271223, -97.896454 30.271404, -97.896517 30.271535, -97.896904 30.272524, -97.897054 30.272996, -97.897874 30.275368, -97.898281 30.276748, -97.898754 30.277707, -97.89953 30.27864, -97.90017 30.27907, -97.900889 30.279526, -97.901953 30.279921, -97.905078 30.28068, -97.905694 30.280717, -97.906732 30.280704, -97.907665 30.280546, -97.908243 30.280296, -97.908493 30.280125, -97.909258 30.279668, -97.909929 30.278999, -97.910464 30.278259, -97.910924 30.277655, -97.911437 30.276984, -97.912054 30.276446, -97.912803 30.275986, -97.913645 30.275657, -97.914203 30.275436, -97.914665 30.276345, -97.91471 30.276432, -97.916475 30.279837, -97.916721 30.280544, -97.916887 30.281659, -97.916629 30.284593, -97.916567 30.285588, -97.916623 30.286503, -97.917083 30.287781, -97.917423 30.288726, -97.917593 30.289105, -97.917626 30.289178, -97.917685 30.289309, -97.917932 30.289859, -97.918351 30.290498, -97.919041 30.291166, -97.919919 30.29181, -97.921511 30.292706, -97.921916 30.292958, -97.921984 30.293001, -97.923409 30.293886, -97.925358 30.295818, -97.925822 30.29634, -97.925708 30.296366))",61.3,2350.0,250001.0,0.0,58.0,19379072.46217486,0.00012126483373168965
"POLYGON ((-97.765323 30.432404, -97.765037 30.432401, -97.763611 30.432492, -97.761665 30.432613, -97.760339 30.432714, -97.759092 30.432792, -97.758039 30.43291, -97.756746 30.433054, -97.755249 30.433223, -97.753635 30.433287, -97.75415 30.436784, -97.754351 30.438133, -97.754523 30.439282, -97.754448 30.439308, -97.754386 30.439329, -97.754236 30.439384, -97.754203 30.439397, -97.754165 30.439411, -97.75407 30.439446, -97.753293 30.438995, -97.745996 30.434745, -97.745833 30.43465, -97.745069 30.434206, -97.744889 30.434102, -97.744718 30.434002, -97.744636 30.433954, -97.744189 30.433694, -97.743974 30.433568, -97.743831 30.433485, -97.743633 30.433375, -97.742739 30.43288, -97.741408 30.432191, -97.739557 30.431232, -97.739706 30.431072, -97.739734 30.431054, -97.739939 30.43087, -97.740168 30.430633, -97.740353 30.430444, -97.740511 30.430316, -97.740738 30.430124, -97.740941 30.429973, -97.741077 30.42986, -97.741148 30.42977, -97.741211 30.429663, -97.741261 30.429689, -97.741978 30.430025, -97.742381 30.430173, -97.742476 30.430234, -97.742598 30.430321, -97.742715 30.430415, -97.742906 30.430525, -97.743049 30.430585, -97.743199 30.430629, -97.743385 30.430662, -97.743788 30.430716, -97.743827 30.43109, -97.743921 30.431417, -97.744138 30.431797, -97.744352 30.431998, -97.74467 30.432212, -97.745029 30.432365, -97.745196 30.432396, -97.745538 30.43246, -97.746011 30.432413, -97.746468 30.432282, -97.746808 30.432072, -97.746909 30.43201, -97.747036 30.431882, -97.747149 30.431768, -97.747331 30.431486, -97.747393 30.431095, -97.747486 30.430777, -97.747565 30.430359, -97.74768 30.430113, -97.747867 30.429887, -97.748024 30.429737, -97.748064 30.429694, -97.748178 30.429591, -97.748243 30.429523, -97.748303 30.429439, -97.748351 30.429337, -97.74845 30.42897, -97.748475 30.4289, -97.748553 30.428919, -97.748608 30.428933, -97.748651 30.428944, -97.748678 30.428953, -97.749468 30.42911, -97.749842 30.429179, -97.75038 30.429196, -97.750816 30.429148, -97.751149 30.429065, -97.751358 30.429013, -97.751652 30.428886, -97.751706 30.428863, -97.752082 30.428628, -97.752341 30.428398, -97.752549 30.42816, -97.753215 30.427144, -97.753438 30.426817, -97.753449 30.426801, -97.75346 30.426782, -97.753475 30.426756, -97.753483 30.426742, -97.753491 30.426728, -97.753497 30.426718, -97.753502 30.426709, -97.753509 30.426697, -97.753516 30.426685, -97.753527 30.426666, -97.75355 30.426626, -97.753563 30.426604, -97.753576 30.426581, -97.753592 30.426554, -97.753601 30.426538, -97.753615 30.426514, -97.753633 30.426523, -97.754734 30.427052, -97.75494 30.427159, -97.755084 30.427231, -97.758301 30.428852, -97.75896 30.429183, -97.759178 30.429292, -97.759449 30.429426, -97.761716 30.430546, -97.762461 30.43091, -97.765609 30.432407, -97.765323 30.432404))",31.7,1847.0,101250.0,105.0,26.0,1199889.4711984566,0.0015393084482649936
"POLYGON ((-97.708929 30.355363, -97.708382 30.35568, -97.707591 30.356175, -97.706817 30.356665, -97.706632 30.356792, -97.706502 30.356876, -97.706406 30.35695, -97.70632 30.357028, -97.70623 30.357113, -97.706142 30.35721, -97.705885 30.357507, -97.705048 30.358608, -97.704616 30.359235, -97.704341 30.359677, -97.702448 30.358769, -97.701734 30.358434, -97.701447 30.358314, -97.701406 30.358298, -97.700108 30.357647, -97.70036 30.357309, -97.700387 30.357273, -97.701263 30.35657, -97.702688 30.355497, -97.702936 30.355339, -97.704068 30.354524, -97.704707 30.354046, -97.705638 30.353351, -97.706154 30.353626, -97.706382 30.353745, -97.706567 30.353841, -97.70711 30.354116, -97.707377 30.354251, -97.707915 30.354538, -97.708249 30.354704, -97.708395 30.35477, -97.708491 30.354832, -97.708565 30.354887, -97.708622 30.354953, -97.708929 30.355363))",47.2,1337.0,64352.0,160.0,15.0,270299.97862142615,0.004946356292068232
"POLYGON ((-97.705073 30.344024, -97.704938 30.344197, -97.703958 30.346108, -97.703531 30.34693, -97.70319 30.34755, -97.70021 30.34613, -97.698937 30.345507, -97.697067 30.344591, -97.697009 30.344563, -97.696888 30.344504, -97.697159 30.344068, -97.69719 30.344018, -97.697739 30.343137, -97.69894 30.341236, -97.699235 30.340763, -97.699449 30.340421, -97.699968 30.339599, -97.700081 30.339432, -97.700142 30.339341, -97.70016 30.339315, -97.7003 30.339399, -97.700472 30.339515, -97.700553 30.339569, -97.700627 30.339619, -97.700658 30.33964, -97.70097 30.339889, -97.701143 30.340027, -97.702367 30.341437, -97.702597 30.341702, -97.703617 30.3428, -97.703654 30.342837, -97.703945 30.343077, -97.704495 30.343509, -97.705144 30.343949, -97.705073 30.344024))",40.5,940.0,70071.0,59.0,0.0,368445.0016290508,0.0025512627280703045
"POLYGON ((-97.719228 30.381965, -97.719067 30.382695, -97.718261 30.385843, -97.717203 30.389979, -97.717152 30.390178, -97.717151 30.3902, -97.717141 30.390222, -97.717111 30.390338, -97.716982 30.390843, -97.716279 30.393284, -97.716252 30.393271, -97.716143 30.393217, -97.71514 30.392719, -97.714888 30.392282, -97.714063 30.390932, -97.714003 30.390849, -97.713972 30.390822, -97.713921 30.390766, -97.713569 30.390281, -97.711181 30.389123, -97.710471 30.388783, -97.710429 30.388763, -97.710358 30.388728, -97.710335 30.388717, -97.706265 30.386743, -97.705853 30.386558, -97.705479 30.386342, -97.704918 30.386074, -97.704505 30.385876, -97.702713 30.385022, -97.701758 30.384564, -97.701163 30.38428, -97.700923 30.384166, -97.700684 30.384051, -97.700319 30.383843, -97.700971 30.382822, -97.701139 30.382597, -97.701334 30.382205, -97.701383 30.382163, -97.701805 30.381802, -97.701785 30.381705, -97.701615 30.380861, -97.701572 30.380475, -97.701654 30.380223, -97.701791 30.380062, -97.702091 30.379707, -97.704147 30.380737, -97.70455 30.380934, -97.706548 30.381908, -97.706969 30.381254, -97.707579 30.380317, -97.707809 30.38011, -97.707264 30.379612, -97.706748 30.379096, -97.706542 30.378772, -97.706365 30.378494, -97.706909 30.378309, -97.707364 30.378154, -97.708245 30.377902, -97.708985 30.37767, -97.709844 30.377208, -97.710131 30.377229, -97.71009 30.377397, -97.71009 30.377517, -97.710111 30.377624, -97.710298 30.377878, -97.711997 30.378771, -97.712439 30.378973, -97.715852 30.380581, -97.715882 30.380595, -97.715934 30.38062, -97.715988 30.380647, -97.718025 30.381669, -97.719142 30.381951, -97.719228 30.381965))",31.9,1806.0,96944.0,70.0,40.0,1574660.023038319,0.0011469142377256193
"POLYGON ((-97.969854 30.337882, -97.969747 30.338805, -97.969677 30.33913, -97.969534 30.339507, -97.969371 30.339829, -97.969316 30.339914, -97.969248 30.340019, -97.968875 30.34059, -97.968647 30.340904, -97.968472 30.341144, -97.968085 30.341677, -97.967785 30.342088, -97.967459 30.342538, -97.965685 30.344997, -97.965001 30.345917, -97.964622 30.346466, -97.964462 30.346755, -97.964238 30.347254, -97.964007 30.34788, -97.963848 30.348408, -97.963668 30.349173, -97.963399 30.350348, -97.962935 30.351586, -97.962577 30.352162, -97.962388 30.352485, -97.9619 30.353318, -97.961413 30.354152, -97.961376 30.354215, -97.960635 30.355033, -97.960159 30.355568, -97.959734 30.356045, -97.959662 30.356126, -97.959508 30.356301, -97.95929 30.356548, -97.958412 30.357258, -97.957967 30.357693, -97.957698 30.35783, -97.956873 30.357128, -97.956194 30.356763, -97.955183 30.356267, -97.955146 30.356249, -97.955128 30.35624, -97.953963 30.355668, -97.953818 30.355597, -97.953296 30.35534, -97.951814 30.354627, -97.948183 30.352879, -97.947211 30.352412, -97.94221 30.350005, -97.941142 30.349491, -97.937334 30.347658, -97.936407 30.347233, -97.936245 30.347151, -97.936128 30.34708, -97.936018 30.347, -97.935904 30.346861, -97.935844 30.346771, -97.935796 30.346689, -97.935766 30.346607, -97.935748 30.346524, -97.935728 30.346373, -97.935691 30.346268, -97.935661 30.346207, -97.93559 30.346129, -97.935468 30.346032, -97.934815 30.345587, -97.934497 30.345379, -97.934102 30.345113, -97.933527 30.344736, -97.933248 30.344542, -97.933048 30.34442, -97.932915 30.344349, -97.932857 30.344322, -97.932778 30.344301, -97.932647 30.344262, -97.932302 30.344166, -97.932025 30.344089, -97.931806 30.344011, -97.931653 30.343945, -97.931543 30.343888, -97.931453 30.343842, -97.931147 30.343727, -97.931062 30.343689, -97.930891 30.343591, -97.930815 30.343519, -97.930902 30.343432, -97.931222 30.343119, -97.931329 30.343016, -97.931384 30.342966, -97.93144 30.342914, -97.93166 30.342714, -97.931886 30.342515, -97.931932 30.342475, -97.932039 30.342433, -97.932276 30.342297, -97.932307 30.342271, -97.932501 30.342195, -97.933093 30.342284, -97.933836 30.342042, -97.933805 30.342014, -97.933686 30.34189, -97.933616 30.341754, -97.93361 30.341658, -97.933615 30.341581, -97.933659 30.341434, -97.933636 30.341374, -97.933571 30.341313, -97.933405 30.341255, -97.933291 30.341189, -97.93306 30.340851, -97.932942 30.340746, -97.932812 30.340721, -97.932694 30.3407, -97.932557 30.340652, -97.932372 30.340482, -97.932293 30.340399, -97.932204 30.340279, -97.932147 30.340157, -97.93202 30.340084, -97.931943 30.340039, -97.931871 30.339983, -97.93179 30.339883, -97.931749 30.339762, -97.931736 30.339619, -97.931758 30.339544, -97.931775 30.339388, -97.931849 30.338947, -97.931835 30.338852, -97.93229 30.338388, -97.934048 30.336451, -97.934274 30.336481, -97.934499 30.336512, -97.935116 30.336595, -97.935375 30.336758, -97.935556 30.336829, -97.935646 30.336872, -97.935736 30.336851, -97.935847 30.336768, -97.935986 30.336689, -97.936233 30.336584, -97.936387 30.336541, -97.936552 30.33653, -97.93659 30.336533, -97.936621 30.336554, -97.936642 30.336598, -97.936643 30.336667, -97.936591 30.336731, -97.936573 30.336741, -97.936483 30.336799, -97.936393 30.336864, -97.936287 30.336985, -97.936177 30.337083, -97.936073 30.337242, -97.935997 30.337371, -97.93595 30.337469, -97.93593 30.337589, -97.935894 30.337671, -97.935863 30.337709, -97.935846 30.337766, -97.935851 30.337903, -97.93587 30.33801, -97.936036 30.338285, -97.936131 30.338419, -97.936217 30.338515, -97.936366 30.338789, -97.936455 30.338919, -97.936579 30.33906, -97.936678 30.33916, -97.93671 30.339179, -97.936819 30.339246, -97.936962 30.339325, -97.937308 30.339452, -97.937736 30.339571, -97.93792 30.3396, -97.93808 30.339572, -97.938211 30.339491, -97.938325 30.339324, -97.938512 30.339066, -97.938565 30.338932, -97.938602 30.338809, -97.938607 30.338638, -97.938602 30.338559, -97.938593 30.338314, -97.938695 30.337959, -97.938743 30.337777, -97.938789 30.337663, -97.938788 30.337554, -97.938799 30.337478, -97.938838 30.337453, -97.938944 30.337455, -97.939121 30.337467, -97.939192 30.337481, -97.939248 30.337503, -97.939358 30.337575, -97.93952 30.337662, -97.939556 30.337687, -97.939602 30.337726, -97.939635 30.337769, -97.939812 30.33808, -97.939855 30.33819, -97.939874 30.338226, -97.939898 30.338252, -97.939936 30.338276, -97.940012 30.3383, -97.940048 30.338322, -97.940094 30.338387, -97.940287 30.338591, -97.940385 30.33871, -97.940488 30.338846, -97.94056 30.338988, -97.940603 30.339054, -97.940702 30.339166, -97.940777 30.339225, -97.94086 30.339273, -97.940941 30.339304, -97.941074 30.339326, -97.941143 30.339328, -97.941486 30.339301, -97.941682 30.339274, -97.941813 30.33926, -97.942053 30.339249, -97.942244 30.339251, -97.942556 30.339278, -97.943028 30.33929, -97.943204 30.33931, -97.943521 30.339368, -97.943609 30.339396, -97.943686 30.339438, -97.943923 30.339612, -97.94395 30.339643, -97.943979 30.339724, -97.943994 30.339753, -97.944011 30.339766, -97.944032 30.339766, -97.944115 30.339957, -97.944215 30.34013, -97.944239 30.340187, -97.94425 30.340232, -97.944256 30.340328, -97.944273 30.340468, -97.944298 30.340588, -97.944405 30.340842, -97.944435 30.34088, -97.944478 30.340906, -97.944611 30.340951, -97.944649 30.340976, -97.944769 30.341084, -97.944887 30.341192, -97.945054 30.34137, -97.94521 30.341502, -97.945291 30.341593, -97.945332 30.341622, -97.945465 30.341695, -97.94576 30.341848, -97.94581 30.341851, -97.945871 30.34187, -97.945923 30.341903, -97.94605 30.342014, -97.946186 30.342145, -97.946244 30.342241, -97.946304 30.342289, -97.946361 30.342318, -97.946507 30.342364, -97.946914 30.342553, -97.946982 30.34259, -97.947044 30.3426, -97.947223 30.342608, -97.947324 30.342606, -97.947396 30.342585, -97.947497 30.342531, -97.947531 30.342512, -97.947644 30.342434, -97.947768 30.342312, -97.947815 30.34228, -97.947919 30.342244, -97.948052 30.342219, -97.948145 30.342211, -97.948238 30.342212, -97.948643 30.342268, -97.948715 30.342295, -97.948759 30.342324, -97.948894 30.342444, -97.948989 30.342546, -97.949059 30.342613, -97.949282 30.342767, -97.949441 30.342901, -97.949598 30.343024, -97.949761 30.343135, -97.949977 30.343261, -97.950442 30.343575, -97.950546 30.343651, -97.950697 30.343795, -97.951006 30.34404, -97.951089 30.344099, -97.951152 30.344117, -97.951255 30.34413, -97.951341 30.344133, -97.951408 30.344126, -97.95152 30.344093, -97.951611 30.344062, -97.951687 30.344031, -97.951748 30.343996, -97.951873 30.343886, -97.952002 30.343788, -97.952084 30.343755, -97.952108 30.343742, -97.952547 30.34339, -97.952887 30.34321, -97.952968 30.343158, -97.953013 30.343114, -97.953045 30.343059, -97.953082 30.34293, -97.953108 30.342859, -97.953151 30.34278, -97.953167 30.342758, -97.953187 30.342747, -97.953242 30.342744, -97.953384 30.342759, -97.953507 30.342748, -97.953571 30.342746, -97.953739 30.342767, -97.953837 30.342772, -97.953969 30.342761, -97.954225 30.342714, -97.954326 30.342603, -97.954375 30.342562, -97.954427 30.342531, -97.954501 30.342504, -97.9546 30.342484, -97.954757 30.342474, -97.954833 30.342479, -97.954903 30.342494, -97.954984 30.34253, -97.955101 30.342626, -97.955197 30.342725, -97.955263 30.342804, -97.95535 30.34295, -97.955409 30.343011, -97.955489 30.343075, -97.955571 30.343127, -97.955679 30.343176, -97.955741 30.343192, -97.955792 30.343193, -97.955881 30.343165, -97.956187 30.343049, -97.956366 30.34298, -97.956642 30.342882, -97.956722 30.342841, -97.956799 30.342791, -97.956846 30.342745, -97.956881 30.342695, -97.956951 30.34252, -97.956994 30.342441, -97.957033 30.342385, -97.957067 30.342354, -97.957114 30.342326, -97.957277 30.342268, -97.957392 30.342239, -97.957847 30.342147, -97.958002 30.342106, -97.958176 30.342048, -97.958215 30.341975, -97.958233 30.341909, -97.958234 30.341868, -97.958204 30.341712, -97.958192 30.341622, -97.958187 30.341586, -97.95818 30.341446, -97.958195 30.341359, -97.958232 30.341276, -97.958299 30.341185, -97.958398 30.341094, -97.958555 30.340972, -97.958622 30.340928, -97.958662 30.340908, -97.958745 30.340867, -97.958878 30.340791, -97.959008 30.340705, -97.959161 30.340583, -97.959214 30.34053, -97.959274 30.340471, -97.959354 30.340373, -97.959449 30.34024, -97.95954 30.340086, -97.959617 30.339928, -97.959669 30.339831, -97.959724 30.339747, -97.959778 30.339685, -97.959824 30.339655, -97.959874 30.339638, -97.960014 30.339619, -97.960339 30.339609, -97.960423 30.339613, -97.96046 30.33961, -97.960541 30.339585, -97.960661 30.339529, -97.961045 30.339355, -97.96127 30.339228, -97.961473 30.339087, -97.96163 30.338987, -97.961685 30.338941, -97.961804 30.338799, -97.961884 30.338689, -97.961977 30.338527, -97.962285 30.337937, -97.96237 30.337796, -97.962386 30.337751, -97.962402 30.337654, -97.962413 30.337614, -97.962472 30.337474, -97.962599 30.337236, -97.962638 30.337153, -97.962656 30.337074, -97.962652 30.337008, -97.962612 30.33677, -97.962584 30.336555, -97.962589 30.336423, -97.962587 30.336382, -97.962549 30.336222, -97.962511 30.336015, -97.962508 30.335939, -97.962527 30.335704, -97.962538 30.335645, -97.962434 30.335574, -97.962366 30.335513, -97.962269 30.33541, -97.962196 30.335318, -97.962087 30.335148, -97.962009 30.335056, -97.961983 30.335016, -97.961917 30.334858, -97.96174 30.334459, -97.961678 30.334355, -97.961578 30.334234, -97.961368 30.333958, -97.96135 30.333914, -97.961346 30.333887, -97.961347 30.333826, -97.96138 30.333645, -97.96138 30.33327, -97.961217 30.333235, -97.961031 30.333184, -97.960946 30.333152, -97.960819 30.333087, -97.960714 30.333031, -97.960643 30.332985, -97.960601 30.332951, -97.960351 30.332744, -97.960276 30.332654, -97.960115 30.332484, -97.960021 30.332388, -97.959979 30.332354, -97.959918 30.332323, -97.959745 30.332257, -97.959546 30.332193, -97.959403 30.33217, -97.959329 30.332149, -97.959278 30.332124, -97.959214 30.332066, -97.959086 30.331918, -97.958968 30.331784, -97.959001 30.331737, -97.959151 30.331622, -97.959392 30.331492, -97.959489 30.331457, -97.959643 30.331402, -97.959683 30.331392, -97.959947 30.331327, -97.960865 30.331101, -97.961019 30.331059, -97.9611 30.331038, -97.961289 30.33096, -97.961432 30.330841, -97.961544 30.330708, -97.961643 30.330507, -97.961716 30.330349, -97.961824 30.330119, -97.962113 30.329732, -97.962511 30.329389, -97.962875 30.329152, -97.963032 30.329022, -97.963054 30.32901, -97.963078 30.328989, -97.963179 30.328903, -97.963311 30.328768, -97.963398 30.328647, -97.963572 30.328309, -97.96366 30.328128, -97.963924 30.32787, -97.964212 30.32767, -97.964349 30.327575, -97.965062 30.328496, -97.965175 30.328665, -97.965336 30.328878, -97.965589 30.329188, -97.965785 30.329362, -97.966012 30.329541, -97.966405 30.329864, -97.966601 30.330047, -97.966937 30.330462, -97.96697 30.330503, -97.96703 30.330578, -97.967042 30.330593, -97.967194 30.330837, -97.967347 30.33112, -97.967491 30.331456, -97.9677 30.331914, -97.967987 30.332473, -97.968908 30.33454, -97.969065 30.334909, -97.969506 30.335948, -97.969706 30.336441, -97.969789 30.337119, -97.969802 30.337219, -97.969845 30.337777, -97.969854 30.337882))",47.5,1891.0,178125.0,96.0,12.0,4851029.511658957,0.0003898141611909747
"POLYGON ((-97.730864 30.356212, -97.730312 30.358153, -97.730209 30.358622, -97.729788 30.360062, -97.729343 30.361847, -97.729061 30.362911, -97.728083 30.362586, -97.727318 30.362251, -97.727016 30.362083, -97.726578 30.36184, -97.725724 30.36152, -97.724927 30.361246, -97.724623 30.361111, -97.724449 30.36104, -97.724152 30.360953, -97.723964 30.360944, -97.723838 30.360948, -97.72371 30.360962, -97.723575 30.360985, -97.723296 30.361061, -97.722848 30.361207, -97.722296 30.360003, -97.722213 30.359793, -97.722131 30.359557, -97.722097 30.359439, -97.722038 30.359237, -97.721965 30.358913, -97.721924 30.358667, -97.721906 30.358511, -97.721887 30.358339, -97.721868 30.358009, -97.721871 30.357706, -97.721871 30.357679, -97.721894 30.35735, -97.722151 30.355536, -97.72231 30.354423, -97.722568 30.352616, -97.722632 30.352375, -97.722662 30.352228, -97.72323 30.352511, -97.725024 30.35337, -97.726011 30.353836, -97.726985 30.354282, -97.729972 30.355721, -97.730903 30.356147, -97.730864 30.356212))",36.2,1737.0,82550.0,93.0,24.0,657651.4867117563,0.0026412165639356547
"POLYGON ((-97.901714 30.232398, -97.901181 30.233234, -97.900428 30.23434, -97.900253 30.234496, -97.900213 30.234532, -97.900147 30.234564, -97.900036 30.234586, -97.899408 30.234791, -97.898897 30.235183, -97.898593 30.235408, -97.898243 30.235572, -97.897843 30.23573, -97.895841 30.236253, -97.895175 30.236551, -97.894388 30.236899, -97.893612 30.237445, -97.892556 30.237994, -97.891884 30.238272, -97.891467 30.238444, -97.891836 30.239174, -97.891818 30.23993, -97.891612 30.240391, -97.891434 30.240817, -97.891395 30.241344, -97.891594 30.24173, -97.891686 30.242188, -97.89156 30.24245, -97.890857 30.243369, -97.890423 30.244246, -97.889908 30.245081, -97.889477 30.245578, -97.889107 30.245756, -97.889073 30.245772, -97.888594 30.246161, -97.888503 30.24676, -97.888545 30.246922, -97.888587 30.247082, -97.888383 30.246991, -97.886827 30.246204, -97.885886 30.245538, -97.884722 30.244599, -97.882284 30.242193, -97.882188 30.242098, -97.881415 30.241291, -97.880502 30.240153, -97.880283 30.239879, -97.879961 30.239478, -97.879098 30.238206, -97.878607 30.237491, -97.87834 30.237101, -97.877577 30.236147, -97.877252 30.235741, -97.876593 30.23517, -97.87578 30.234695, -97.875308 30.23448, -97.874577 30.234218, -97.874107 30.234121, -97.873577 30.234017, -97.873162 30.23398, -97.872614 30.233944, -97.873223 30.233865, -97.873693 30.233743, -97.874308 30.233567, -97.874723 30.233418, -97.875044 30.233282, -97.875299 30.233174, -97.87572 30.232974, -97.876496 30.232514, -97.878296 30.2314, -97.879293 30.230783, -97.880462 30.230093, -97.880928 30.229876, -97.881606 30.229589, -97.882167 30.229399, -97.882828 30.229233, -97.883412 30.229123, -97.884925 30.228998, -97.885168 30.228978, -97.887085 30.229111, -97.888305 30.229195, -97.891424 30.229535, -97.89144 30.229537, -97.891566 30.229551, -97.891602 30.229555, -97.893579 30.229854, -97.893737 30.229874, -97.894208 30.229935, -97.894822 30.230119, -97.89487 30.230132, -97.895557 30.23032, -97.898928 30.231331, -97.899204 30.231419, -97.899461 30.231501, -97.899932 30.231652, -97.900422 30.231799, -97.900803 30.231927, -97.900831 30.231936, -97.901161 30.232037, -97.901189 30.232045, -97.901849 30.232239, -97.901714 30.232398))",36.1,3326.0,85750.0,154.0,0.0,2643986.8495535282,0.0012579487679984637
"POLYGON ((-97.879293 30.230783, -97.878296 30.2314, -97.876496 30.232514, -97.87572 30.232974, -97.875299 30.233174, -97.875044 30.233282, -97.874723 30.233418, -97.874308 30.233567, -97.873693 30.233743, -97.873223 30.233865, -97.872614 30.233944, -97.871638 30.233993, -97.871215 30.234012, -97.868944 30.234051, -97.867505 30.234078, -97.866032 30.233894, -97.864933 30.23404, -97.864779 30.234061, -97.864684 30.233976, -97.864457 30.233442, -97.864382 30.233255, -97.864317 30.233123, -97.864283 30.232977, -97.864266 30.232772, -97.864273 30.232555, -97.864321 30.232433, -97.864412 30.232249, -97.864569 30.232025, -97.864642 30.231924, -97.864773 30.231665, -97.864831 30.231461, -97.864864 30.231243, -97.864864 30.231005, -97.864837 30.230812, -97.864779 30.230608, -97.864671 30.230363, -97.864538 30.230125, -97.864476 30.230025, -97.864607 30.229952, -97.864735 30.229881, -97.864799 30.229914, -97.865557 30.229541, -97.865852 30.229378, -97.866274 30.229153, -97.866937 30.228684, -97.86735 30.22812, -97.867716 30.227551, -97.867779 30.227465, -97.867825 30.227391, -97.86843 30.226327, -97.868666 30.225919, -97.86871 30.225854, -97.869913 30.22632, -97.871398 30.226896, -97.871812 30.227207, -97.872311 30.22748, -97.872981 30.227782, -97.87321 30.227844, -97.873806 30.227867, -97.874437 30.227901, -97.875789 30.227954, -97.876211 30.227995, -97.876347 30.228017, -97.876505 30.228048, -97.876669 30.2281, -97.876873 30.228176, -97.877049 30.228251, -97.877171 30.22833, -97.877328 30.228407, -97.877615 30.228626, -97.877739 30.228742, -97.87802 30.229089, -97.879141 30.230581, -97.879293 30.230783))",52.0,1089.0,79188.0,47.0,0.0,851414.81333969,0.0012790475135479235
"POLYGON ((-97.850952 30.213985, -97.850373 30.214568, -97.849038 30.215788, -97.848883 30.215917, -97.848777 30.215994, -97.848672 30.216053, -97.848598 30.216073, -97.848555 30.216153, -97.848413 30.216413, -97.848313 30.21649, -97.848116 30.216771, -97.84679 30.216691, -97.846794 30.216543, -97.846793 30.216417, -97.846793 30.216385, -97.846782 30.216162, -97.846773 30.216067, -97.846767 30.215997, -97.846752 30.21588, -97.846728 30.215782, -97.846726 30.215724, -97.846801 30.215285, -97.846807 30.215163, -97.846819 30.2151, -97.846846 30.215035, -97.846929 30.214885, -97.847014 30.214698, -97.847043 30.21461, -97.847088 30.214444, -97.847141 30.214288, -97.847152 30.214208, -97.847149 30.214044, -97.847139 30.213884, -97.847147 30.213671, -97.847145 30.213536, -97.847132 30.213446, -97.847114 30.213371, -97.847037 30.213054, -97.84699 30.212885, -97.846957 30.212803, -97.846909 30.212723, -97.846861 30.212666, -97.846813 30.212625, -97.846722 30.212581, -97.846534 30.212432, -97.846404 30.212346, -97.845874 30.212066, -97.845775 30.21197, -97.845705 30.211928, -97.845606 30.21188, -97.845493 30.211832, -97.845461 30.211809, -97.845378 30.211721, -97.845302 30.211683, -97.845252 30.211673, -97.845163 30.211683, -97.845049 30.21168, -97.845002 30.211674, -97.844938 30.211657, -97.844807 30.211587, -97.844355 30.211398, -97.844186 30.211318, -97.843994 30.211258, -97.843921 30.211222, -97.843775 30.211139, -97.843566 30.211053, -97.843415 30.211001, -97.843212 30.210903, -97.842977 30.210813, -97.842698 30.210695, -97.842174 30.210497, -97.842054 30.210465, -97.841671 30.210379, -97.84158 30.210369, -97.841475 30.210344, -97.841174 30.210222, -97.841069 30.210201, -97.840762 30.210129, -97.84069 30.210119, -97.840623 30.210094, -97.840565 30.210063, -97.840471 30.209991, -97.840215 30.210008, -97.84009 30.210029, -97.839839 30.210091, -97.839638 30.210134, -97.839484 30.21018, -97.839358 30.21023, -97.839171 30.210318, -97.839004 30.210367, -97.838906 30.210389, -97.838861 30.210407, -97.838806 30.21044, -97.838731 30.210495, -97.838671 30.210549, -97.838645 30.210564, -97.838597 30.210574, -97.838557 30.210574, -97.838457 30.21056, -97.838378 30.210536, -97.838307 30.210498, -97.838172 30.210409, -97.838056 30.210349, -97.838081 30.210324, -97.838124 30.210309, -97.83818 30.210273, -97.838264 30.210199, -97.838362 30.210139, -97.838506 30.210035, -97.838631 30.209959, -97.838663 30.209931, -97.838694 30.209891, -97.838772 30.209758, -97.838795 30.209669, -97.838829 30.209463, -97.838839 30.209447, -97.838836 30.20938, -97.838831 30.20929, -97.838841 30.209164, -97.838895 30.208713, -97.838908 30.208486, -97.838924 30.208396, -97.838942 30.208348, -97.839109 30.208084, -97.839145 30.208039, -97.838779 30.207891, -97.83874 30.207629, -97.839135 30.207468, -97.839458 30.207136, -97.840459 30.205503, -97.840546 30.205034, -97.841474 30.205118, -97.841831 30.205178, -97.842159 30.205333, -97.842638 30.205559, -97.843563 30.206006, -97.844363 30.206423, -97.844776 30.206638, -97.845192 30.206819, -97.845548 30.207024, -97.846305 30.207388, -97.846505 30.207626, -97.846603 30.208004, -97.846773 30.208657, -97.847086 30.208938, -97.84738 30.209125, -97.847901 30.209292, -97.84832 30.209325, -97.848875 30.209297, -97.849021 30.209737, -97.849139 30.210091, -97.849451 30.210815, -97.849732 30.211536, -97.850065 30.212249, -97.850327 30.213016, -97.850574 30.213623, -97.850952 30.213985))",43.0,1452.0,97267.0,106.0,25.0,624872.4784329474,0.002323674109702062
"POLYGON ((-97.844511 30.274065, -97.843817 30.274853, -97.84384 30.275448, -97.844019 30.276348, -97.84369 30.277618, -97.843685 30.279207, -97.843706 30.280126, -97.843526 30.280615, -97.843477 30.280667, -97.843177 30.280982, -97.842865 30.281433, -97.842467 30.281706, -97.842158 30.281823, -97.841841 30.281869, -97.841227 30.281893, -97.840939 30.281982, -97.840717 30.282076, -97.84052 30.282183, -97.840314 30.282343, -97.84011 30.282507, -97.839751 30.282728, -97.839278 30.283131, -97.838467 30.28374, -97.837691 30.284327, -97.836594 30.28446, -97.835529 30.28464, -97.835031 30.284677, -97.834822 30.284654, -97.834558 30.284593, -97.83422 30.28446, -97.83353 30.284208, -97.834042 30.283222, -97.833778 30.283072, -97.833704 30.283034, -97.833444 30.282864, -97.832654 30.28191, -97.831024 30.279874, -97.830877 30.279709, -97.830748 30.279538, -97.830662 30.279339, -97.830621 30.279134, -97.830669 30.27894, -97.830756 30.278749, -97.830863 30.278562, -97.830975 30.278377, -97.831088 30.278178, -97.831209 30.277993, -97.831372 30.277854, -97.831584 30.277761, -97.831861 30.27766, -97.831764 30.276778, -97.831704 30.276573, -97.831637 30.276368, -97.831596 30.276167, -97.831617 30.275969, -97.831695 30.275775, -97.831803 30.275585, -97.831922 30.275395, -97.832096 30.274818, -97.832037 30.274624, -97.832086 30.273951, -97.832096 30.27355, -97.83254 30.273147, -97.832973 30.272754, -97.833404 30.273323, -97.833619 30.273549, -97.833825 30.273757, -97.834034 30.273952, -97.834125 30.274029, -97.834211 30.27408, -97.83428 30.274092, -97.834339 30.274087, -97.83442 30.274117, -97.834712 30.274283, -97.835026 30.274454, -97.835236 30.274553, -97.835419 30.274627, -97.835509 30.274663, -97.835639 30.274712, -97.83593 30.27481, -97.836439 30.275036, -97.836772 30.275138, -97.836791 30.275144, -97.837073 30.275236, -97.837306 30.275312, -97.837593 30.275417, -97.83778 30.275493, -97.83788 30.275525, -97.838007 30.275548, -97.838156 30.275555, -97.838618 30.27556, -97.838783 30.275592, -97.839 30.275603, -97.839193 30.275622, -97.839357 30.275639, -97.839725 30.275651, -97.839806 30.275646, -97.839873 30.275629, -97.839952 30.275591, -97.840226 30.27543, -97.840324 30.275367, -97.84042 30.275294, -97.840557 30.275172, -97.840676 30.275051, -97.840753 30.274973, -97.840856 30.274889, -97.841012 30.274775, -97.841317 30.274572, -97.841437 30.274498, -97.841496 30.274457, -97.841514 30.274419, -97.841514 30.274357, -97.841527 30.274298, -97.841562 30.274213, -97.841618 30.274108, -97.841681 30.274027, -97.841729 30.273978, -97.842254 30.273613, -97.842365 30.273546, -97.842582 30.273438, -97.842665 30.273393, -97.842872 30.273259, -97.843099 30.273134, -97.843181 30.273097, -97.843227 30.273077, -97.843257 30.273064, -97.843321 30.273052, -97.84338 30.273048, -97.843438 30.273045, -97.843487 30.273042, -97.843507 30.273041, -97.843547 30.273043, -97.843573 30.273044, -97.843586 30.273045, -97.843645 30.273064, -97.843686 30.273086, -97.84379 30.273143, -97.84385 30.273175, -97.843926 30.273216, -97.843963 30.273236, -97.843979 30.273245, -97.844009 30.273265, -97.84408 30.273313, -97.844099 30.273326, -97.844233 30.27345, -97.844283 30.273504, -97.844322 30.273545, -97.844334 30.273558, -97.844354 30.273589, -97.844368 30.273612, -97.844379 30.273641, -97.844395 30.27368, -97.844409 30.273732, -97.844433 30.273819, -97.844452 30.273887, -97.844471 30.273954, -97.844511 30.274065))",42.8,1236.0,250001.0,0.0,19.0,1123470.9905235234,0.0011001619182209944
"POLYGON ((-97.752575 30.269191, -97.752538 30.269351, -97.752516 30.269406, -97.752486 30.269445, -97.752418 30.269501, -97.752347 30.269542, -97.752301 30.269572, -97.752251 30.269622, -97.752002 30.269771, -97.751853 30.269838, -97.751784 30.269881, -97.751571 30.270086, -97.751337 30.270399, -97.751262 30.270538, -97.750586 30.270296, -97.749524 30.269945, -97.748424 30.269628, -97.747364 30.269321, -97.74626 30.269024, -97.746633 30.268093, -97.746962 30.267184, -97.747298 30.266244, -97.747304 30.266226, -97.748434 30.266534, -97.749462 30.266819, -97.750376 30.2671, -97.750362 30.267118, -97.750349 30.267139, -97.750334 30.267163, -97.750321 30.267216, -97.750307 30.267406, -97.750324 30.267449, -97.750359 30.267573, -97.750366 30.267614, -97.750352 30.267887, -97.750357 30.267919, -97.750373 30.267955, -97.750417 30.268019, -97.750457 30.268059, -97.750583 30.268122, -97.750629 30.268153, -97.750717 30.268193, -97.750756 30.268223, -97.750781 30.268271, -97.750906 30.268372, -97.75096 30.268399, -97.751041 30.268456, -97.751134 30.268494, -97.751228 30.268531, -97.751259 30.268543, -97.751284 30.268546, -97.751321 30.268547, -97.751362 30.26856, -97.751512 30.268593, -97.751556 30.268608, -97.751593 30.268614, -97.751708 30.268609, -97.751758 30.268601, -97.752011 30.2686, -97.752077 30.268596, -97.752206 30.26857, -97.752264 30.268565, -97.752316 30.268581, -97.752373 30.268616, -97.752419 30.268657, -97.752452 30.268702, -97.752543 30.268872, -97.752553 30.268917, -97.752575 30.269191))",42.2,2119.0,195117.0,0.0,125.0,155057.78782279324,0.01366587276752384
"POLYGON ((-97.928871 30.39801, -97.928875 30.39808, -97.92884 30.398156, -97.928758 30.39826, -97.928616 30.398392, -97.928465 30.398533, -97.928158 30.398805, -97.927894 30.399031, -97.926771 30.399935, -97.926669 30.400151, -97.92659 30.400432, -97.926529 30.400577, -97.926497 30.400764, -97.926484 30.400906, -97.926533 30.401471, -97.926601 30.401789, -97.926714 30.403105, -97.926716 30.403171, -97.926744 30.403341, -97.92681 30.40362, -97.92686 30.403802, -97.927086 30.404464, -97.927186 30.404841, -97.927222 30.405099, -97.927232 30.405363, -97.927195 30.405635, -97.927086 30.406007, -97.926387 30.407854, -97.926337 30.408241, -97.926338 30.408863, -97.926497 30.410147, -97.926647 30.410838, -97.926619 30.411269, -97.926601 30.411695, -97.926684 30.411991, -97.926841 30.412123, -97.925776 30.41254, -97.925732 30.412557, -97.925604 30.412612, -97.925216 30.412736, -97.924893 30.41286, -97.924753 30.412945, -97.924601 30.413028, -97.924445 30.413142, -97.924231 30.413315, -97.924005 30.413551, -97.923713 30.413887, -97.922839 30.41486, -97.922487 30.415315, -97.922243 30.415488, -97.921628 30.416005, -97.921692 30.416449, -97.922024 30.416895, -97.922434 30.417382, -97.922728 30.417791, -97.922776 30.41796, -97.922736 30.418361, -97.922773 30.418487, -97.92272 30.418547, -97.922637 30.418654, -97.922515 30.418836, -97.922434 30.418896, -97.922372 30.41896, -97.922294 30.419076, -97.922236 30.419179, -97.922151 30.419348, -97.922098 30.419431, -97.92205 30.419486, -97.922016 30.419515, -97.921884 30.419603, -97.921712 30.419709, -97.921656 30.419755, -97.921605 30.419817, -97.921538 30.419927, -97.921491 30.420042, -97.921429 30.420147, -97.92138 30.420203, -97.921304 30.420261, -97.921222 30.420309, -97.921135 30.420365, -97.921102 30.42039, -97.921021 30.420451, -97.920919 30.420536, -97.920772 30.420634, -97.920649 30.420731, -97.920311 30.421101, -97.920069 30.421305, -97.919798 30.421478, -97.919402 30.421676, -97.918952 30.421814, -97.918274 30.422002, -97.9179 30.422042, -97.917344 30.422071, -97.913928 30.422764, -97.911563 30.423249, -97.911087 30.422215, -97.909233 30.418184, -97.908443 30.416275, -97.907495 30.413983, -97.906545 30.411688, -97.904014 30.406638, -97.903119 30.404854, -97.90305 30.404718, -97.902982 30.404581, -97.902947 30.404511, -97.90084 30.400763, -97.899949 30.396392, -97.899426 30.395243, -97.899215 30.39478, -97.899488 30.394573, -97.899984 30.394238, -97.900817 30.394033, -97.901778 30.393811, -97.902787 30.393557, -97.903924 30.39324, -97.905062 30.392859, -97.905386 30.392775, -97.905805 30.392619, -97.906033 30.392549, -97.906253 30.392465, -97.907264 30.392077, -97.909349 30.391076, -97.909836 30.391786, -97.910067 30.392129, -97.910557 30.392704, -97.910656 30.392855, -97.910859 30.393143, -97.910945 30.393261, -97.911079 30.393445, -97.911219 30.393634, -97.91133 30.393734, -97.911521 30.393919, -97.911701 30.394079, -97.911961 30.394322, -97.912248 30.394563, -97.912614 30.394778, -97.913877 30.395442, -97.91392 30.395453, -97.91403 30.395492, -97.914936 30.395809, -97.916046 30.396247, -97.916845 30.396482, -97.917428 30.396588, -97.917939 30.39668, -97.918403 30.396741, -97.920783 30.396695, -97.921863 30.396657, -97.92279 30.396722, -97.923026 30.396738, -97.923345 30.396788, -97.9242 30.396922, -97.924654 30.396992, -97.925107 30.397063, -97.926323 30.397229, -97.927671 30.397455, -97.928517 30.397573, -97.928803 30.397613, -97.928878 30.397614, -97.928871 30.39801))",58.3,1096.0,68029.0,12.0,0.0,5955372.946428511,0.00018403549363894679
"POLYGON ((-97.783075 30.42838, -97.782764 30.428842, -97.782705 30.428905, -97.78244 30.429207, -97.782168 30.42949, -97.781999 30.429664, -97.781821 30.429816, -97.781379 30.43012, -97.78126 30.430192, -97.781175 30.430235, -97.780931 30.430366, -97.780858 30.430407, -97.78077 30.430456, -97.780343 30.430709, -97.78009 30.43086, -97.779995 30.430914, -97.779919 30.430961, -97.779594 30.431162, -97.779413 30.431275, -97.779306 30.431337, -97.779193 30.431386, -97.778465 30.431613, -97.778379 30.4316, -97.778294 30.431626, -97.777868 30.431756, -97.777287 30.431946, -97.777235 30.431756, -97.777178 30.431547, -97.777105 30.431299, -97.776949 30.430941, -97.776599 30.430252, -97.776389 30.429841, -97.77634 30.429768, -97.775851 30.429932, -97.775381 30.430102, -97.774476 30.43042, -97.773832 30.430645, -97.773563 30.430743, -97.773458 30.430654, -97.772876 30.430244, -97.77327 30.429921, -97.772689 30.429413, -97.772531 30.42932, -97.772401 30.429268, -97.772308 30.42924, -97.772106 30.429209, -97.771544 30.429233, -97.771285 30.429229, -97.771158 30.429218, -97.771024 30.429186, -97.770872 30.429135, -97.770735 30.429061, -97.770636 30.42899, -97.770493 30.428838, -97.770392 30.428667, -97.770341 30.428559, -97.770133 30.428014, -97.769775 30.427201, -97.769112 30.42562, -97.768781 30.424791, -97.768419 30.423915, -97.768267 30.423576, -97.768179 30.423385, -97.768038 30.423191, -97.767886 30.423046, -97.767646 30.42289, -97.766807 30.422489, -97.765915 30.422057, -97.76576 30.421966, -97.765676 30.42191, -97.765607 30.421847, -97.765565 30.421784, -97.765465 30.421676, -97.765383 30.421615, -97.765178 30.42151, -97.764316 30.421113, -97.764239 30.421093, -97.764115 30.421093, -97.764029 30.4211, -97.763923 30.421123, -97.763761 30.421155, -97.763651 30.421167, -97.763531 30.421155, -97.763428 30.421131, -97.763191 30.421004, -97.763344 30.420778, -97.763496 30.420551, -97.763899 30.419926, -97.764353 30.419236, -97.76471 30.418631, -97.765193 30.418074, -97.765416 30.418192, -97.765531 30.418273, -97.7656 30.418342, -97.76567 30.418438, -97.765829 30.418652, -97.766078 30.419021, -97.766495 30.419206, -97.767348 30.419176, -97.767816 30.419409, -97.768528 30.418311, -97.768797 30.417859, -97.768908 30.417697, -97.768994 30.417605, -97.769094 30.417519, -97.769169 30.417475, -97.769269 30.417417, -97.769393 30.417366, -97.769532 30.417334, -97.769671 30.417321, -97.769825 30.417332, -97.769941 30.417351, -97.770082 30.417394, -97.770321 30.417503, -97.771079 30.417883, -97.771451 30.418068, -97.771592 30.418135, -97.771699 30.418204, -97.771811 30.418297, -97.771928 30.418439, -97.771991 30.41853, -97.772042 30.418632, -97.772098 30.418812, -97.772212 30.419207, -97.772506 30.420165, -97.772699 30.420433, -97.772981 30.420664, -97.772423 30.421296, -97.771933 30.421838, -97.772853 30.422416, -97.773425 30.42174, -97.773973 30.421985, -97.774282 30.422211, -97.774554 30.422789, -97.774771 30.422721, -97.774903 30.422703, -97.775002 30.422708, -97.775107 30.422726, -97.775211 30.422754, -97.775306 30.422806, -97.775456 30.422902, -97.775593 30.423006, -97.775685 30.423109, -97.775738 30.42318, -97.775787 30.423281, -97.775838 30.423392, -97.776657 30.425338, -97.776977 30.426131, -97.777104 30.426084, -97.777206 30.426028, -97.777308 30.425962, -97.777731 30.425597, -97.778276 30.425145, -97.77939 30.426166, -97.780832 30.427534, -97.781059 30.427706, -97.781311 30.427788, -97.781583 30.427873, -97.781937 30.427934, -97.782473 30.42803, -97.782702 30.428091, -97.782899 30.428192, -97.782994 30.428279, -97.783009 30.428286, -97.783103 30.42833, -97.783075 30.42838))",42.3,2233.0,145000.0,14.0,34.0,1182859.5120334723,0.001887798151245548
"POLYGON ((-97.718673 30.368357, -97.718534 30.368361, -97.718345 30.368367, -97.718197 30.36838, -97.718105 30.368395, -97.718033 30.368418, -97.71784 30.368524, -97.717713 30.36864, -97.716986 30.369805, -97.71659 30.370422, -97.71655 30.370485, -97.715635 30.371912, -97.715597 30.371971, -97.715559 30.37203, -97.715476 30.371987, -97.713901 30.371216, -97.713799 30.371167, -97.71311 30.370603, -97.713038 30.370548, -97.712968 30.370505, -97.712383 30.370195, -97.712283 30.37014, -97.712186 30.370093, -97.711902 30.36995, -97.711521 30.36976, -97.711464 30.369726, -97.711392 30.369698, -97.710689 30.369356, -97.710597 30.369308, -97.710539 30.369288, -97.709875 30.36897, -97.709788 30.368931, -97.70982 30.368884, -97.709829 30.36887, -97.709851 30.368836, -97.709896 30.368766, -97.710883 30.367294, -97.711046 30.367041, -97.711095 30.366945, -97.711116 30.366862, -97.711149 30.366741, -97.711185 30.366643, -97.711216 30.366573, -97.711292 30.366452, -97.712016 30.365253, -97.712779 30.364023, -97.713063 30.363616, -97.713432 30.363786, -97.714269 30.36418, -97.714888 30.364512, -97.715097 30.36461, -97.715689 30.364891, -97.716582 30.365284, -97.717187 30.365549, -97.717325 30.365602, -97.717458 30.365613, -97.717638 30.365597, -97.71783 30.365565, -97.717979 30.365531, -97.718107 30.366208, -97.718166 30.366584, -97.718363 30.367415, -97.718657 30.36817, -97.718759 30.368355, -97.718673 30.368357))",39.3,1723.0,16431.0,13.0,0.0,444590.21682248206,0.00387547889000888
"POLYGON ((-97.720633 30.378359, -97.720045 30.37945, -97.719974 30.379701, -97.719908 30.37989, -97.719831 30.380072, -97.719712 30.380312, -97.719574 30.380543, -97.719526 30.380616, -97.719228 30.381965, -97.719142 30.381951, -97.718025 30.381669, -97.715988 30.380647, -97.715934 30.38062, -97.715882 30.380595, -97.715852 30.380581, -97.712439 30.378973, -97.711997 30.378771, -97.710298 30.377878, -97.710111 30.377624, -97.71009 30.377517, -97.71009 30.377397, -97.710131 30.377229, -97.710436 30.376673, -97.710555 30.376494, -97.712322 30.373839, -97.712555 30.373457, -97.71263 30.373245, -97.712619 30.373054, -97.712534 30.372852, -97.712364 30.372651, -97.712088 30.372449, -97.709468 30.37118, -97.707067 30.37001, -97.706279 30.369615, -97.7055 30.369251, -97.705604 30.369074, -97.705663 30.368876, -97.705732 30.368539, -97.705797 30.368193, -97.705856 30.368025, -97.705975 30.367812, -97.706227 30.367436, -97.706315 30.367506, -97.707203 30.367913, -97.707621 30.368089, -97.708094 30.368184, -97.708158 30.368202, -97.708331 30.368248, -97.708522 30.368316, -97.708785 30.368431, -97.709009 30.368557, -97.70908 30.368592, -97.709706 30.368889, -97.709788 30.368931, -97.709875 30.36897, -97.710539 30.369288, -97.710597 30.369308, -97.710689 30.369356, -97.711392 30.369698, -97.711464 30.369726, -97.711521 30.36976, -97.711902 30.36995, -97.712186 30.370093, -97.712283 30.37014, -97.712383 30.370195, -97.712968 30.370505, -97.713038 30.370548, -97.71311 30.370603, -97.713799 30.371167, -97.713901 30.371216, -97.715476 30.371987, -97.715559 30.37203, -97.714661 30.373446, -97.714597 30.373489, -97.716734 30.374537, -97.718577 30.375329, -97.718914 30.375176, -97.719148 30.375116, -97.719323 30.375103, -97.719549 30.375108, -97.719652 30.375121, -97.719655 30.375253, -97.719644 30.375308, -97.719607 30.375527, -97.719664 30.375905, -97.719589 30.376473, -97.719552 30.376978, -97.719552 30.37711, -97.719573 30.377281, -97.719619 30.37745, -97.71969 30.377611, -97.719783 30.377764, -97.719813 30.3778, -97.719876 30.377878, -97.719983 30.377985, -97.720101 30.378078, -97.720231 30.378161, -97.720432 30.378267, -97.720498 30.378297, -97.720583 30.378336, -97.720613 30.37835, -97.720633 30.378359))",43.2,1421.0,41417.0,0.0,0.0,805101.3110441697,0.0017649952627167447
"POLYGON ((-97.708273 30.39245, -97.70823 30.392524, -97.707369 30.393925, -97.706908 30.394615, -97.706836 30.394717, -97.706777 30.394815, -97.706644 30.395022, -97.706262 30.395615, -97.705969 30.396068, -97.705836 30.396278, -97.705717 30.396456, -97.705427 30.396904, -97.704867 30.397767, -97.704593 30.398191, -97.704483 30.398368, -97.70441 30.398335, -97.704342 30.39831, -97.703014 30.39781, -97.701585 30.397536, -97.700564 30.397402, -97.700026 30.397365, -97.700106 30.397245, -97.700157 30.397014, -97.700163 30.396957, -97.700198 30.396817, -97.700223 30.396687, -97.700228 30.39665, -97.700247 30.396547, -97.700255 30.396518, -97.700273 30.396426, -97.700286 30.39639, -97.700307 30.39628, -97.700318 30.396249, -97.700318 30.396205, -97.700333 30.396142, -97.700343 30.396075, -97.700379 30.395997, -97.700395 30.39597, -97.700136 30.395934, -97.699878 30.395897, -97.700046 30.395651, -97.700296 30.395287, -97.700504 30.39479, -97.7006 30.39439, -97.700693 30.394002, -97.700934 30.393471, -97.70199 30.392612, -97.702217 30.392526, -97.703016 30.392166, -97.702877 30.3918, -97.702661 30.39143, -97.703279 30.390312, -97.703387 30.39037, -97.708187 30.39236, -97.708296 30.392413, -97.708273 30.39245))",31.8,1660.0,65145.0,117.0,12.0,406004.4224182409,0.004088625414749718
"POLYGON ((-97.704483 30.398368, -97.704404 30.398495, -97.704097 30.399004, -97.704033 30.399094, -97.70398 30.399192, -97.703112 30.400545, -97.703033 30.40064, -97.702995 30.400736, -97.702511 30.401551, -97.702008 30.402135, -97.701402 30.402595, -97.700436 30.403122, -97.700354 30.403168, -97.700267 30.403056, -97.700121 30.402866, -97.699326 30.401879, -97.698392 30.401164, -97.697683 30.400654, -97.697343 30.400276, -97.697267 30.400126, -97.697067 30.399734, -97.697011 30.399658, -97.696765 30.399318, -97.69617 30.399, -97.695692 30.398782, -97.695443 30.398669, -97.695021 30.397967, -97.69537 30.397056, -97.695771 30.396377, -97.696512 30.396722, -97.697404 30.396946, -97.69814 30.397308, -97.698505 30.397337, -97.698836 30.397364, -97.699671 30.39734, -97.700026 30.397365, -97.700564 30.397402, -97.701585 30.397536, -97.703014 30.39781, -97.704342 30.39831, -97.70441 30.398335, -97.704483 30.398368))",43.4,1317.0,93463.0,11.0,0.0,348268.6948473045,0.0037815629698713738
"POLYGON ((-97.706831 30.322492, -97.706813 30.322605, -97.706805 30.322764, -97.706782 30.322922, -97.706635 30.324356, -97.706425 30.325663, -97.706222 30.326935, -97.706195 30.32711, -97.706085 30.327666, -97.705815 30.329039, -97.705626 30.329719, -97.705488 30.329641, -97.705428 30.32962, -97.705351 30.32957, -97.705315 30.329548, -97.705147 30.32947, -97.705033 30.329419, -97.702339 30.328157, -97.70229 30.328086, -97.701244 30.327606, -97.700228 30.327081, -97.70011 30.327024, -97.699178 30.326579, -97.698128 30.326103, -97.697994 30.326038, -97.697049 30.325586, -97.69658 30.325378, -97.695732 30.325001, -97.695475 30.324803, -97.695292 30.324598, -97.69526 30.324474, -97.695254 30.324451, -97.695139 30.324456, -97.694842 30.324449, -97.694689 30.324427, -97.694562 30.324401, -97.694461 30.324368, -97.694261 30.324282, -97.693747 30.32402, -97.693644 30.323987, -97.6937 30.323906, -97.6942 30.323074, -97.694241 30.323002, -97.694296 30.322932, -97.694892 30.322126, -97.695049 30.321873, -97.695184 30.321736, -97.695388 30.321472, -97.695486 30.32148, -97.696464 30.32156, -97.696646 30.321576, -97.698304 30.321745, -97.700954 30.322058, -97.701745 30.322129, -97.704687 30.322346, -97.70565 30.322349, -97.706001 30.322312, -97.706165 30.322295, -97.706539 30.322273, -97.706602 30.322258, -97.706761 30.322218, -97.706858 30.322197, -97.706831 30.322492))",31.8,2259.0,81161.0,58.0,112.0,662999.4647052542,0.0034072425699533115
"POLYGON ((-97.874368 30.1662, -97.874341 30.166315, -97.874295 30.166441, -97.874238 30.16655, -97.873984 30.166966, -97.873933 30.167078, -97.873892 30.167228, -97.873879 30.167319, -97.873876 30.167486, -97.873883 30.16835, -97.873918 30.168514, -97.873992 30.168748, -97.874013 30.168861, -97.874019 30.168955, -97.874031 30.169962, -97.87405 30.171744, -97.874059 30.172525, -97.873112 30.172532, -97.872176 30.172539, -97.871322 30.172547, -97.871234 30.172554, -97.870966 30.172595, -97.870801 30.172609, -97.870742 30.172594, -97.870323 30.17261, -97.869198 30.172655, -97.866573 30.17267, -97.86656 30.171881, -97.866544 30.171677, -97.86656 30.171501, -97.866531 30.171341, -97.866377 30.171066, -97.866118 30.170621, -97.86603 30.170449, -97.865959 30.170282, -97.865922 30.170119, -97.866334 30.169816, -97.867367 30.168689, -97.86777 30.168136, -97.867813 30.167631, -97.86785 30.166061, -97.867774 30.165026, -97.867756 30.163997, -97.867736 30.163009, -97.867757 30.161655, -97.867758 30.161577, -97.866626 30.161566, -97.864611 30.16155, -97.863756 30.161543, -97.862368 30.161552, -97.861275 30.161531, -97.860076 30.161558, -97.86002 30.159684, -97.859977 30.158841, -97.85995 30.158302, -97.8601 30.158293, -97.860321 30.158281, -97.860593 30.158253, -97.860817 30.158222, -97.861043 30.158169, -97.861337 30.158042, -97.861552 30.157898, -97.861915 30.157624, -97.86209 30.157485, -97.8623 30.157277, -97.862464 30.15708, -97.862595 30.15687, -97.862686 30.156663, -97.862751 30.15642, -97.862819 30.156237, -97.863507 30.156308, -97.863863 30.156303, -97.864214 30.156252, -97.86457 30.156152, -97.866418 30.15542, -97.867173 30.155121, -97.868178 30.155089, -97.869129 30.155379, -97.870035 30.155672, -97.870671 30.156022, -97.871316 30.156582, -97.872577 30.15783, -97.873086 30.158348, -97.873314 30.158771, -97.873452 30.159321, -97.873522 30.160871, -97.87348 30.163345, -97.873728 30.163861, -97.874035 30.164189, -97.874091 30.164212, -97.874136 30.164268, -97.874197 30.16436, -97.87427 30.164499, -97.874312 30.164612, -97.874345 30.164737, -97.874363 30.164866, -97.874367 30.164949, -97.87438 30.166093, -97.874368 30.1662))",42.5,1495.0,243000.0,23.0,0.0,1515852.6688329885,0.000986243604499478
"POLYGON ((-97.87592 30.214644, -97.874776 30.216448, -97.874394 30.217086, -97.874223 30.217432, -97.874108 30.217684, -97.874003 30.217938, -97.873915 30.218245, -97.873852 30.218488, -97.873789 30.218761, -97.873758 30.218911, -97.873713 30.219144, -97.873615 30.219817, -97.873541 30.22015, -97.873405 30.220998, -97.873391 30.221166, -97.87327 30.221819, -97.873247 30.222049, -97.87319 30.222298, -97.873143 30.222456, -97.873094 30.222583, -97.872995 30.222798, -97.87291 30.222938, -97.872819 30.223052, -97.872645 30.223202, -97.872416 30.223399, -97.872233 30.223513, -97.871882 30.223684, -97.871693 30.223758, -97.871585 30.223805, -97.870695 30.224195, -97.870092 30.22446, -97.86973 30.224618, -97.869607 30.224706, -97.869342 30.224917, -97.869062 30.225302, -97.868762 30.22579, -97.86871 30.225854, -97.868674 30.22584, -97.868595 30.225799, -97.868574 30.225788, -97.866977 30.224949, -97.865925 30.224456, -97.864568 30.223778, -97.864064 30.223551, -97.863495 30.223254, -97.862582 30.222816, -97.8634 30.222034, -97.864245 30.221781, -97.865356 30.221571, -97.866052 30.221333, -97.866475 30.221188, -97.866924 30.220955, -97.867893 30.220435, -97.867942 30.220404, -97.868429 30.22006, -97.868988 30.219617, -97.869355 30.219371, -97.869569 30.219196, -97.870222 30.218285, -97.871267 30.21669, -97.871766 30.215933, -97.87227 30.215175, -97.872441 30.214917, -97.872624 30.214632, -97.872695 30.214551, -97.873137 30.214048, -97.873445 30.2137, -97.873476 30.213664, -97.873793 30.213513, -97.874194 30.2136, -97.874596 30.213911, -97.874683 30.21401, -97.874795 30.214102, -97.874965 30.214214, -97.875225 30.214327, -97.875789 30.214529, -97.875825 30.214541, -97.875884 30.214557, -97.875937 30.214579, -97.87592 30.214644))",41.6,953.0,159884.0,11.0,0.0,625040.3857908357,0.0015247014779600388
"POLYGON ((-97.893223 30.22106, -97.892601 30.221997, -97.89221 30.222633, -97.89182 30.223267, -97.891814 30.223277, -97.891305 30.224106, -97.889559 30.226893, -97.888749 30.228187, -97.888655 30.228336, -97.888515 30.22856, -97.888305 30.229195, -97.887085 30.229111, -97.885168 30.228978, -97.884925 30.228998, -97.883412 30.229123, -97.882828 30.229233, -97.882167 30.229399, -97.881606 30.229589, -97.880928 30.229876, -97.880462 30.230093, -97.879293 30.230783, -97.879141 30.230581, -97.87802 30.229089, -97.877739 30.228742, -97.877615 30.228626, -97.877328 30.228407, -97.877171 30.22833, -97.877049 30.228251, -97.876873 30.228176, -97.876669 30.2281, -97.876505 30.228048, -97.876347 30.228017, -97.876211 30.227995, -97.875789 30.227954, -97.874437 30.227901, -97.873806 30.227867, -97.87321 30.227844, -97.872981 30.227782, -97.872311 30.22748, -97.871812 30.227207, -97.871398 30.226896, -97.869913 30.22632, -97.86871 30.225854, -97.868762 30.22579, -97.869062 30.225302, -97.869342 30.224917, -97.869607 30.224706, -97.86973 30.224618, -97.870092 30.22446, -97.870695 30.224195, -97.871585 30.223805, -97.871693 30.223758, -97.871882 30.223684, -97.872233 30.223513, -97.872416 30.223399, -97.872645 30.223202, -97.872819 30.223052, -97.87291 30.222938, -97.872995 30.222798, -97.873094 30.222583, -97.873143 30.222456, -97.87319 30.222298, -97.873247 30.222049, -97.87327 30.221819, -97.873391 30.221166, -97.873405 30.220998, -97.873541 30.22015, -97.873615 30.219817, -97.873713 30.219144, -97.873758 30.218911, -97.873789 30.218761, -97.873852 30.218488, -97.873915 30.218245, -97.874003 30.217938, -97.874108 30.217684, -97.874223 30.217432, -97.874394 30.217086, -97.874776 30.216448, -97.87592 30.214644, -97.875937 30.214579, -97.876552 30.214834, -97.876117 30.215736, -97.876159 30.215839, -97.876369 30.216357, -97.877109 30.216709, -97.877816 30.217061, -97.87838 30.217033, -97.878971 30.216965, -97.879255 30.216789, -97.879601 30.216119, -97.880038 30.215401, -97.880966 30.213932, -97.881254 30.213502, -97.881584 30.213679, -97.883229 30.214469, -97.884292 30.214925, -97.884072 30.215291, -97.88395 30.215439, -97.883989 30.215474, -97.884029 30.215512, -97.884071 30.215558, -97.884239 30.215807, -97.88428 30.215876, -97.884323 30.215947, -97.884451 30.21616, -97.884539 30.2163, -97.88466 30.216504, -97.884695 30.216566, -97.884793 30.216741, -97.885028 30.217122, -97.885407 30.217816, -97.885454 30.217888, -97.885501 30.217961, -97.885603 30.218107, -97.885666 30.218176, -97.885737 30.21824, -97.885819 30.218298, -97.886122 30.218421, -97.886235 30.218443, -97.88635 30.218455, -97.886688 30.218441, -97.886788 30.218424, -97.886884 30.218401, -97.887066 30.218341, -97.887158 30.218308, -97.887254 30.218277, -97.887355 30.218253, -97.887558 30.218217, -97.887654 30.218195, -97.88774 30.218167, -97.88782 30.218136, -97.887969 30.218066, -97.888156 30.21844, -97.888316 30.218706, -97.888449 30.2188, -97.888505 30.218913, -97.888782 30.219208, -97.889137 30.219592, -97.889279 30.219687, -97.88939 30.219579, -97.889491 30.21952, -97.889598 30.219486, -97.889746 30.219453, -97.889909 30.219437, -97.890061 30.219437, -97.890136 30.219444, -97.890237 30.21946, -97.890359 30.219487, -97.890454 30.219516, -97.890601 30.21958, -97.890861 30.219711, -97.890977 30.219755, -97.891063 30.219776, -97.891163 30.219786, -97.891277 30.219785, -97.891328 30.219781, -97.892237 30.219782, -97.892704 30.219785, -97.892905 30.219811, -97.893619 30.220064, -97.893223 30.22106))",44.3,2907.0,150152.0,22.0,25.0,2448258.4078508625,0.001187374662199907
"POLYGON ((-97.809215 30.167607, -97.808994 30.168157, -97.808922 30.168328, -97.808837 30.168426, -97.808739 30.168511, -97.808516 30.168714, -97.808312 30.168884, -97.808189 30.169061, -97.808123 30.169225, -97.808116 30.169396, -97.808163 30.169572, -97.808248 30.169808, -97.808418 30.170175, -97.808451 30.17026, -97.808438 30.170371, -97.808406 30.170521, -97.808155 30.171371, -97.807408 30.173905, -97.807406 30.17404, -97.805833 30.174079, -97.805041 30.174091, -97.804137 30.174099, -97.803663 30.174101, -97.803105 30.174129, -97.802653 30.174097, -97.802401 30.174067, -97.802071 30.174004, -97.800481 30.173341, -97.799449 30.172555, -97.79956 30.17246, -97.800756 30.171432, -97.800794 30.171367, -97.80119 30.170751, -97.801421 30.170224, -97.801418 30.170107, -97.801331 30.167425, -97.801328 30.167319, -97.801057 30.165465, -97.800742 30.163278, -97.800485 30.161244, -97.800482 30.161193, -97.800391 30.15965, -97.800454 30.15965, -97.80049 30.15965, -97.800595 30.159656, -97.800636 30.159671, -97.800711 30.15971, -97.800824 30.1598, -97.800961 30.159879, -97.801099 30.159944, -97.801222 30.159989, -97.801351 30.160046, -97.801411 30.160068, -97.801537 30.160082, -97.801681 30.160125, -97.801779 30.160163, -97.80185 30.160202, -97.801912 30.160251, -97.802056 30.160399, -97.802136 30.160496, -97.802156 30.16053, -97.802182 30.160594, -97.802229 30.160915, -97.802276 30.161153, -97.802312 30.161263, -97.802334 30.161303, -97.802397 30.161395, -97.802487 30.161501, -97.802759 30.161764, -97.802819 30.161812, -97.802925 30.16187, -97.803184 30.161989, -97.80324 30.162003, -97.803293 30.162005, -97.803381 30.161984, -97.803544 30.161921, -97.803645 30.16187, -97.803685 30.161836, -97.803721 30.16178, -97.803755 30.161653, -97.803807 30.161492, -97.803844 30.161414, -97.803914 30.161293, -97.804052 30.161104, -97.804112 30.161042, -97.804165 30.161008, -97.804229 30.160985, -97.804596 30.160906, -97.804682 30.160905, -97.805079 30.16093, -97.80548 30.160941, -97.80553 30.160937, -97.805585 30.16092, -97.805663 30.160882, -97.805728 30.160946, -97.80583 30.16108, -97.805899 30.161213, -97.805933 30.161553, -97.805943 30.161738, -97.805961 30.161913, -97.805987 30.162077, -97.806038 30.162222, -97.80608 30.162306, -97.80614 30.162388, -97.806247 30.1625, -97.806388 30.162613, -97.806467 30.162682, -97.806496 30.162721, -97.806504 30.162763, -97.806499 30.162821, -97.806477 30.16293, -97.806445 30.163021, -97.806442 30.163092, -97.806462 30.163227, -97.806466 30.16328, -97.806463 30.163357, -97.80645 30.163404, -97.806351 30.163563, -97.806412 30.163687, -97.806411 30.163715, -97.806362 30.163802, -97.806269 30.163936, -97.806168 30.164042, -97.806148 30.164078, -97.806132 30.16416, -97.806134 30.164213, -97.80615 30.164257, -97.806178 30.164298, -97.80625 30.164367, -97.806314 30.164435, -97.806695 30.164908, -97.80684 30.165095, -97.806982 30.165268, -97.807053 30.165366, -97.807115 30.165428, -97.807177 30.165501, -97.807295 30.165674, -97.807546 30.166027, -97.807592 30.166062, -97.807709 30.166272, -97.80776 30.166346, -97.807941 30.166522, -97.807995 30.16658, -97.808205 30.166758, -97.808272 30.166804, -97.808487 30.166997, -97.808574 30.167068, -97.808655 30.167149, -97.808754 30.167268, -97.808803 30.167357, -97.808827 30.167375, -97.809028 30.167433, -97.809083 30.167469, -97.809152 30.167539, -97.809215 30.167607))",26.9,2421.0,67799.0,44.0,61.0,928315.3461566756,0.0026079499924494386
"POLYGON ((-97.857805 30.220504, -97.85638 30.222737, -97.855758 30.223756, -97.855504 30.224142, -97.855474 30.224192, -97.855187 30.224667, -97.855036 30.224916, -97.85496 30.225034, -97.854801 30.22497, -97.854362 30.224802, -97.853695 30.224715, -97.852265 30.22487, -97.852179 30.224881, -97.852115 30.224889, -97.851463 30.224973, -97.851012 30.225032, -97.850887 30.225039, -97.850794 30.225051, -97.849877 30.225097, -97.849427 30.224998, -97.849328 30.224973, -97.849217 30.224956, -97.848526 30.224817, -97.848359 30.224792, -97.848315 30.224777, -97.847521 30.224657, -97.847407 30.224631, -97.847269 30.22461, -97.846515 30.224446, -97.846404 30.224423, -97.846272 30.224393, -97.845507 30.224227, -97.845394 30.224197, -97.84526 30.224176, -97.842526 30.223641, -97.841846 30.223507, -97.841649 30.223468, -97.841511 30.223429, -97.840485 30.22313, -97.83952 30.22274, -97.838678 30.222328, -97.83818 30.221969, -97.837827 30.221678, -97.837642 30.221518, -97.837434 30.221313, -97.837185 30.221053, -97.836955 30.220801, -97.836899 30.220733, -97.836853 30.220676, -97.836732 30.220508, -97.836591 30.220312, -97.836679 30.220157, -97.83679 30.219992, -97.837466 30.219142, -97.838294 30.218345, -97.839014 30.217811, -97.839614 30.217506, -97.839918 30.217331, -97.840037 30.217262, -97.840467 30.217078, -97.840859 30.216925, -97.841139 30.216831, -97.841458 30.216747, -97.841726 30.216697, -97.842311 30.216615, -97.84271 30.21659, -97.843072 30.216573, -97.843224 30.216571, -97.843428 30.21657, -97.844208 30.216609, -97.844559 30.216614, -97.844848 30.216625, -97.845399 30.216635, -97.845883 30.216926, -97.846525 30.217239, -97.847223 30.217579, -97.848127 30.217962, -97.848268 30.217962, -97.848387 30.217943, -97.84853 30.217926, -97.850955 30.217178, -97.852563 30.217966, -97.853294 30.218324, -97.854367 30.218834, -97.854671 30.218972, -97.855256 30.219272, -97.856873 30.220051, -97.857805 30.220504))",52.4,1392.0,180139.0,17.0,0.0,1328884.5202833647,0.0010474950823440828
"POLYGON ((-97.784503 30.202424, -97.783823 30.203835, -97.78234 30.206779, -97.78233 30.2068, -97.781555 30.208364, -97.781543 30.208387, -97.781513 30.208448, -97.781453 30.208523, -97.781409 30.208505, -97.779665 30.2076, -97.778814 30.207168, -97.778723 30.207132, -97.77864 30.207077, -97.777288 30.206307, -97.777219 30.206267, -97.777116 30.206215, -97.774756 30.204991, -97.774818 30.204885, -97.775148 30.20388, -97.775365 30.203254, -97.775528 30.202493, -97.775573 30.20233, -97.775944 30.200987, -97.776119 30.200355, -97.776215 30.200007, -97.776367 30.199455, -97.776635 30.198483, -97.776715 30.198217, -97.77674 30.198134, -97.776799 30.197939, -97.776856 30.197778, -97.777123 30.197027, -97.778424 30.197281, -97.779206 30.197464, -97.780476 30.197721, -97.781802 30.198594, -97.782628 30.199106, -97.783794 30.199671, -97.785677 30.200544, -97.784503 30.202424))",39.7,2458.0,75849.0,114.0,14.0,790895.832575508,0.0031078681904235864
"POLYGON ((-97.799134 30.172877, -97.798915 30.173235, -97.798907 30.174104, -97.794851 30.174205, -97.793431 30.174232, -97.791051 30.174278, -97.789644 30.174311, -97.788969 30.174318, -97.78877 30.174295, -97.788648 30.174247, -97.788276 30.174076, -97.785277 30.172951, -97.785473 30.172289, -97.785635 30.171753, -97.785829 30.171313, -97.785971 30.171041, -97.786115 30.17084, -97.78775 30.169499, -97.78812 30.169116, -97.788396 30.168678, -97.788456 30.168484, -97.788516 30.16829, -97.788563 30.167217, -97.789995 30.167234, -97.790959 30.16726, -97.791453 30.167292, -97.791971 30.167381, -97.792379 30.167453, -97.792742 30.167552, -97.793039 30.167638, -97.793296 30.167717, -97.793592 30.167849, -97.793975 30.168023, -97.794265 30.168185, -97.794545 30.16836, -97.794752 30.168508, -97.795056 30.168742, -97.795435 30.169042, -97.795619 30.169233, -97.795703 30.169327, -97.795781 30.169347, -97.797054 30.17052, -97.79834 30.171615, -97.799449 30.172555, -97.799134 30.172877))",32.4,1716.0,121826.0,0.0,330.0,736483.0315007791,0.0023299925817750287
"POLYGON ((-97.962138 30.382716, -97.962025 30.383009, -97.961687 30.383237, -97.961536 30.3834, -97.961235 30.383888, -97.960972 30.384214, -97.960521 30.384539, -97.960506 30.384557, -97.95952 30.38574, -97.958626 30.386547, -97.957638 30.387498, -97.956552 30.3888, -97.956111 30.389418, -97.955695 30.38994, -97.955483 30.390384, -97.955408 30.390542, -97.955204 30.391217, -97.955093 30.391733, -97.955041 30.391974, -97.95499 30.392905, -97.954953 30.393808, -97.953681 30.393736, -97.952249 30.393781, -97.951633 30.3938, -97.949137 30.393704, -97.947473 30.393704, -97.946193 30.3938, -97.945153 30.394056, -97.945081 30.394089, -97.944449 30.394376, -97.944001 30.394664, -97.943025 30.395752, -97.942611 30.396445, -97.942229 30.396694, -97.94096 30.397747, -97.940568 30.398074, -97.940354 30.398847, -97.94024 30.399255, -97.93986 30.400461, -97.939755 30.401259, -97.939486 30.401434, -97.938466 30.401932, -97.93745 30.40227, -97.936601 30.402486, -97.935049 30.402832, -97.934636 30.402913, -97.93362 30.403, -97.93276 30.403074, -97.932692 30.403074, -97.932608 30.403088, -97.932423 30.403108, -97.932239 30.403077, -97.931782 30.402884, -97.93147 30.402783, -97.931074 30.402661, -97.93095 30.40264, -97.930845 30.402656, -97.930705 30.402775, -97.930538 30.402891, -97.930308 30.402987, -97.930073 30.403068, -97.929984 30.403085, -97.929905 30.4031, -97.929806 30.403123, -97.929723 30.403116, -97.929604 30.403131, -97.929464 30.403102, -97.929176 30.403054, -97.929046 30.403004, -97.928952 30.402927, -97.928827 30.40278, -97.927951 30.403019, -97.926821 30.403154, -97.926716 30.403171, -97.926714 30.403105, -97.926601 30.401789, -97.926533 30.401471, -97.926484 30.400906, -97.926497 30.400764, -97.926529 30.400577, -97.92659 30.400432, -97.926669 30.400151, -97.926771 30.399935, -97.927894 30.399031, -97.928158 30.398805, -97.928465 30.398533, -97.928616 30.398392, -97.928758 30.39826, -97.92884 30.398156, -97.928875 30.39808, -97.928871 30.39801, -97.928878 30.397614, -97.928914 30.397615, -97.929187 30.397616, -97.929243 30.397621, -97.929558 30.397625, -97.929631 30.397626, -97.929714 30.397631, -97.9298 30.397619, -97.929824 30.397615, -97.930143 30.397561, -97.930359 30.397508, -97.930796 30.397349, -97.931613 30.396932, -97.932356 30.396355, -97.933806 30.394723, -97.934805 30.393579, -97.935511 30.393009, -97.9368 30.391969, -97.937297 30.391708, -97.937384 30.391658, -97.93747 30.391607, -97.939737 30.390323, -97.94005 30.390144, -97.940345 30.389928, -97.940564 30.389745, -97.940837 30.389432, -97.941054 30.389137, -97.94164 30.388247, -97.941789 30.388064, -97.942326 30.387271, -97.942461 30.387018, -97.942554 30.386787, -97.942641 30.386531, -97.942684 30.386277, -97.942715 30.385217, -97.94278 30.38464, -97.942832 30.384363, -97.942938 30.383697, -97.943072 30.382974, -97.943136 30.382746, -97.943252 30.382487, -97.943413 30.382177, -97.943586 30.381934, -97.943869 30.38159, -97.944438 30.380903, -97.944818 30.38045, -97.945134 30.380073, -97.94542 30.379653, -97.945626 30.37927, -97.945912 30.378766, -97.946089 30.37837, -97.946222 30.377963, -97.946368 30.377434, -97.946506 30.376889, -97.947147 30.374376, -97.94716 30.374321, -97.948096 30.374766, -97.949498 30.37541, -97.951227 30.376205, -97.951372 30.376275, -97.951988 30.376545, -97.952253 30.376678, -97.952732 30.376919, -97.95431 30.377682, -97.954696 30.377853, -97.955651 30.378277, -97.956506 30.378653, -97.957164 30.378954, -97.957485 30.3791, -97.958063 30.379397, -97.958343 30.379605, -97.958512 30.379736, -97.958675 30.379875, -97.958994 30.380189, -97.959176 30.380418, -97.95982 30.381071, -97.960072 30.381355, -97.960262 30.381569, -97.961573 30.38216, -97.962049 30.382459, -97.962138 30.382716))",45.2,1712.0,86250.0,19.0,137.0,4010039.0188639206,0.0004269285141482301
"POLYGON ((-97.709579 30.36221, -97.709467 30.362347, -97.709318 30.362487, -97.70847 30.363267, -97.708334 30.363406, -97.708233 30.363548, -97.708155 30.363692, -97.708082 30.363862, -97.708027 30.364006, -97.70799 30.364141, -97.707961 30.364315, -97.707919 30.364477, -97.707867 30.364626, -97.707605 30.365242, -97.70754 30.365369, -97.707319 30.365739, -97.706767 30.366609, -97.706309 30.3673, -97.706286 30.367338, -97.706252 30.367394, -97.706236 30.36742, -97.706227 30.367436, -97.706067 30.367334, -97.705668 30.367155, -97.705367 30.367041, -97.705189 30.366986, -97.705052 30.366937, -97.704971 30.366913, -97.704284 30.366649, -97.701654 30.365409, -97.701619 30.365391, -97.701651 30.365274, -97.702024 30.364615, -97.702082 30.364528, -97.702249 30.364342, -97.702384 30.364221, -97.702569 30.364079, -97.702831 30.363905, -97.703238 30.363547, -97.703416 30.363379, -97.703537 30.363283, -97.703674 30.363201, -97.704064 30.362968, -97.704435 30.362767, -97.704682 30.362629, -97.704778 30.362556, -97.704865 30.362455, -97.704961 30.362323, -97.705332 30.36175, -97.706094 30.360542, -97.706874 30.36094, -97.70766 30.361318, -97.70806 30.361501, -97.70831 30.36157, -97.708639 30.361645, -97.708909 30.361707, -97.709122 30.36176, -97.709321 30.36184, -97.7097 30.36202, -97.709579 30.36221))",34.8,801.0,142813.0,0.0,15.0,285690.8025052644,0.002803730442058036
"POLYGON ((-97.700254 30.376088, -97.700196 30.376555, -97.700182 30.376772, -97.700167 30.376988, -97.700135 30.377453, -97.69999 30.378058, -97.699303 30.379083, -97.698652 30.379782, -97.698639 30.379797, -97.697946 30.380923, -97.697948 30.381122, -97.697951 30.38132, -97.697956 30.381754, -97.6979 30.382712, -97.696994 30.382688, -97.695924 30.382672, -97.695265 30.382672, -97.694784 30.382701, -97.694111 30.382662, -97.693797 30.382521, -97.694382 30.381562, -97.695131 30.380395, -97.695824 30.379309, -97.696412 30.378344, -97.696994 30.377454, -97.697485 30.376683, -97.694627 30.375299, -97.694339 30.375322, -97.694325 30.37524, -97.694291 30.375165, -97.694254 30.375114, -97.694158 30.375033, -97.6931 30.374499, -97.692829 30.37438, -97.692651 30.374291, -97.692445 30.374165, -97.692344 30.374093, -97.692201 30.373975, -97.692022 30.373841, -97.691916 30.373767, -97.691646 30.373633, -97.691473 30.373544, -97.691352 30.373495, -97.691149 30.373468, -97.691612 30.372665, -97.692449 30.37117, -97.693009 30.370175, -97.694757 30.371069, -97.69621 30.371795, -97.696235 30.371827, -97.696252 30.371872, -97.696242 30.371921, -97.696218 30.371978, -97.695902 30.372548, -97.696689 30.372916, -97.696912 30.372565, -97.697077 30.372307, -97.697134 30.372245, -97.697196 30.372229, -97.697268 30.372245, -97.697356 30.372286, -97.697831 30.372555, -97.698343 30.372855, -97.698761 30.373066, -97.699201 30.373273, -97.699511 30.373387, -97.700089 30.373619, -97.700425 30.373743, -97.700497 30.373805, -97.700523 30.373878, -97.700513 30.37394, -97.700451 30.374048, -97.700151 30.374517, -97.701005 30.374896, -97.700254 30.376088))",35.9,1271.0,116169.0,20.0,0.0,564445.8051035742,0.002251766225398336
"POLYGON ((-97.696994 30.377454, -97.696412 30.378344, -97.695824 30.379309, -97.695131 30.380395, -97.694382 30.381562, -97.693797 30.382521, -97.693509 30.382381, -97.691649 30.381474, -97.690255 30.380795, -97.690196 30.380766, -97.687684 30.37954, -97.688287 30.378482, -97.688756 30.377686, -97.688948 30.377396, -97.689309 30.376738, -97.689784 30.375895, -97.690125 30.375257, -97.690776 30.37413, -97.691149 30.373468, -97.691352 30.373495, -97.691473 30.373544, -97.691646 30.373633, -97.691916 30.373767, -97.692022 30.373841, -97.692201 30.373975, -97.692344 30.374093, -97.692445 30.374165, -97.692651 30.374291, -97.692829 30.37438, -97.6931 30.374499, -97.694158 30.375033, -97.694254 30.375114, -97.694291 30.375165, -97.694325 30.37524, -97.694339 30.375322, -97.694627 30.375299, -97.697485 30.376683, -97.696994 30.377454))",22.7,1068.0,105462.0,141.0,29.0,509873.4331034546,0.002094637474047996
"POLYGON ((-97.778106 30.179411, -97.777738 30.17997, -97.776317 30.182129, -97.77559 30.183236, -97.77471 30.184525, -97.773177 30.18689, -97.772955 30.187222, -97.772336 30.188149, -97.771686 30.189003, -97.770602 30.19043, -97.770561 30.190481, -97.770518 30.190537, -97.770372 30.190462, -97.770119 30.190334, -97.770064 30.190305, -97.76997 30.190252, -97.769543 30.190007, -97.76901 30.1897, -97.767958 30.189315, -97.767856 30.189276, -97.767749 30.189243, -97.766126 30.188764, -97.765163 30.18848, -97.76401 30.188141, -97.763837 30.188091, -97.762995 30.187842, -97.7628 30.187786, -97.762888 30.187674, -97.762904 30.187653, -97.763529 30.186856, -97.763884 30.186297, -97.764199 30.185654, -97.764322 30.185335, -97.764543 30.184987, -97.765236 30.183914, -97.765691 30.18325, -97.766159 30.182566, -97.764503 30.181744, -97.762489 30.180691, -97.762674 30.180381, -97.762761 30.179943, -97.762783 30.179059, -97.762827 30.178907, -97.762837 30.178878, -97.762872 30.178777, -97.763054 30.178249, -97.763361 30.177433, -97.763555 30.176849, -97.763751 30.176258, -97.765062 30.176546, -97.765616 30.176584, -97.766213 30.176669, -97.766459 30.176725, -97.766828 30.176844, -97.76811 30.177252, -97.769209 30.177617, -97.769376 30.177661, -97.769586 30.177673, -97.7698 30.177673, -97.769725 30.176852, -97.769645 30.175977, -97.769601 30.175499, -97.769443 30.175133, -97.769136 30.174318, -97.769064 30.174126, -97.768816 30.173479, -97.768696 30.173078, -97.768589 30.172531, -97.768532 30.171788, -97.768487 30.171121, -97.768472 30.170882, -97.768504 30.170529, -97.768579 30.170517, -97.768708 30.17049, -97.768858 30.170459, -97.768984 30.170442, -97.769096 30.170439, -97.769483 30.170457, -97.769573 30.170456, -97.769649 30.170448, -97.769771 30.170421, -97.769871 30.170383, -97.769947 30.170366, -97.770039 30.170361, -97.77014 30.170368, -97.770214 30.170384, -97.770279 30.170416, -97.770393 30.170489, -97.770578 30.170633, -97.770645 30.170701, -97.770668 30.170734, -97.770701 30.170805, -97.77079 30.171136, -97.770804 30.171215, -97.77083 30.171359, -97.770841 30.171466, -97.770841 30.171555, -97.770829 30.171616, -97.770803 30.171661, -97.770734 30.17173, -97.770649 30.171784, -97.770602 30.171806, -97.770491 30.171836, -97.770363 30.171857, -97.770311 30.171881, -97.77028 30.171908, -97.770091 30.172191, -97.769993 30.172355, -97.769939 30.172475, -97.769904 30.172589, -97.769827 30.172916, -97.769819 30.172996, -97.769819 30.173172, -97.769826 30.173222, -97.769845 30.17326, -97.769877 30.173288, -97.769924 30.173309, -97.770409 30.17342, -97.770663 30.173468, -97.771172 30.173647, -97.771284 30.173697, -97.771328 30.17373, -97.771343 30.173756, -97.771345 30.17385, -97.771413 30.173912, -97.771447 30.173916, -97.771478 30.173928, -97.771497 30.173962, -97.771554 30.174016, -97.771649 30.174075, -97.771835 30.174149, -97.771966 30.174228, -97.77202 30.174252, -97.772272 30.174326, -97.772824 30.174476, -97.772933 30.17449, -97.773261 30.174426, -97.773695 30.174436, -97.773931 30.174531, -97.774155 30.174621, -97.7743 30.174733, -97.774422 30.174827, -97.774461 30.175076, -97.774518 30.175381, -97.774602 30.175665, -97.774623 30.17579, -97.774634 30.176195, -97.774658 30.176599, -97.774695 30.176843, -97.774724 30.176995, -97.774763 30.177123, -97.774885 30.177402, -97.77493 30.177482, -97.774971 30.177522, -97.775032 30.17756, -97.775197 30.177634, -97.775331 30.177678, -97.775465 30.17771, -97.775524 30.177715, -97.775583 30.177706, -97.775613 30.177682, -97.775625 30.177655, -97.775647 30.177492, -97.775669 30.177412, -97.775682 30.177382, -97.775711 30.177349, -97.775751 30.177327, -97.775839 30.177308, -97.775983 30.177288, -97.776111 30.177277, -97.776346 30.177269, -97.776397 30.177276, -97.776441 30.177297, -97.776477 30.177328, -97.776496 30.177364, -97.776501 30.177412, -97.776492 30.177479, -97.776425 30.177681, -97.776353 30.177872, -97.776324 30.177996, -97.776304 30.178174, -97.776282 30.178284, -97.776275 30.178339, -97.776281 30.178398, -97.776303 30.178426, -97.776486 30.178538, -97.776566 30.178602, -97.776599 30.178632, -97.77672 30.178742, -97.776898 30.178934, -97.776919 30.178958, -97.777005 30.17905, -97.777078 30.179112, -97.777189 30.179184, -97.777317 30.179249, -97.7774 30.179278, -97.777508 30.1793, -97.777803 30.179353, -97.778106 30.179411))",26.6,4274.0,79458.0,271.0,86.0,1693153.3090675573,0.002524284113618601
"POLYGON ((-97.786167 30.16711, -97.786072 30.167257, -97.78585 30.167598, -97.785303 30.16843, -97.784747 30.169291, -97.783949 30.170524, -97.783536 30.171179, -97.783097 30.171835, -97.782851 30.172202, -97.782335 30.172975, -97.781776 30.17383, -97.780981 30.175041, -97.779941 30.176621, -97.779626 30.177101, -97.778106 30.179411, -97.777803 30.179353, -97.777508 30.1793, -97.7774 30.179278, -97.777317 30.179249, -97.777189 30.179184, -97.777078 30.179112, -97.777005 30.17905, -97.776919 30.178958, -97.776898 30.178934, -97.77672 30.178742, -97.776599 30.178632, -97.776566 30.178602, -97.776486 30.178538, -97.776303 30.178426, -97.776281 30.178398, -97.776275 30.178339, -97.776282 30.178284, -97.776304 30.178174, -97.776324 30.177996, -97.776353 30.177872, -97.776425 30.177681, -97.776492 30.177479, -97.776501 30.177412, -97.776496 30.177364, -97.776477 30.177328, -97.776441 30.177297, -97.776397 30.177276, -97.776346 30.177269, -97.776111 30.177277, -97.775983 30.177288, -97.775839 30.177308, -97.775751 30.177327, -97.775711 30.177349, -97.775682 30.177382, -97.775669 30.177412, -97.775647 30.177492, -97.775625 30.177655, -97.775613 30.177682, -97.775583 30.177706, -97.775524 30.177715, -97.775465 30.17771, -97.775331 30.177678, -97.775197 30.177634, -97.775032 30.17756, -97.774971 30.177522, -97.77493 30.177482, -97.774885 30.177402, -97.774763 30.177123, -97.774724 30.176995, -97.774695 30.176843, -97.774658 30.176599, -97.774634 30.176195, -97.774623 30.17579, -97.774602 30.175665, -97.774518 30.175381, -97.774461 30.175076, -97.774422 30.174827, -97.7743 30.174733, -97.774155 30.174621, -97.773931 30.174531, -97.773695 30.174436, -97.773261 30.174426, -97.772933 30.17449, -97.772824 30.174476, -97.772272 30.174326, -97.77202 30.174252, -97.771966 30.174228, -97.771835 30.174149, -97.771649 30.174075, -97.771554 30.174016, -97.771497 30.173962, -97.771478 30.173928, -97.771447 30.173916, -97.771413 30.173912, -97.771345 30.17385, -97.771343 30.173756, -97.771328 30.17373, -97.771284 30.173697, -97.771172 30.173647, -97.770663 30.173468, -97.770409 30.17342, -97.769924 30.173309, -97.769877 30.173288, -97.769845 30.17326, -97.769826 30.173222, -97.769819 30.173172, -97.769819 30.172996, -97.769827 30.172916, -97.769904 30.172589, -97.769939 30.172475, -97.769993 30.172355, -97.770091 30.172191, -97.77028 30.171908, -97.770311 30.171881, -97.770363 30.171857, -97.770491 30.171836, -97.770602 30.171806, -97.770649 30.171784, -97.770734 30.17173, -97.770803 30.171661, -97.770829 30.171616, -97.770841 30.171555, -97.770841 30.171466, -97.77083 30.171359, -97.770804 30.171215, -97.77079 30.171136, -97.770701 30.170805, -97.770668 30.170734, -97.770645 30.170701, -97.770578 30.170633, -97.770393 30.170489, -97.770279 30.170416, -97.770214 30.170384, -97.77014 30.170368, -97.770039 30.170361, -97.769947 30.170366, -97.769871 30.170383, -97.769771 30.170421, -97.769649 30.170448, -97.769573 30.170456, -97.769483 30.170457, -97.769096 30.170439, -97.768984 30.170442, -97.768858 30.170459, -97.768708 30.17049, -97.768579 30.170517, -97.768504 30.170529, -97.768418 30.170536, -97.768331 30.170545, -97.76821 30.170542, -97.768131 30.17054, -97.768048 30.170532, -97.767978 30.170517, -97.767432 30.17036, -97.76718 30.170277, -97.7671 30.170242, -97.767063 30.170222, -97.767024 30.170191, -97.766991 30.170149, -97.766962 30.17009, -97.766946 30.170031, -97.766943 30.16997, -97.766957 30.169921, -97.767023 30.169801, -97.767083 30.169693, -97.767113 30.169657, -97.767166 30.169623, -97.76737 30.16939, -97.767433 30.169287, -97.767534 30.169161, -97.767736 30.168829, -97.767771 30.168753, -97.767801 30.168695, -97.767839 30.168647, -97.767983 30.168513, -97.768044 30.168439, -97.768072 30.168375, -97.768124 30.168198, -97.768133 30.168151, -97.768135 30.168077, -97.768116 30.168008, -97.768038 30.167845, -97.767982 30.167754, -97.767966 30.167713, -97.767959 30.167655, -97.767978 30.167436, -97.767995 30.167367, -97.768204 30.166879, -97.768253 30.166739, -97.76827 30.166662, -97.768282 30.16656, -97.768272 30.166523, -97.768246 30.166489, -97.768208 30.166457, -97.768167 30.166435, -97.768115 30.166427, -97.768045 30.166431, -97.767991 30.166449, -97.767807 30.166522, -97.767786 30.16654, -97.767742 30.166622, -97.767525 30.166909, -97.767494 30.166976, -97.767469 30.167074, -97.767464 30.167172, -97.767446 30.167228, -97.767313 30.167517, -97.767191 30.16772, -97.767173 30.167739, -97.767134 30.167755, -97.767105 30.16776, -97.767039 30.167757, -97.76693 30.167733, -97.76682 30.167688, -97.766777 30.16768, -97.766744 30.167684, -97.766658 30.16772, -97.76662 30.167746, -97.766489 30.167867, -97.766338 30.168017, -97.766258 30.168087, -97.76619 30.168133, -97.766122 30.168164, -97.766064 30.168181, -97.766028 30.168177, -97.766004 30.168167, -97.76595 30.168127, -97.765914 30.168083, -97.765891 30.168074, -97.765843 30.168074, -97.765808 30.168085, -97.765694 30.16815, -97.765391 30.168343, -97.765092 30.168505, -97.765007 30.168542, -97.764966 30.168548, -97.764826 30.168517, -97.764578 30.168378, -97.764464 30.16831, -97.764336 30.168248, -97.764292 30.168242, -97.764084 30.168239, -97.763874 30.1682, -97.764002 30.16793, -97.764016 30.167886, -97.764071 30.16771, -97.764101 30.167615, -97.764115 30.167571, -97.764144 30.167481, -97.764202 30.167351, -97.764218 30.167314, -97.764276 30.167187, -97.764302 30.167094, -97.764339 30.166962, -97.764377 30.166826, -97.764408 30.166545, -97.764411 30.166524, -97.764407 30.166507, -97.764377 30.166424, -97.764026 30.165966, -97.763865 30.165705, -97.763651 30.1652, -97.76376 30.164542, -97.763773 30.164522, -97.763791 30.164487, -97.763804 30.164427, -97.763799 30.164361, -97.763774 30.1643, -97.763742 30.164254, -97.763734 30.164228, -97.763729 30.164189, -97.763731 30.16415, -97.763739 30.164109, -97.76375 30.164064, -97.763775 30.163993, -97.763706 30.163963, -97.763737 30.163907, -97.763812 30.16381, -97.763856 30.163697, -97.763897 30.163633, -97.763984 30.163527, -97.76408 30.163439, -97.764121 30.163388, -97.764148 30.163289, -97.764248 30.163129, -97.764291 30.163052, -97.764325 30.162894, -97.76443 30.162512, -97.764489 30.162382, -97.764543 30.1623, -97.764619 30.162258, -97.764692 30.162178, -97.764845 30.161971, -97.764991 30.161814, -97.765282 30.161525, -97.765425 30.161401, -97.765708 30.1612, -97.765917 30.161008, -97.766145 30.160752, -97.766231 30.160633, -97.766283 30.160574, -97.766325 30.160542, -97.766385 30.160513, -97.766496 30.160477, -97.766531 30.160451, -97.766681 30.160277, -97.766718 30.160221, -97.766746 30.160188, -97.766805 30.160138, -97.766926 30.16006, -97.767295 30.159846, -97.767338 30.159796, -97.767357 30.15978, -97.767498 30.1597, -97.767682 30.159614, -97.767877 30.15954, -97.768104 30.159477, -97.768209 30.159458, -97.76839 30.159446, -97.768769 30.159357, -97.76887 30.159345, -97.76907 30.159354, -97.76938 30.159381, -97.76944 30.159382, -97.769531 30.159371, -97.769627 30.159347, -97.769652 30.15934, -97.770012 30.159224, -97.770068 30.159201, -97.770405 30.159032, -97.770533 30.158941, -97.77072 30.158818, -97.770787 30.158763, -97.770908 30.158636, -97.771014 30.1585, -97.771076 30.1584, -97.771103 30.158338, -97.771132 30.158219, -97.771213 30.157762, -97.771238 30.157691, -97.771271 30.157642, -97.771314 30.157608, -97.771436 30.157555, -97.771766 30.157315, -97.771934 30.1572, -97.772 30.157181, -97.772182 30.157174, -97.772381 30.157181, -97.772585 30.157179, -97.772762 30.157157, -97.772928 30.157147, -97.773191 30.157147, -97.773728 30.157171, -97.773794 30.157183, -97.773917 30.157221, -97.774048 30.157247, -97.774209 30.157263, -97.774411 30.157262, -97.774707 30.157271, -97.774791 30.157282, -97.77492 30.157313, -97.775094 30.157379, -97.775281 30.157455, -97.775444 30.157521, -97.77598 30.158689, -97.776013 30.158746, -97.776072 30.158834, -97.776804 30.160253, -97.77723 30.161073, -97.777724 30.162023, -97.777823 30.162214, -97.779208 30.164876, -97.779335 30.165041, -97.779729 30.165469, -97.779859 30.16562, -97.780413 30.166094, -97.781154 30.166461, -97.781206 30.166488, -97.781957 30.166725, -97.782816 30.166858, -97.783812 30.166905, -97.783991 30.166914, -97.784871 30.16696, -97.785014 30.166958, -97.785088 30.166974, -97.785114 30.166973, -97.785524 30.166965, -97.785941 30.16697, -97.786254 30.166975, -97.786167 30.16711))",31.7,3621.0,78713.0,187.0,169.0,2652301.713390152,0.0013652292956413564
"POLYGON ((-97.747674 30.289443, -97.747646 30.289946, -97.747541 30.290874, -97.746514 30.290778, -97.746035 30.290772, -97.745368 30.290728, -97.744425 30.290668, -97.744503 30.28999, -97.744537 30.289306, -97.744591 30.288603, -97.744682 30.287936, -97.746779 30.288086, -97.747832 30.288162, -97.747674 30.289443))",21.3,1150.0,2499.0,850.0,86.0,91357.75765673877,0.012587874631522035
"POLYGON ((-97.748001 30.286369, -97.747925 30.287196, -97.74789 30.287445, -97.747832 30.288162, -97.746779 30.288086, -97.744682 30.287936, -97.744742 30.287233, -97.744785 30.28669, -97.74484 30.286174, -97.744947 30.285263, -97.746513 30.285369, -97.748107 30.285478, -97.748001 30.286369))",21.3,1186.0,8761.0,911.0,72.0,90784.27812829781,0.01306393600799387
"POLYGON ((-97.957476 30.357942, -97.956957 30.358188, -97.955113 30.358886, -97.954852 30.358985, -97.954303 30.359429, -97.953728 30.36021, -97.953182 30.361424, -97.953149 30.361499, -97.953128 30.361547, -97.952714 30.362666, -97.952412 30.363481, -97.951871 30.364846, -97.951255 30.365802, -97.950302 30.367468, -97.949839 30.368106, -97.949433 30.368753, -97.949032 30.369385, -97.948509 30.370237, -97.94826 30.370735, -97.948115 30.371024, -97.947937 30.371526, -97.947718 30.372347, -97.94716 30.374321, -97.947147 30.374376, -97.946506 30.376889, -97.944416 30.376434, -97.943043 30.376156, -97.942014 30.375961, -97.941773 30.375913, -97.941533 30.375863, -97.940962 30.375746, -97.940345 30.375594, -97.940196 30.375543, -97.940083 30.375497, -97.939934 30.375403, -97.939779 30.375272, -97.939489 30.374993, -97.938797 30.374317, -97.937352 30.372862, -97.93681 30.372342, -97.936621 30.372186, -97.936122 30.3719, -97.935989 30.371783, -97.935771 30.371537, -97.93395 30.37062, -97.93319 30.37018, -97.932704 30.370883, -97.932193 30.371561, -97.932025 30.371739, -97.931889 30.371786, -97.931616 30.37188, -97.931225 30.371859, -97.931126 30.371853, -97.931006 30.371862, -97.930917 30.371872, -97.930813 30.371898, -97.930679 30.371934, -97.930022 30.372191, -97.928842 30.372714, -97.928313 30.372962, -97.928055 30.37323, -97.927637 30.37422, -97.927352 30.374963, -97.927053 30.375628, -97.926146 30.375096, -97.925772 30.374862, -97.925759 30.374854, -97.92524 30.374544, -97.924312 30.374005, -97.923508 30.373511, -97.923427 30.373485, -97.923375 30.373468, -97.922306 30.374823, -97.922145 30.37509, -97.922075 30.375246, -97.921939 30.375504, -97.921858 30.375644, -97.921756 30.375822, -97.9217 30.375889, -97.921583 30.376017, -97.921537 30.376068, -97.921486 30.376102, -97.921391 30.376158, -97.921259 30.376218, -97.921183 30.376237, -97.921096 30.376251, -97.92101 30.376257, -97.920915 30.376256, -97.920839 30.376238, -97.920749 30.376207, -97.920651 30.37616, -97.920552 30.376121, -97.920458 30.376076, -97.920384 30.376036, -97.920325 30.375995, -97.920256 30.375938, -97.920208 30.375895, -97.920158 30.375853, -97.920136 30.37582, -97.920104 30.375762, -97.920098 30.375703, -97.920088 30.375615, -97.919986 30.375566, -97.919903 30.375512, -97.91984 30.375471, -97.919623 30.375365, -97.9194 30.375281, -97.91933 30.375379, -97.919251 30.375464, -97.919159 30.375552, -97.919064 30.37562, -97.918952 30.375689, -97.918914 30.375709, -97.918904 30.375717, -97.918889 30.375739, -97.918875 30.375821, -97.918872 30.375913, -97.918885 30.375975, -97.918914 30.376063, -97.918943 30.376123, -97.918994 30.376225, -97.919067 30.376322, -97.919138 30.376409, -97.919173 30.37649, -97.919495 30.376659, -97.919651 30.376759, -97.919669 30.376787, -97.919677 30.376814, -97.919683 30.376851, -97.919679 30.37688, -97.919675 30.376912, -97.919663 30.376942, -97.919627 30.37697, -97.919587 30.377, -97.91953 30.377036, -97.919467 30.377059, -97.919406 30.377078, -97.919346 30.377091, -97.919265 30.377105, -97.91916 30.377122, -97.919039 30.377137, -97.918931 30.377144, -97.918837 30.377149, -97.918768 30.377153, -97.918666 30.37715, -97.918607 30.377139, -97.91856 30.377121, -97.918475 30.377087, -97.918407 30.377048, -97.918333 30.377016, -97.918237 30.37698, -97.918156 30.376967, -97.918062 30.376967, -97.917955 30.376976, -97.917622 30.377107, -97.917603 30.377084, -97.917385 30.37625, -97.917182 30.375985, -97.916844 30.375734, -97.916247 30.375681, -97.916022 30.375594, -97.915603 30.375701, -97.915288 30.375701, -97.914416 30.375697, -97.914322 30.375697, -97.914247 30.374479, -97.914175 30.373309, -97.914163 30.373086, -97.91415 30.372912, -97.913815 30.369803, -97.913882 30.368831, -97.913927 30.36767, -97.913516 30.362642, -97.913509 30.362508, -97.913488 30.362202, -97.915113 30.358393, -97.916788 30.354402, -97.917193 30.354027, -97.919508 30.351628, -97.921822 30.349228, -97.92365 30.347349, -97.925769 30.345171, -97.928167 30.342707, -97.930674 30.34004, -97.931835 30.338852, -97.931849 30.338947, -97.931775 30.339388, -97.931758 30.339544, -97.931736 30.339619, -97.931749 30.339762, -97.93179 30.339883, -97.931871 30.339983, -97.931943 30.340039, -97.93202 30.340084, -97.932147 30.340157, -97.932204 30.340279, -97.932293 30.340399, -97.932372 30.340482, -97.932557 30.340652, -97.932694 30.3407, -97.932812 30.340721, -97.932942 30.340746, -97.93306 30.340851, -97.933291 30.341189, -97.933405 30.341255, -97.933571 30.341313, -97.933636 30.341374, -97.933659 30.341434, -97.933615 30.341581, -97.93361 30.341658, -97.933616 30.341754, -97.933686 30.34189, -97.933805 30.342014, -97.933836 30.342042, -97.933093 30.342284, -97.932501 30.342195, -97.932307 30.342271, -97.932276 30.342297, -97.932039 30.342433, -97.931932 30.342475, -97.931886 30.342515, -97.93166 30.342714, -97.93144 30.342914, -97.931384 30.342966, -97.931329 30.343016, -97.931222 30.343119, -97.930902 30.343432, -97.930815 30.343519, -97.930891 30.343591, -97.931062 30.343689, -97.931147 30.343727, -97.931453 30.343842, -97.931543 30.343888, -97.931653 30.343945, -97.931806 30.344011, -97.932025 30.344089, -97.932302 30.344166, -97.932647 30.344262, -97.932778 30.344301, -97.932857 30.344322, -97.932915 30.344349, -97.933048 30.34442, -97.933248 30.344542, -97.933527 30.344736, -97.934102 30.345113, -97.934497 30.345379, -97.934815 30.345587, -97.935468 30.346032, -97.93559 30.346129, -97.935661 30.346207, -97.935691 30.346268, -97.935728 30.346373, -97.935748 30.346524, -97.935766 30.346607, -97.935796 30.346689, -97.935844 30.346771, -97.935904 30.346861, -97.936018 30.347, -97.936128 30.34708, -97.936245 30.347151, -97.936407 30.347233, -97.937334 30.347658, -97.941142 30.349491, -97.94221 30.350005, -97.947211 30.352412, -97.948183 30.352879, -97.951814 30.354627, -97.953296 30.35534, -97.953818 30.355597, -97.953963 30.355668, -97.955128 30.35624, -97.955146 30.356249, -97.955183 30.356267, -97.956194 30.356763, -97.956873 30.357128, -97.957698 30.35783, -97.957476 30.357942))",45.4,2079.0,71653.0,51.0,0.0,10230780.683760239,0.0002032102988289141
"POLYGON ((-97.710392 30.309671, -97.710339 30.30975, -97.710296 30.309815, -97.710226 30.309915, -97.710032 30.310249, -97.70943 30.311346, -97.708682 30.312848, -97.708594 30.31312, -97.708159 30.314444, -97.7079 30.315224, -97.707709 30.316199, -97.707548 30.317672, -97.70752 30.317831, -97.707507 30.317914, -97.707254 30.319258, -97.707164 30.319994, -97.707075 30.320675, -97.706999 30.321387, -97.706986 30.321542, -97.706891 30.321963, -97.706858 30.322197, -97.706761 30.322218, -97.706602 30.322258, -97.706539 30.322273, -97.706165 30.322295, -97.706001 30.322312, -97.70565 30.322349, -97.704687 30.322346, -97.701745 30.322129, -97.700954 30.322058, -97.700966 30.321874, -97.700986 30.321539, -97.701056 30.320434, -97.701321 30.319983, -97.701776 30.319258, -97.702209 30.318502, -97.702635 30.318107, -97.70318 30.317873, -97.703714 30.317642, -97.704065 30.317053, -97.701535 30.315813, -97.702144 30.315269, -97.702849 30.31477, -97.703562 30.314198, -97.704271 30.313652, -97.704955 30.313097, -97.707005 30.31142, -97.708034 30.310715, -97.708836 30.309991, -97.709358 30.30949, -97.709755 30.309108, -97.710008 30.309278, -97.710058 30.309315, -97.71024 30.309453, -97.710448 30.30959, -97.710392 30.309671))",31.1,2649.0,47888.0,127.0,8.0,593616.39522225,0.0044624778246028975
"POLYGON ((-97.935989 30.371783, -97.935652 30.372101, -97.935317 30.372664, -97.934893 30.373264, -97.934751 30.373498, -97.935105 30.373634, -97.93541 30.373904, -97.935467 30.374147, -97.935401 30.375004, -97.935269 30.376079, -97.93424 30.377684, -97.934144 30.377697, -97.934002 30.377668, -97.933208 30.377278, -97.932978 30.377346, -97.932775 30.377421, -97.93277 30.377848, -97.932965 30.37836, -97.93304 30.378519, -97.933048 30.378577, -97.933045 30.378696, -97.933025 30.378784, -97.932977 30.378861, -97.932906 30.378951, -97.932815 30.379038, -97.932654 30.379173, -97.9322 30.379463, -97.931955 30.379675, -97.931782 30.379887, -97.931543 30.380191, -97.931342 30.380379, -97.931077 30.380667, -97.930867 30.380907, -97.930328 30.38156, -97.93014 30.382099, -97.930077 30.382201, -97.929999 30.382269, -97.92993 30.382319, -97.92985 30.382358, -97.929766 30.382371, -97.929688 30.382375, -97.929569 30.382356, -97.929133 30.382207, -97.928774 30.382077, -97.927981 30.382186, -97.928134 30.383105, -97.928779 30.383192, -97.929014 30.38325, -97.929186 30.383337, -97.929391 30.383473, -97.92951 30.383575, -97.929579 30.383648, -97.929616 30.383711, -97.929612 30.383787, -97.929581 30.383893, -97.929454 30.384035, -97.929333 30.384132, -97.929212 30.38423, -97.928959 30.384344, -97.92794 30.384891, -97.927749 30.385021, -97.927632 30.385113, -97.927536 30.385265, -97.927453 30.3854, -97.92741 30.385447, -97.927344 30.385516, -97.927154 30.385647, -97.926293 30.386092, -97.926009 30.386214, -97.925805 30.386332, -97.925619 30.386441, -97.925357 30.386611, -97.925185 30.386912, -97.925113 30.386995, -97.924958 30.386945, -97.924868 30.386905, -97.924746 30.386824, -97.924648 30.386747, -97.924567 30.386675, -97.924473 30.38656, -97.923921 30.385943, -97.923632 30.385717, -97.923355 30.385475, -97.923046 30.385267, -97.922857 30.385131, -97.922823 30.38509, -97.922727 30.384915, -97.922621 30.384692, -97.922596 30.384603, -97.922553 30.384478, -97.922542 30.38441, -97.922544 30.384325, -97.922497 30.384169, -97.922483 30.384069, -97.922483 30.383953, -97.92249 30.383751, -97.922497 30.383572, -97.922545 30.383262, -97.922558 30.38301, -97.922543 30.382896, -97.922491 30.382708, -97.922478 30.38266, -97.922335 30.382345, -97.922279 30.382197, -97.922187 30.381936, -97.922067 30.381527, -97.92196 30.381195, -97.921944 30.38116, -97.921894 30.381107, -97.921813 30.381037, -97.921675 30.380954, -97.921616 30.38093, -97.921555 30.380922, -97.9214 30.380904, -97.921269 30.380882, -97.921148 30.380835, -97.92107 30.380777, -97.921015 30.380716, -97.920982 30.380666, -97.920955 30.380566, -97.920907 30.380259, -97.920878 30.380134, -97.920841 30.380032, -97.920795 30.379927, -97.920714 30.379841, -97.920576 30.379727, -97.920402 30.379557, -97.920303 30.379435, -97.920119 30.37915, -97.920047 30.379015, -97.919997 30.378908, -97.919969 30.378831, -97.919936 30.378741, -97.919914 30.378627, -97.919885 30.378286, -97.919855 30.378188, -97.919766 30.378009, -97.919704 30.377967, -97.919636 30.377939, -97.919551 30.377919, -97.919444 30.377906, -97.919317 30.377869, -97.919162 30.377785, -97.919103 30.377731, -97.919048 30.377702, -97.918993 30.377687, -97.918877 30.377674, -97.918761 30.377661, -97.918665 30.377657, -97.918582 30.377676, -97.918422 30.377696, -97.918278 30.377681, -97.918173 30.377646, -97.918103 30.377608, -97.918045 30.377563, -97.918024 30.377547, -97.917915 30.377465, -97.917622 30.377107, -97.917955 30.376976, -97.918062 30.376967, -97.918156 30.376967, -97.918237 30.37698, -97.918333 30.377016, -97.918407 30.377048, -97.918475 30.377087, -97.91856 30.377121, -97.918607 30.377139, -97.918666 30.37715, -97.918768 30.377153, -97.918837 30.377149, -97.918931 30.377144, -97.919039 30.377137, -97.91916 30.377122, -97.919265 30.377105, -97.919346 30.377091, -97.919406 30.377078, -97.919467 30.377059, -97.91953 30.377036, -97.919587 30.377, -97.919627 30.37697, -97.919663 30.376942, -97.919675 30.376912, -97.919679 30.37688, -97.919683 30.376851, -97.919677 30.376814, -97.919669 30.376787, -97.919651 30.376759, -97.919495 30.376659, -97.919173 30.37649, -97.919138 30.376409, -97.919067 30.376322, -97.918994 30.376225, -97.918943 30.376123, -97.918914 30.376063, -97.918885 30.375975, -97.918872 30.375913, -97.918875 30.375821, -97.918889 30.375739, -97.918904 30.375717, -97.918914 30.375709, -97.918952 30.375689, -97.919064 30.37562, -97.919159 30.375552, -97.919251 30.375464, -97.91933 30.375379, -97.9194 30.375281, -97.919623 30.375365, -97.91984 30.375471, -97.919903 30.375512, -97.919986 30.375566, -97.920088 30.375615, -97.920098 30.375703, -97.920104 30.375762, -97.920136 30.37582, -97.920158 30.375853, -97.920208 30.375895, -97.920256 30.375938, -97.920325 30.375995, -97.920384 30.376036, -97.920458 30.376076, -97.920552 30.376121, -97.920651 30.37616, -97.920749 30.376207, -97.920839 30.376238, -97.920915 30.376256, -97.92101 30.376257, -97.921096 30.376251, -97.921183 30.376237, -97.921259 30.376218, -97.921391 30.376158, -97.921486 30.376102, -97.921537 30.376068, -97.921583 30.376017, -97.9217 30.375889, -97.921756 30.375822, -97.921858 30.375644, -97.921939 30.375504, -97.922075 30.375246, -97.922145 30.37509, -97.922306 30.374823, -97.923375 30.373468, -97.923427 30.373485, -97.923508 30.373511, -97.924312 30.374005, -97.92524 30.374544, -97.925759 30.374854, -97.925772 30.374862, -97.926146 30.375096, -97.927053 30.375628, -97.927352 30.374963, -97.927637 30.37422, -97.928055 30.37323, -97.928313 30.372962, -97.928842 30.372714, -97.930022 30.372191, -97.930679 30.371934, -97.930813 30.371898, -97.930917 30.371872, -97.931006 30.371862, -97.931126 30.371853, -97.931225 30.371859, -97.931616 30.37188, -97.931889 30.371786, -97.932025 30.371739, -97.932193 30.371561, -97.932704 30.370883, -97.93319 30.37018, -97.93395 30.37062, -97.935771 30.371537, -97.935989 30.371783))",40.0,2114.0,93183.0,0.0,60.0,1491566.8056834668,0.0014173015864558083
"POLYGON ((-97.795045 30.259632, -97.794368 30.259997, -97.793948 30.260234, -97.793529 30.260472, -97.791575 30.261581, -97.789684 30.262602, -97.789468 30.262702, -97.78923 30.262285, -97.789004 30.261565, -97.788949 30.261278, -97.788853 30.260853, -97.788801 30.260596, -97.788729 30.259709, -97.788674 30.259389, -97.78859 30.259134, -97.788478 30.258928, -97.788371 30.258753, -97.788078 30.258447, -97.787521 30.257941, -97.786899 30.257324, -97.786744 30.256848, -97.786843 30.256814, -97.787432 30.2566, -97.78771 30.256524, -97.787919 30.256449, -97.788328 30.256273, -97.788465 30.256225, -97.788675 30.256143, -97.7888 30.256085, -97.789002 30.255967, -97.789183 30.255885, -97.789643 30.255655, -97.78974 30.255617, -97.790103 30.255514, -97.790278 30.255455, -97.790602 30.255317, -97.79075 30.255246, -97.790895 30.255187, -97.791185 30.255094, -97.79126 30.25509, -97.7913 30.255226, -97.791325 30.255267, -97.791347 30.255281, -97.791727 30.255272, -97.791867 30.25528, -97.791997 30.25531, -97.79222 30.255388, -97.792499 30.255472, -97.792689 30.255539, -97.79279 30.255581, -97.792898 30.255637, -97.792972 30.255689, -97.793037 30.255754, -97.793092 30.255829, -97.793139 30.255912, -97.793214 30.2561, -97.79326 30.256177, -97.793309 30.256235, -97.793415 30.25633, -97.793668 30.256512, -97.793747 30.256569, -97.793789 30.256611, -97.79385 30.256695, -97.793947 30.256799, -97.794099 30.256942, -97.794105 30.257038, -97.794099 30.257097, -97.793981 30.257438, -97.793965 30.257469, -97.79393 30.257511, -97.793884 30.257545, -97.793761 30.257606, -97.793666 30.257642, -97.793623 30.257662, -97.793584 30.25769, -97.793562 30.257721, -97.793516 30.258001, -97.793499 30.258043, -97.793468 30.25808, -97.793347 30.258164, -97.79329 30.258212, -97.793236 30.258272, -97.793217 30.258323, -97.793216 30.258382, -97.793238 30.258462, -97.793277 30.258543, -97.793435 30.258565, -97.793564 30.258591, -97.793737 30.258645, -97.793833 30.258659, -97.793864 30.258667, -97.794055 30.258743, -97.794172 30.258803, -97.794213 30.258841, -97.794274 30.258927, -97.794358 30.259071, -97.79446 30.25922, -97.794508 30.259279, -97.794529 30.259288, -97.794786 30.25946, -97.795045 30.259632))",30.1,1090.0,86135.0,37.0,38.0,365987.8619467482,0.0029782408471202156
"POLYGON ((-97.82857 30.213148, -97.828508 30.213227, -97.828402 30.213333, -97.828294 30.213425, -97.828174 30.213518, -97.828097 30.213589, -97.828043 30.213653, -97.827863 30.213893, -97.827827 30.213952, -97.827816 30.213984, -97.827633 30.214189, -97.827346 30.214424, -97.827291 30.214461, -97.827166 30.214535, -97.826967 30.214664, -97.82683 30.214732, -97.826627 30.214814, -97.826539 30.214838, -97.826455 30.214849, -97.826359 30.21485, -97.825838 30.214827, -97.825623 30.214841, -97.825534 30.214841, -97.824989 30.214836, -97.824841 30.214843, -97.824619 30.214872, -97.824337 30.214872, -97.82405 30.214886, -97.823798 30.21489, -97.823037 30.21488, -97.822605 30.214862, -97.822518 30.214868, -97.822218 30.214921, -97.822074 30.214952, -97.821989 30.214981, -97.821917 30.215019, -97.821858 30.215066, -97.821783 30.215153, -97.821636 30.21536, -97.821582 30.215449, -97.821452 30.215699, -97.821341 30.21591, -97.821329 30.215925, -97.821286 30.21598, -97.821271 30.215996, -97.821264 30.216004, -97.821235 30.216034, -97.82119 30.21608, -97.821128 30.216132, -97.8211 30.216156, -97.821074 30.216178, -97.821014 30.216246, -97.820915 30.216378, -97.820814 30.216479, -97.820732 30.216547, -97.820638 30.216614, -97.820563 30.216654, -97.820499 30.216676, -97.820426 30.216689, -97.820367 30.2167, -97.820289 30.216702, -97.82002 30.216619, -97.819924 30.216602, -97.819572 30.216569, -97.819104 30.216511, -97.818869 30.216463, -97.818797 30.216439, -97.818768 30.216425, -97.818712 30.216383, -97.818612 30.216272, -97.818514 30.21615, -97.818445 30.216089, -97.818357 30.216028, -97.818217 30.215951, -97.818038 30.215871, -97.817945 30.215844, -97.817843 30.215831, -97.81771 30.215828, -97.817544 30.215835, -97.817407 30.215856, -97.817318 30.215883, -97.817216 30.215928, -97.81716 30.215963, -97.817091 30.216024, -97.816948 30.216174, -97.816915 30.216222, -97.81689 30.216287, -97.816818 30.21664, -97.81679 30.216829, -97.816763 30.217228, -97.816729 30.217397, -97.81672 30.217444, -97.816702 30.217705, -97.816666 30.218002, -97.816649 30.218205, -97.816635 30.218269, -97.816611 30.21832, -97.816559 30.218392, -97.816377 30.218584, -97.816276 30.21868, -97.816158 30.218782, -97.816034 30.21891, -97.815972 30.218981, -97.815944 30.219032, -97.81582 30.219408, -97.815791 30.219454, -97.815724 30.219522, -97.815652 30.219574, -97.815603 30.219599, -97.815528 30.219594, -97.81536 30.219601, -97.815221 30.219603, -97.815182 30.219603, -97.8151 30.219615, -97.814926 30.219671, -97.814816 30.219722, -97.814729 30.219777, -97.814623 30.219868, -97.814522 30.219929, -97.814426 30.219975, -97.81437 30.220025, -97.814148 30.22, -97.813983 30.219986, -97.813825 30.219962, -97.813787 30.219952, -97.813675 30.219911, -97.813564 30.21989, -97.81315 30.219841, -97.813047 30.219816, -97.812975 30.219791, -97.812894 30.219768, -97.812734 30.219723, -97.812357 30.21959, -97.812294 30.219561, -97.812217 30.219553, -97.811993 30.219482, -97.811853 30.219429, -97.811646 30.219368, -97.811607 30.219364, -97.811577 30.219361, -97.811501 30.219364, -97.811356 30.219382, -97.811246 30.219406, -97.81115 30.219441, -97.811063 30.21949, -97.810998 30.219585, -97.810826 30.219857, -97.810578 30.219855, -97.810446 30.219954, -97.810202 30.220133, -97.809958 30.220313, -97.809865 30.220382, -97.809622 30.220556, -97.809445 30.220682, -97.809173 30.220839, -97.809007 30.221111, -97.808964 30.221179, -97.808891 30.221342, -97.808801 30.221541, -97.808698 30.221666, -97.808538 30.221852, -97.808501 30.221896, -97.80826 30.22188, -97.808006 30.221858, -97.80787 30.22185, -97.807452 30.221922, -97.80727 30.221954, -97.807043 30.221996, -97.80679 30.221931, -97.80652 30.221859, -97.806485 30.221842, -97.806316 30.221821, -97.806328 30.221803, -97.806738 30.221209, -97.806818 30.221018, -97.80684 30.220905, -97.806863 30.220747, -97.806868 30.220563, -97.806849 30.220317, -97.806817 30.220024, -97.806809 30.219948, -97.806806 30.219789, -97.806817 30.219632, -97.806848 30.219484, -97.807129 30.219011, -97.80721 30.218861, -97.807332 30.218721, -97.807455 30.218588, -97.807655 30.218416, -97.808167 30.218085, -97.808515 30.217867, -97.808888 30.217665, -97.808907 30.217654, -97.809306 30.217489, -97.809329 30.21748, -97.811154 30.216775, -97.811613 30.216635, -97.811653 30.216631, -97.812256 30.216615, -97.812359 30.216609, -97.812474 30.216594, -97.812629 30.216545, -97.812781 30.21649, -97.812941 30.216403, -97.813479 30.215884, -97.813518 30.215847, -97.813569 30.215793, -97.813956 30.215377, -97.814112 30.215203, -97.814225 30.215115, -97.814441 30.214893, -97.814696 30.214613, -97.814808 30.214428, -97.814857 30.214326, -97.814902 30.214197, -97.814952 30.213934, -97.814992 30.213696, -97.815025 30.213347, -97.815002 30.21297, -97.81487 30.212364, -97.814851 30.212272, -97.814835 30.212197, -97.814714 30.211545, -97.81456 30.210889, -97.814537 30.21079, -97.814512 30.210693, -97.814317 30.20992, -97.814254 30.209668, -97.81423 30.209514, -97.814226 30.209349, -97.814263 30.209157, -97.814385 30.208902, -97.814441 30.2088, -97.814495 30.208718, -97.815359 30.207373, -97.815422 30.207281, -97.815583 30.20737, -97.817778 30.208103, -97.817948 30.208174, -97.818075 30.208226, -97.821826 30.210045, -97.821901 30.210069, -97.821956 30.210112, -97.822327 30.210321, -97.823202 30.210646, -97.82355 30.210756, -97.824693 30.211254, -97.824782 30.211278, -97.824875 30.211341, -97.827583 30.212668, -97.827665 30.212701, -97.827768 30.212752, -97.828597 30.213109, -97.82857 30.213148))",33.6,2508.0,101270.0,44.0,0.0,1168756.0830320287,0.002145871184253995
"POLYGON ((-97.815359 30.207373, -97.814495 30.208718, -97.814441 30.2088, -97.814385 30.208902, -97.814263 30.209157, -97.814226 30.209349, -97.81423 30.209514, -97.814254 30.209668, -97.814317 30.20992, -97.814512 30.210693, -97.814537 30.21079, -97.81456 30.210889, -97.814714 30.211545, -97.814835 30.212197, -97.814851 30.212272, -97.81487 30.212364, -97.815002 30.21297, -97.815025 30.213347, -97.814992 30.213696, -97.814952 30.213934, -97.814902 30.214197, -97.814857 30.214326, -97.814808 30.214428, -97.814696 30.214613, -97.814441 30.214893, -97.814225 30.215115, -97.814112 30.215203, -97.813988 30.215178, -97.813856 30.215161, -97.81351 30.214918, -97.813123 30.214618, -97.812719 30.214305, -97.810532 30.213215, -97.809378 30.212678, -97.809244 30.212658, -97.808829 30.212653, -97.808875 30.211977, -97.808558 30.210654, -97.807211 30.210014, -97.804702 30.208801, -97.804844 30.208581, -97.805863 30.207028, -97.806246 30.206342, -97.806408 30.205815, -97.806655 30.204318, -97.806897 30.202987, -97.806906 30.202936, -97.807121 30.202953, -97.807247 30.202971, -97.807381 30.202997, -97.807571 30.203032, -97.80774 30.203092, -97.808021 30.203213, -97.808203 30.203321, -97.808804 30.203645, -97.809018 30.203828, -97.809106 30.203887, -97.809712 30.204255, -97.80983 30.204333, -97.809929 30.204399, -97.810641 30.204916, -97.811173 30.205246, -97.814733 30.206989, -97.815179 30.207203, -97.815314 30.207246, -97.815422 30.207281, -97.815359 30.207373))",34.8,2141.0,105936.0,6.0,24.0,738026.8665209012,0.002900978402172255
"POLYGON ((-97.747298 30.266244, -97.746962 30.267184, -97.746633 30.268093, -97.74626 30.269024, -97.745203 30.268716, -97.744128 30.268417, -97.742813 30.268066, -97.743171 30.267119, -97.743496 30.266209, -97.74386 30.265262, -97.743868 30.26524, -97.743884 30.265194, -97.744197 30.26432, -97.744567 30.263382, -97.745856 30.263762, -97.745511 30.264682, -97.745177 30.26555, -97.745157 30.265602, -97.745989 30.265851, -97.746001 30.265855, -97.746245 30.265929, -97.747009 30.266143, -97.747304 30.266226, -97.747298 30.266244))",31.6,1046.0,220134.0,0.0,0.0,142606.08909484453,0.007334890162399207
"POLYGON ((-97.919217 30.201131, -97.918566 30.202135, -97.918369 30.202442, -97.917972 30.202874, -97.917559 30.203173, -97.916477 30.203656, -97.915941 30.203774, -97.915814 30.203802, -97.915299 30.203916, -97.913683 30.204269, -97.912762 30.20447, -97.911998 30.204794, -97.91179 30.204947, -97.911592 30.205104, -97.91106 30.206022, -97.910273 30.207279, -97.909293 30.208831, -97.90883 30.209334, -97.908272 30.209675, -97.907512 30.209965, -97.906295 30.209907, -97.903924 30.209347, -97.903772 30.209335, -97.903573 30.209319, -97.903532 30.209279, -97.903385 30.209079, -97.903242 30.208898, -97.903118 30.208726, -97.902668 30.208182, -97.902558 30.208056, -97.902462 30.207918, -97.902385 30.207827, -97.902274 30.207659, -97.9022 30.207561, -97.902145 30.207505, -97.902049 30.207434, -97.901963 30.207381, -97.901772 30.207289, -97.901738 30.207277, -97.901382 30.207225, -97.901336 30.207205, -97.901282 30.207175, -97.901169 30.207134, -97.901063 30.207104, -97.900978 30.20708, -97.900915 30.207072, -97.900585 30.207088, -97.900478 30.207081, -97.900375 30.207065, -97.900283 30.207038, -97.900213 30.207004, -97.900126 30.206943, -97.89998 30.206871, -97.899888 30.20684, -97.899736 30.206797, -97.899258 30.206623, -97.899082 30.206564, -97.898861 30.206478, -97.898639 30.206374, -97.898416 30.206281, -97.898289 30.206233, -97.898152 30.206162, -97.897932 30.206062, -97.89779 30.206003, -97.897717 30.205961, -97.897312 30.205674, -97.897208 30.205579, -97.897171 30.205556, -97.89706 30.205499, -97.896759 30.205285, -97.896648 30.205219, -97.896578 30.205191, -97.896278 30.205109, -97.896186 30.205094, -97.895876 30.205083, -97.895805 30.205073, -97.89548 30.204987, -97.895369 30.20494, -97.895279 30.204887, -97.894713 30.204522, -97.89466 30.204496, -97.894531 30.204449, -97.894246 30.204372, -97.894164 30.204343, -97.893625 30.204057, -97.893169 30.203823, -97.892811 30.203552, -97.892467 30.203324, -97.8923 30.203223, -97.891992 30.203053, -97.891415 30.202763, -97.890864 30.202446, -97.890693 30.202372, -97.890498 30.202301, -97.890383 30.202268, -97.89035 30.202262, -97.890277 30.202249, -97.890108 30.202238, -97.88981 30.202233, -97.889672 30.202241, -97.889462 30.202282, -97.88922 30.202307, -97.889189 30.202315, -97.889105 30.202347, -97.888924 30.20235, -97.888838 30.20236, -97.888791 30.202384, -97.888711 30.202437, -97.888631 30.202477, -97.88852 30.202506, -97.88833 30.202528, -97.888169 30.202534, -97.888089 30.202521, -97.887907 30.202446, -97.887577 30.202288, -97.887099 30.201994, -97.886921 30.201868, -97.886799 30.201771, -97.886766 30.201732, -97.886739 30.20168, -97.886721 30.201632, -97.886648 30.201502, -97.886322 30.201249, -97.886171 30.201125, -97.886063 30.201053, -97.885908 30.200967, -97.885595 30.200849, -97.885275 30.200734, -97.884917 30.200618, -97.884787 30.200583, -97.884564 30.200544, -97.884494 30.200521, -97.884407 30.200477, -97.884245 30.200369, -97.884028 30.200254, -97.883864 30.200147, -97.883804 30.200119, -97.883662 30.200075, -97.883496 30.200034, -97.88342 30.200004, -97.883371 30.199972, -97.883217 30.199796, -97.883076 30.199644, -97.882975 30.199501, -97.882853 30.199364, -97.882787 30.199266, -97.882733 30.199158, -97.882626 30.198878, -97.882528 30.198604, -97.88241 30.198344, -97.882339 30.198226, -97.88231 30.198161, -97.882138 30.197644, -97.882048 30.197398, -97.881988 30.197277, -97.881922 30.197167, -97.881842 30.196992, -97.881799 30.196874, -97.881784 30.196808, -97.881783 30.196736, -97.881773 30.1967, -97.881712 30.196597, -97.881682 30.196566, -97.881537 30.196476, -97.881437 30.196428, -97.881291 30.196381, -97.881072 30.196325, -97.880987 30.196314, -97.880931 30.196316, -97.880871 30.19633, -97.880772 30.196373, -97.88059 30.196469, -97.880395 30.196552, -97.880341 30.196567, -97.880318 30.196565, -97.880295 30.196555, -97.880266 30.196538, -97.880236 30.196513, -97.880194 30.196478, -97.880168 30.196449, -97.880404 30.196221, -97.880534 30.196091, -97.880752 30.195903, -97.881025 30.195685, -97.88134 30.195448, -97.881727 30.195165, -97.882276 30.194804, -97.88237 30.194742, -97.883883 30.194146, -97.884182 30.194071, -97.884805 30.193896, -97.884827 30.193928, -97.884865 30.193983, -97.884912 30.194041, -97.885167 30.194358, -97.885516 30.19473, -97.885644 30.194839, -97.885884 30.19501, -97.886103 30.195132, -97.886283 30.195221, -97.886463 30.195299, -97.886643 30.195376, -97.886881 30.19545, -97.887141 30.195493, -97.887374 30.195514, -97.887652 30.195528, -97.888028 30.195516, -97.888248 30.195481, -97.888506 30.195461, -97.888833 30.195388, -97.889086 30.195305, -97.890151 30.195009, -97.890561 30.194901, -97.890952 30.194782, -97.891271 30.194697, -97.89164 30.194652, -97.891987 30.19464, -97.892292 30.194665, -97.892535 30.194699, -97.892699 30.19473, -97.89297 30.194812, -97.893447 30.194967, -97.893705 30.195079, -97.894366 30.195378, -97.897197 30.196704, -97.897479 30.196832, -97.897774 30.196949, -97.898047 30.197026, -97.898827 30.19716, -97.900209 30.197347, -97.900324 30.197364, -97.900422 30.197381, -97.901402 30.197513, -97.901853 30.197581, -97.902181 30.197607, -97.902692 30.197594, -97.902876 30.197568, -97.90317 30.197474, -97.903827 30.197204, -97.904816 30.196743, -97.905219 30.196567, -97.907618 30.195408, -97.907981 30.195203, -97.908174 30.19505, -97.908425 30.194834, -97.908709 30.194499, -97.908891 30.19422, -97.909653 30.192578, -97.910127 30.192731, -97.910314 30.192794, -97.910729 30.192975, -97.910932 30.193129, -97.911036 30.193225, -97.911133 30.193362, -97.911434 30.193851, -97.911906 30.194578, -97.912082 30.194749, -97.91244 30.194976, -97.91348 30.195527, -97.914162 30.195908, -97.914702 30.196186, -97.9151 30.196459, -97.915458 30.1968, -97.915901 30.197664, -97.916549 30.199062, -97.916719 30.1993, -97.916951 30.19952, -97.917292 30.19974, -97.91758 30.199892, -97.917959 30.199998, -97.918398 30.200149, -97.918671 30.200248, -97.919035 30.200422, -97.919527 30.200644, -97.919217 30.201131))",47.9,1238.0,184567.0,30.0,38.0,3557628.1036186568,0.00034798465830106386
"POLYGON ((-97.78236 30.243652, -97.781397 30.244258, -97.779843 30.245352, -97.778682 30.246156, -97.778115 30.246489, -97.777183 30.246924, -97.776187 30.245072, -97.777147 30.243581, -97.777819 30.242539, -97.778039 30.242173, -97.779183 30.240275, -97.779962 30.240681, -97.780169 30.240893, -97.780239 30.240964, -97.780524 30.241465, -97.780702 30.24178, -97.781665 30.242613, -97.78236 30.243652))",31.3,866.0,130119.0,0.0,28.0,214467.78643602002,0.004037902448619457
"POLYGON ((-97.885037 30.379885, -97.884778 30.380689, -97.884783 30.380852, -97.884349 30.381734, -97.883688 30.382997, -97.883602 30.383194, -97.883545 30.383347, -97.883375 30.383865, -97.883199 30.384403, -97.882836 30.385619, -97.882662 30.386158, -97.882508 30.386667, -97.882502 30.386701, -97.882434 30.388161, -97.882428 30.388299, -97.882385 30.389338, -97.882365 30.389612, -97.88226 30.389786, -97.881777 30.38981, -97.881464 30.389856, -97.881089 30.38995, -97.880574 30.390133, -97.879828 30.390596, -97.878405 30.391568, -97.877613 30.392019, -97.877075 30.392291, -97.87642 30.39259, -97.87634 30.392626, -97.875953 30.392765, -97.875283 30.392984, -97.874582 30.393181, -97.873708 30.393355, -97.872298 30.393627, -97.869123 30.394344, -97.866917 30.394772, -97.866878 30.394675, -97.866763 30.394116, -97.866801 30.393701, -97.866883 30.393548, -97.866929 30.393517, -97.867107 30.393514, -97.867189 30.393523, -97.867708 30.393615, -97.867985 30.393684, -97.868318 30.393742, -97.868568 30.393751, -97.869167 30.393646, -97.869396 30.393585, -97.869759 30.393468, -97.870143 30.393228, -97.870453 30.392913, -97.87062 30.392651, -97.870655 30.392597, -97.870792 30.392213, -97.870814 30.392087, -97.870826 30.391879, -97.87082 30.391743, -97.870782 30.391453, -97.870742 30.391187, -97.870666 30.39068, -97.870629 30.390402, -97.870614 30.390182, -97.870623 30.389953, -97.87064 30.389731, -97.870687 30.389308, -97.870736 30.388842, -97.870791 30.388399, -97.870843 30.387886, -97.870858 30.387597, -97.870849 30.38735, -97.870829 30.387133, -97.870788 30.386881, -97.870713 30.386609, -97.870574 30.386282, -97.870438 30.385969, -97.870339 30.385746, -97.870258 30.385526, -97.870215 30.385355, -97.870192 30.385205, -97.870168 30.384994, -97.870174 30.384687, -97.870212 30.384432, -97.870267 30.384249, -97.870351 30.384026, -97.870452 30.383821, -97.870609 30.383604, -97.870843 30.383326, -97.871107 30.383106, -97.871373 30.382944, -97.871595 30.382821, -97.871876 30.3827, -97.872074 30.382637, -97.872216 30.382602, -97.872369 30.382578, -97.872513 30.382547, -97.872832 30.382517, -97.873629 30.382441, -97.873978 30.382406, -97.874182 30.382382, -97.874365 30.382336, -97.874575 30.382269, -97.874764 30.382197, -97.874937 30.382104, -97.875305 30.381872, -97.875373 30.381829, -97.875644 30.381658, -97.875977 30.381458, -97.87655 30.381138, -97.876843 30.38092, -97.877016 30.380772, -97.877171 30.380559, -97.877317 30.380341, -97.877401 30.380195, -97.877625 30.379692, -97.877923 30.379029, -97.878277 30.378627, -97.878556 30.378404, -97.878779 30.37826, -97.87983 30.377728, -97.879904 30.377775, -97.880127 30.377703, -97.880344 30.377657, -97.88057 30.377632, -97.880804 30.37762, -97.881225 30.377612, -97.881829 30.377703, -97.882566 30.377814, -97.882679 30.37782, -97.882789 30.377877, -97.883301 30.377861, -97.883531 30.377831, -97.884752 30.377594, -97.884872 30.377569, -97.884994 30.378552, -97.885081 30.379249, -97.885037 30.379885))",24.9,2978.0,200000.0,0.0,0.0,1660961.6845576086,0.0017929372048056484
"POLYGON ((-97.735869 30.324162, -97.734464 30.326359, -97.732775 30.328999, -97.732231 30.329854, -97.731593 30.330871, -97.729499 30.32989, -97.728938 30.329617, -97.728218 30.329265, -97.728183 30.32924, -97.727962 30.329035, -97.727868 30.32893, -97.72776 30.328791, -97.727604 30.328526, -97.727417 30.32803, -97.727379 30.327857, -97.727354 30.327592, -97.727314 30.327393, -97.727262 30.327166, -97.727147 30.326842, -97.727117 30.326745, -97.72688 30.32638, -97.726779 30.326254, -97.726638 30.326149, -97.726326 30.32596, -97.726624 30.3255, -97.726699 30.325382, -97.728077 30.32322, -97.728252 30.322948, -97.72882 30.322011, -97.729393 30.321087, -97.731183 30.321936, -97.731645 30.322151, -97.731865 30.322262, -97.732072 30.322366, -97.733086 30.322834, -97.734008 30.32328, -97.734925 30.323717, -97.735869 30.324162))",30.2,1799.0,105457.0,32.0,150.0,558557.0492659506,0.0032207990255681595
"POLYGON ((-97.803412 30.226405, -97.80236 30.227391, -97.801898 30.228083, -97.801325 30.229056, -97.801169 30.229441, -97.800742 30.230766, -97.800529 30.231606, -97.800542 30.231975, -97.80057 30.232122, -97.800578 30.232163, -97.800582 30.232182, -97.80061 30.232314, -97.80062 30.23237, -97.800676 30.232671, -97.800691 30.232747, -97.798837 30.233286, -97.797235 30.233725, -97.796902 30.233874, -97.796674 30.233975, -97.796557 30.234042, -97.79649 30.233997, -97.796334 30.233888, -97.796179 30.233782, -97.795988 30.233651, -97.795302 30.233296, -97.794284 30.232767, -97.793861 30.232548, -97.793453 30.232338, -97.792882 30.232051, -97.792001 30.231613, -97.791793 30.23151, -97.79118 30.231207, -97.789854 30.230617, -97.788456 30.229956, -97.788341 30.229902, -97.788434 30.229763, -97.788522 30.229636, -97.789405 30.228259, -97.790157 30.227028, -97.790991 30.225755, -97.791425 30.225059, -97.792081 30.223925, -97.792389 30.223439, -97.792719 30.222937, -97.793755 30.221395, -97.793763 30.221378, -97.794068 30.220758, -97.795687 30.221582, -97.796043 30.221754, -97.796706 30.222078, -97.797676 30.222529, -97.798657 30.223046, -97.79941 30.22341, -97.800633 30.224026, -97.800655 30.224036, -97.801366 30.224354, -97.80215 30.224743, -97.802997 30.225175, -97.80387 30.225608, -97.803412 30.226405))",44.3,1540.0,98750.0,16.0,29.0,1230101.5807217972,0.001251929128565432
"POLYGON ((-97.79756 30.215503, -97.797351 30.215685, -97.796685 30.216695, -97.795947 30.217825, -97.795436 30.218486, -97.795206 30.218846, -97.794954 30.219238, -97.794487 30.219999, -97.794068 30.220758, -97.793763 30.221378, -97.793708 30.221327, -97.793664 30.221293, -97.793622 30.221272, -97.793516 30.221238, -97.793315 30.221128, -97.793256 30.221087, -97.793013 30.220881, -97.792985 30.220843, -97.792962 30.220813, -97.792802 30.220529, -97.792758 30.220485, -97.792659 30.220421, -97.792247 30.220188, -97.792102 30.220117, -97.791902 30.220026, -97.791841 30.219986, -97.79167 30.219826, -97.791557 30.219709, -97.791423 30.219562, -97.791134 30.219295, -97.791008 30.219214, -97.790897 30.219122, -97.790426 30.21862, -97.790283 30.218448, -97.790013 30.218076, -97.78991 30.21789, -97.789661 30.217532, -97.789624 30.217463, -97.789602 30.217388, -97.789595 30.217337, -97.789594 30.217147, -97.789594 30.217131, -97.789605 30.216902, -97.789598 30.216811, -97.789575 30.216728, -97.789519 30.216603, -97.789441 30.216455, -97.789578 30.216409, -97.7912 30.21577, -97.791436 30.215628, -97.79168 30.215509, -97.79191 30.215341, -97.792115 30.215182, -97.792277 30.215062, -97.792548 30.214881, -97.792923 30.214511, -97.793266 30.214114, -97.793628 30.213642, -97.793676 30.213579, -97.793808 30.213635, -97.794315 30.213851, -97.795049 30.214238, -97.795109 30.214263, -97.795203 30.214314, -97.797491 30.215392, -97.797624 30.215453, -97.79756 30.215503))",45.3,1112.0,100707.0,0.0,0.0,345485.0218999381,0.003218663413784883
"POLYGON ((-97.758853 30.242629, -97.758438 30.243298, -97.757678 30.244465, -97.75695 30.245627, -97.756895 30.245723, -97.756339 30.246564, -97.755824 30.247448, -97.755167 30.249384, -97.755116 30.249515, -97.754907 30.250025, -97.754107 30.249855, -97.753972 30.249875, -97.753747 30.249909, -97.753324 30.249875, -97.752145 30.249519, -97.751881 30.249689, -97.751291 30.250527, -97.750574 30.251536, -97.749819 30.252613, -97.749312 30.252457, -97.748653 30.252273, -97.748707 30.252164, -97.749105 30.251116, -97.749513 30.249991, -97.749592 30.249822, -97.749937 30.248924, -97.75027 30.247946, -97.750625 30.247024, -97.750966 30.246093, -97.751304 30.245145, -97.75163 30.244247, -97.751912 30.243527, -97.752172 30.24291, -97.752434 30.241923, -97.752549 30.241708, -97.752786 30.240659, -97.752823 30.239906, -97.753519 30.23876, -97.7541 30.239165, -97.755772 30.240158, -97.756452 30.240587, -97.756924 30.240844, -97.757976 30.241344, -97.759622 30.242111, -97.758853 30.242629))",36.3,1931.0,90000.0,7.0,22.0,655415.8571318159,0.0029462210579559436
"POLYGON ((-97.658797 30.22676, -97.65862 30.22738, -97.65813 30.228095, -97.657677 30.228712, -97.657008 30.229392, -97.656631 30.229683, -97.655457 30.23059, -97.655306 30.230786, -97.65478 30.231429, -97.65357 30.233036, -97.65335 30.233206, -97.652947 30.233235, -97.652735 30.233269, -97.652109 30.233536, -97.651671 30.233779, -97.650769 30.234411, -97.650464 30.234615, -97.650351 30.234732, -97.650271 30.23509, -97.650204 30.235163, -97.650143 30.23523, -97.649991 30.235307, -97.649509 30.235547, -97.647743 30.236407, -97.647581 30.236442, -97.647259 30.236496, -97.646844 30.236514, -97.646446 30.236512, -97.646069 30.236515, -97.645525 30.236553, -97.645346 30.236598, -97.644789 30.236777, -97.644502 30.236849, -97.644067 30.23699, -97.643861 30.237048, -97.643479 30.237179, -97.643021 30.237344, -97.642596 30.237485, -97.642216 30.237598, -97.64202 30.237652, -97.641842 30.237681, -97.641581 30.237702, -97.641457 30.237705, -97.640913 30.237742, -97.640062 30.237903, -97.639355 30.238075, -97.638346 30.238333, -97.638155 30.238389, -97.637981 30.238447, -97.637773 30.238503, -97.637609 30.238532, -97.637393 30.238564, -97.637044 30.238638, -97.636729 30.238693, -97.636508 30.238745, -97.636154 30.238835, -97.635501 30.239038, -97.635286 30.239097, -97.634785 30.239269, -97.634507 30.239353, -97.634233 30.239441, -97.634044 30.239494, -97.633732 30.239597, -97.633553 30.239666, -97.633153 30.239905, -97.633047 30.240005, -97.632999 30.240073, -97.632964 30.240137, -97.632902 30.240343, -97.632867 30.240444, -97.632831 30.240529, -97.632737 30.240669, -97.632655 30.240831, -97.632616 30.240886, -97.632572 30.240923, -97.632456 30.240993, -97.632083 30.241326, -97.631762 30.241562, -97.631343 30.241895, -97.630944 30.242241, -97.630576 30.242549, -97.630436 30.242681, -97.62936 30.244093, -97.628801 30.244937, -97.628328 30.245761, -97.628034 30.246283, -97.627747 30.246519, -97.627278 30.247228, -97.626627 30.248323, -97.626214 30.249138, -97.625901 30.249826, -97.6258 30.250316, -97.625765 30.250629, -97.62573 30.250802, -97.625719 30.250976, -97.625721 30.25111, -97.625751 30.25149, -97.625756 30.251851, -97.625785 30.252176, -97.625789 30.252332, -97.625806 30.252444, -97.625827 30.252507, -97.625939 30.253081, -97.626041 30.253705, -97.626044 30.25378, -97.62606 30.254236, -97.626064 30.254341, -97.62611 30.254769, -97.626135 30.254899, -97.626151 30.254944, -97.626229 30.255112, -97.626807 30.255344, -97.627833 30.255639, -97.62863 30.255996, -97.630067 30.255856, -97.630217 30.25585, -97.630639 30.255811, -97.630942 30.255762, -97.631565 30.255712, -97.631858 30.255694, -97.632177 30.255701, -97.632433 30.255722, -97.632687 30.255767, -97.63298 30.255781, -97.633354 30.255781, -97.634601 30.255819, -97.63503 30.255844, -97.635422 30.255884, -97.635859 30.255949, -97.636487 30.256034, -97.636787 30.256088, -97.637278 30.256201, -97.637495 30.256261, -97.637785 30.256347, -97.638086 30.256393, -97.638413 30.256463, -97.638704 30.256517, -97.639142 30.256526, -97.639445 30.256493, -97.639656 30.256465, -97.639757 30.256444, -97.639949 30.256432, -97.640251 30.256438, -97.640433 30.256466, -97.640624 30.256502, -97.64085 30.256578, -97.641118 30.25671, -97.641261 30.256795, -97.641336 30.256855, -97.641473 30.256997, -97.641574 30.257127, -97.641623 30.257211, -97.641654 30.257295, -97.641674 30.257389, -97.641696 30.257563, -97.641712 30.257978, -97.641712 30.258183, -97.641648 30.259001, -97.641585 30.259183, -97.641489 30.259393, -97.641437 30.259521, -97.641412 30.259605, -97.641453 30.259732, -97.641459 30.25983, -97.641432 30.260273, -97.641416 30.260382, -97.641416 30.260435, -97.641432 30.26057, -97.64148 30.260761, -97.64155 30.261148, -97.641588 30.261278, -97.641637 30.261444, -97.641689 30.261601, -97.641726 30.261712, -97.641762 30.261774, -97.641816 30.261838, -97.641987 30.261966, -97.642071 30.262024, -97.642181 30.262118, -97.642605 30.262388, -97.642659 30.262476, -97.642439 30.262833, -97.642409 30.26288, -97.642332 30.262944, -97.642297 30.262983, -97.642111 30.263138, -97.642008 30.263211, -97.641921 30.263258, -97.641825 30.263299, -97.641698 30.26334, -97.641574 30.263365, -97.641411 30.263383, -97.641115 30.263415, -97.641069 30.263413, -97.640998 30.263419, -97.640689 30.263468, -97.640654 30.263486, -97.640624 30.263516, -97.640595 30.263578, -97.64058 30.263664, -97.640576 30.263783, -97.640592 30.263887, -97.640628 30.264017, -97.640649 30.264067, -97.640687 30.26413, -97.640758 30.26422, -97.640858 30.264323, -97.640904 30.264356, -97.640988 30.26438, -97.641325 30.264431, -97.641407 30.264427, -97.641586 30.264385, -97.641811 30.264291, -97.641849 30.26428, -97.641894 30.264273, -97.642008 30.264268, -97.639495 30.267806, -97.63578 30.265147, -97.633685 30.267922, -97.631256 30.27114, -97.631126 30.271094, -97.630544 30.270892, -97.629825 30.270641, -97.628887 30.270173, -97.628774 30.270116, -97.628312 30.269886, -97.627349 30.26921, -97.626656 30.268723, -97.626517 30.268452, -97.626027 30.267497, -97.625547 30.266962, -97.625368 30.266762, -97.623382 30.264594, -97.621263 30.262679, -97.619661 30.261031, -97.616278 30.259895, -97.614877 30.259348, -97.613974 30.258996, -97.611818 30.256997, -97.609425 30.255549, -97.607199 30.254791, -97.606204 30.254452, -97.605228 30.254013, -97.605023 30.253921, -97.60459 30.253726, -97.604178 30.25354, -97.604068 30.253503, -97.603581 30.253338, -97.601689 30.252697, -97.601668 30.25269, -97.598677 30.251376, -97.597937 30.251402, -97.59642 30.251553, -97.595643 30.251457, -97.590312 30.25041, -97.588658 30.250086, -97.587537 30.24948, -97.587139 30.249266, -97.58442 30.247831, -97.583716 30.247593, -97.583438 30.247533, -97.58303 30.247475, -97.582556 30.247489, -97.582354 30.24752, -97.58214 30.247546, -97.581915 30.247601, -97.581438 30.247711, -97.580849 30.247881, -97.580579 30.247954, -97.580189 30.248038, -97.579805 30.248106, -97.579307 30.248161, -97.577945 30.248308, -97.577481 30.248419, -97.575756 30.248833, -97.575764 30.248741, -97.578727 30.244267, -97.579294 30.243414, -97.579686 30.243, -97.57976 30.242973, -97.579804 30.242762, -97.580456 30.241749, -97.580592 30.241531, -97.581561 30.239979, -97.581603 30.239912, -97.583163 30.237436, -97.584164 30.235853, -97.58464 30.23506, -97.584765 30.235059, -97.58484 30.235077, -97.584953 30.235163, -97.585033 30.235247, -97.585085 30.235314, -97.585122 30.235399, -97.58521 30.235463, -97.585415 30.235583, -97.585531 30.235633, -97.585654 30.235661, -97.585772 30.235671, -97.585852 30.235671, -97.585894 30.235671, -97.586045 30.235651, -97.58615 30.235647, -97.586202 30.23565, -97.58629 30.235739, -97.586342 30.235773, -97.586582 30.235825, -97.586664 30.235827, -97.586811 30.235811, -97.58694 30.235784, -97.587056 30.235746, -97.587167 30.235681, -97.587327 30.235676, -97.587406 30.235678, -97.5875 30.235642, -97.587857 30.23547, -97.588014 30.235425, -97.588052 30.235418, -97.588147 30.235404, -97.588294 30.2354, -97.588401 30.235406, -97.588553 30.235445, -97.588581 30.235453, -97.588954 30.235463, -97.589085 30.235464, -97.58916 30.235477, -97.589839 30.235512, -97.590004 30.235575, -97.590203 30.235619, -97.5904 30.235618, -97.590701 30.235591, -97.590901 30.235602, -97.590994 30.235626, -97.591042 30.235684, -97.591086 30.235798, -97.591091 30.236012, -97.591125 30.236087, -97.591207 30.23614, -97.591435 30.236179, -97.591637 30.236136, -97.591788 30.236091, -97.591912 30.236078, -97.592034 30.23608, -97.592199 30.236118, -97.595192 30.231471, -97.593569 30.229891, -97.594249 30.228729, -97.593712 30.228002, -97.593654 30.227923, -97.593732 30.227969, -97.593802 30.227858, -97.59411 30.22802, -97.594397 30.228161, -97.594639 30.228264, -97.594832 30.228325, -97.595042 30.228369, -97.595311 30.228413, -97.595589 30.228453, -97.596077 30.228514, -97.596323 30.228527, -97.596356 30.228534, -97.596482 30.228534, -97.596503 30.22853, -97.596673 30.228523, -97.596975 30.228473, -97.597092 30.228438, -97.597131 30.228416, -97.59719 30.228369, -97.597293 30.228309, -97.597369 30.228258, -97.597403 30.228228, -97.597447 30.228181, -97.597604 30.228049, -97.597673 30.227984, -97.597832 30.227865, -97.598032 30.227764, -97.598232 30.227693, -97.598343 30.227671, -97.598399 30.227664, -97.598821 30.227617, -97.599185 30.227602, -97.600368 30.227354, -97.601622 30.227061, -97.602377 30.226988, -97.602966 30.226792, -97.603356 30.226398, -97.60359 30.225805, -97.603763 30.225347, -97.603829 30.224745, -97.603857 30.224491, -97.603874 30.223525, -97.60409 30.222869, -97.60457 30.221869, -97.604797 30.22128, -97.60499 30.219395, -97.605195 30.218481, -97.605936 30.216989, -97.606454 30.216307, -97.606821 30.2161, -97.607249 30.2157, -97.607849 30.215465, -97.609072 30.215461, -97.610293 30.215633, -97.610546 30.215579, -97.611313 30.215266, -97.612784 30.214067, -97.613345 30.213957, -97.614688 30.213778, -97.61542 30.213454, -97.617235 30.21232, -97.618819 30.211332, -97.620597 30.210675, -97.62087 30.210574, -97.621726 30.210449, -97.622106 30.210394, -97.622746 30.210296, -97.623015 30.210255, -97.624984 30.209904, -97.625883 30.209716, -97.626915 30.2095, -97.627305 30.209386, -97.627789 30.209244, -97.628307 30.209091, -97.629523 30.208646, -97.630085 30.208382, -97.630983 30.208062, -97.631409 30.207886, -97.631931 30.207677, -97.632764 30.207472, -97.634012 30.207602, -97.634258 30.207646, -97.634399 30.207663, -97.634594 30.207688, -97.634829 30.207728, -97.635095 30.207788, -97.635544 30.207904, -97.635776 30.207954, -97.636017 30.207981, -97.63609 30.207998, -97.636158 30.208015, -97.6365 30.208067, -97.636746 30.208117, -97.636792 30.208132, -97.637341 30.208249, -97.637549 30.208199, -97.637695 30.208058, -97.638214 30.208057, -97.638422 30.208056, -97.638478 30.208062, -97.638543 30.208082, -97.638636 30.208127, -97.6388 30.208215, -97.638848 30.208223, -97.639021 30.208232, -97.639207 30.208223, -97.639382 30.20826, -97.639467 30.208273, -97.63962 30.20831, -97.640608 30.208626, -97.640702 30.208655, -97.641172 30.208891, -97.641947 30.20929, -97.642753 30.209583, -97.643385 30.209805, -97.644036 30.210034, -97.645282 30.210358, -97.646038 30.210734, -97.647145 30.211384, -97.648201 30.212075, -97.649227 30.212809, -97.649629 30.213085, -97.649853 30.213179, -97.650278 30.213384, -97.65056 30.213568, -97.650757 30.213857, -97.650851 30.214162, -97.650886 30.214376, -97.652111 30.215712, -97.652821 30.216724, -97.653535 30.217612, -97.654051 30.218229, -97.65433 30.21852, -97.654628 30.2189, -97.654887 30.219173, -97.655184 30.219535, -97.655505 30.219809, -97.656182 30.220554, -97.6566 30.221026, -97.657014 30.221622, -97.657381 30.222432, -97.657617 30.222988, -97.657843 30.223504, -97.658182 30.224549, -97.658456 30.225537, -97.658675 30.226133, -97.658797 30.22676))",40.5,4908.0,104495.0,140.0,129.0,26326810.547500905,0.0001864259246726678
"POLYGON ((-97.686669 30.411421, -97.685816 30.412789, -97.685496 30.413132, -97.683898 30.413855, -97.683536 30.41412, -97.682988 30.414665, -97.682489 30.41549, -97.682106 30.416178, -97.682914 30.416586, -97.683709 30.417014, -97.683987 30.417133, -97.684561 30.41734, -97.684634 30.417366, -97.6847 30.417401, -97.684631 30.417498, -97.684557 30.41765, -97.684467 30.417941, -97.684386 30.418316, -97.683974 30.420025, -97.683928 30.420143, -97.683894 30.420278, -97.683764 30.420507, -97.683607 30.420794, -97.683331 30.42135, -97.683032 30.421902, -97.682711 30.422277, -97.68262 30.422375, -97.68255 30.422453, -97.681408 30.423259, -97.681244 30.423367, -97.677994 30.425461, -97.677607 30.425803, -97.677482 30.425738, -97.677381 30.425686, -97.677316 30.42564, -97.677269 30.425592, -97.677283 30.425572, -97.677308 30.42551, -97.677317 30.425462, -97.677323 30.42538, -97.677322 30.425225, -97.677279 30.424992, -97.677259 30.424938, -97.677236 30.424855, -97.677235 30.424795, -97.67725 30.424714, -97.677338 30.424479, -97.677349 30.424418, -97.677346 30.424378, -97.677331 30.424338, -97.677314 30.424313, -97.677267 30.424279, -97.677219 30.42427, -97.677189 30.424273, -97.677137 30.424294, -97.677084 30.42433, -97.677047 30.42435, -97.677013 30.424354, -97.676993 30.424349, -97.6769 30.4243, -97.676802 30.424278, -97.676728 30.424239, -97.676659 30.424186, -97.67659 30.424096, -97.676545 30.424067, -97.676397 30.424006, -97.676334 30.423961, -97.676287 30.42391, -97.67626 30.423864, -97.676244 30.423821, -97.676243 30.423764, -97.676255 30.423675, -97.676248 30.423611, -97.676266 30.423478, -97.676259 30.423399, -97.676232 30.423348, -97.676172 30.42329, -97.676098 30.42323, -97.67605 30.423183, -97.676028 30.423147, -97.676015 30.423071, -97.67602 30.423029, -97.676034 30.422996, -97.676057 30.422962, -97.676128 30.422894, -97.676286 30.422824, -97.676393 30.422772, -97.676485 30.422722, -97.676545 30.42266, -97.676557 30.422635, -97.67656 30.4226, -97.676554 30.422513, -97.676556 30.422426, -97.676565 30.422407, -97.676589 30.422383, -97.676635 30.422355, -97.676709 30.422331, -97.676754 30.422295, -97.676787 30.422259, -97.67688 30.422192, -97.676921 30.422168, -97.676957 30.422159, -97.677078 30.422142, -97.677203 30.422103, -97.677357 30.422042, -97.677446 30.421991, -97.677534 30.421933, -97.677596 30.42188, -97.677652 30.421838, -97.677683 30.421823, -97.677894 30.421764, -97.67798 30.421709, -97.678079 30.421632, -97.678163 30.421576, -97.678238 30.421512, -97.678396 30.421365, -97.678497 30.421252, -97.678537 30.421208, -97.67859 30.421158, -97.678628 30.421108, -97.678642 30.421081, -97.678705 30.420804, -97.678726 30.420736, -97.678748 30.420688, -97.67878 30.420657, -97.678896 30.420595, -97.679051 30.420473, -97.679102 30.420426, -97.679145 30.420361, -97.679211 30.420189, -97.679224 30.420111, -97.679223 30.420072, -97.679213 30.42004, -97.679167 30.419963, -97.67908 30.41985, -97.679052 30.419824, -97.679017 30.419806, -97.678992 30.4198, -97.678721 30.419777, -97.678682 30.419765, -97.678609 30.419717, -97.678462 30.419595, -97.678356 30.419529, -97.678189 30.419489, -97.678111 30.419459, -97.678078 30.419425, -97.678069 30.419407, -97.67806 30.419329, -97.678068 30.419247, -97.678092 30.419168, -97.678101 30.419096, -97.678119 30.419018, -97.678122 30.418957, -97.678115 30.41876, -97.678127 30.418716, -97.678158 30.418658, -97.678229 30.418565, -97.678326 30.41846, -97.678525 30.418296, -97.678657 30.4182, -97.678694 30.418163, -97.678747 30.418096, -97.678804 30.41804, -97.678928 30.417951, -97.678985 30.417894, -97.679014 30.417856, -97.679062 30.417757, -97.67911 30.417679, -97.679148 30.417578, -97.679208 30.417394, -97.679266 30.417185, -97.679267 30.417134, -97.679257 30.417081, -97.679264 30.417006, -97.679291 30.416945, -97.679336 30.416887, -97.679434 30.416798, -97.679474 30.41675, -97.679511 30.416684, -97.679531 30.41663, -97.679537 30.41658, -97.679524 30.416534, -97.679477 30.416447, -97.679422 30.416365, -97.679386 30.416282, -97.679375 30.416242, -97.67937 30.41616, -97.679342 30.416021, -97.67935 30.415967, -97.67937 30.415877, -97.679404 30.415804, -97.679436 30.415771, -97.679513 30.415717, -97.679568 30.415667, -97.679706 30.415509, -97.679812 30.415374, -97.679987 30.415212, -97.680052 30.415137, -97.680123 30.415001, -97.680136 30.414962, -97.68016 30.414816, -97.680212 30.414665, -97.680234 30.414618, -97.680309 30.414497, -97.680348 30.4144, -97.680373 30.414309, -97.680374 30.414277, -97.680365 30.414248, -97.680297 30.414121, -97.68024 30.413983, -97.680162 30.413821, -97.680108 30.413618, -97.680086 30.41347, -97.680083 30.413307, -97.68009 30.413242, -97.680121 30.413167, -97.680146 30.413131, -97.680354 30.412957, -97.680389 30.412898, -97.680405 30.412863, -97.680439 30.412726, -97.680448 30.412644, -97.680451 30.412489, -97.680443 30.412342, -97.680447 30.412211, -97.68044 30.412035, -97.680405 30.411921, -97.68039 30.411838, -97.68037 30.411618, -97.680359 30.411569, -97.680354 30.411462, -97.680378 30.411373, -97.680508 30.411102, -97.680583 30.410966, -97.68065 30.410877, -97.68071 30.410747, -97.680725 30.410687, -97.680722 30.410642, -97.680712 30.410615, -97.680637 30.410528, -97.680605 30.410472, -97.680596 30.410417, -97.680605 30.410379, -97.680619 30.410358, -97.680673 30.410302, -97.680758 30.410236, -97.680836 30.410203, -97.68095 30.410168, -97.68101 30.410123, -97.681027 30.410097, -97.681025 30.409983, -97.681039 30.409764, -97.681046 30.40971, -97.681066 30.409624, -97.681131 30.409464, -97.68115 30.409437, -97.681207 30.409373, -97.681235 30.40933, -97.681368 30.40907, -97.681379 30.409023, -97.68138 30.408999, -97.681372 30.408931, -97.681415 30.408947, -97.682158 30.409306, -97.682298 30.409361, -97.682482 30.409422, -97.684919 30.410625, -97.685071 30.410682, -97.685231 30.410757, -97.68577 30.411003, -97.685907 30.411065, -97.686001 30.411109, -97.686532 30.411362, -97.686669 30.411421))",41.0,1314.0,161406.0,32.0,22.0,755380.9915536371,0.0017395195466825529
"POLYGON ((-97.716601 30.205573, -97.715932 30.206533, -97.715743 30.20684, -97.715672 30.206953, -97.71488 30.208228, -97.713777 30.210001, -97.712858 30.211606, -97.712661 30.211995, -97.712408 30.21224, -97.71234 30.212341, -97.712177 30.212402, -97.712066 30.212387, -97.711997 30.212381, -97.71114 30.212347, -97.710873 30.21235, -97.710553 30.212365, -97.709652 30.212485, -97.709112 30.212605, -97.708798 30.212678, -97.708522 30.212752, -97.707118 30.213219, -97.705463 30.213783, -97.704306 30.214128, -97.703521 30.214386, -97.702689 30.214568, -97.702297 30.214625, -97.699831 30.21535, -97.69872 30.215707, -97.691371 30.21821, -97.691204 30.218268, -97.690907 30.218366, -97.69089 30.218372, -97.690752 30.218441, -97.690724 30.218455, -97.690675 30.218469, -97.690606 30.218485, -97.690576 30.218496, -97.690427 30.218553, -97.689301 30.219054, -97.688439 30.219464, -97.688233 30.21957, -97.688034 30.219676, -97.687129 30.220191, -97.686874 30.220324, -97.686136 30.220709, -97.685391 30.221118, -97.684895 30.221395, -97.68411 30.221834, -97.683852 30.221977, -97.683288 30.22229, -97.68331 30.221701, -97.683315 30.221586, -97.683303 30.221124, -97.683385 30.219197, -97.683387 30.219162, -97.683401 30.218838, -97.683413 30.218554, -97.683424 30.217827, -97.683421 30.217663, -97.683419 30.217529, -97.683419 30.217457, -97.683418 30.217405, -97.683439 30.216879, -97.683457 30.216058, -97.683473 30.215336, -97.683476 30.214508, -97.683467 30.213707, -97.68346 30.213547, -97.683414 30.211919, -97.683412 30.209949, -97.683794 30.209997, -97.684165 30.210005, -97.684462 30.20998, -97.684747 30.209952, -97.685031 30.209898, -97.685402 30.209774, -97.685807 30.209601, -97.686054 30.209428, -97.686285 30.209197, -97.686888 30.208787, -97.687532 30.208419, -97.688157 30.208146, -97.689192 30.207896, -97.690556 30.20768, -97.692624 30.207316, -97.694499 30.207032, -97.695022 30.206952, -97.695977 30.206907, -97.696852 30.206884, -97.697625 30.206805, -97.699932 30.20643, -97.701921 30.2061, -97.702876 30.205929, -97.703444 30.20577, -97.704103 30.205554, -97.704422 30.205407, -97.704944 30.205111, -97.705706 30.204463, -97.706252 30.203935, -97.706501 30.203793, -97.706717 30.203725, -97.706906 30.203672, -97.707354 30.203634, -97.707922 30.20352, -97.708513 30.203349, -97.709081 30.203054, -97.709604 30.202645, -97.710305 30.202023, -97.710628 30.202338, -97.711526 30.202929, -97.712287 30.203361, -97.712957 30.203736, -97.713537 30.204043, -97.713969 30.204237, -97.715913 30.205214, -97.71652 30.20553, -97.716601 30.205573))",51.6,305.0,100000.0,0.0,0.0,3278309.2849418186,9.303576126906311e-05
"POLYGON ((-97.671594 30.424418, -97.671242 30.426265, -97.670955 30.427692, -97.670767 30.428766, -97.670341 30.431032, -97.670181 30.431864, -97.669908 30.433264, -97.669576 30.435053, -97.66913 30.437431, -97.668898 30.438618, -97.668758 30.439291, -97.668566 30.440291, -97.668539 30.440435, -97.66851 30.440593, -97.668325 30.440643, -97.667746 30.440835, -97.667244 30.440998, -97.666923 30.441109, -97.666658 30.441168, -97.66661 30.441179, -97.666383 30.441229, -97.666182 30.441267, -97.665843 30.441297, -97.665472 30.441297, -97.664888 30.441272, -97.664374 30.441205, -97.663826 30.441048, -97.66349 30.440925, -97.663065 30.440724, -97.662729 30.440556, -97.659813 30.438809, -97.659642 30.438699, -97.659089 30.438368, -97.656408 30.436763, -97.655748 30.436394, -97.655677 30.436346, -97.655199 30.436024, -97.654741 30.435655, -97.654427 30.435342, -97.654215 30.435107, -97.654117 30.434991, -97.65398 30.434827, -97.6537 30.434413, -97.653476 30.434033, -97.653173 30.433446, -97.653038 30.433173, -97.652976 30.433049, -97.652962 30.433021, -97.652938 30.432974, -97.6529 30.432897, -97.652831 30.432757, -97.653071 30.432669, -97.65309 30.43271, -97.6531 30.432658, -97.654385 30.432179, -97.654948 30.431967, -97.655185 30.431863, -97.655391 30.431772, -97.65562 30.431643, -97.655896 30.431448, -97.656143 30.431238, -97.656339 30.431024, -97.65636 30.430994, -97.656505 30.430791, -97.656705 30.430486, -97.656713 30.430473, -97.656896 30.430143, -97.656986 30.429952, -97.657067 30.429728, -97.657129 30.429371, -97.657163 30.428947, -97.657167 30.427376, -97.65721 30.425762, -97.657229 30.425571, -97.657291 30.425309, -97.657353 30.425114, -97.657458 30.424895, -97.65752 30.424788, -97.657563 30.424714, -97.657982 30.424071, -97.65842 30.423404, -97.659277 30.422047, -97.660206 30.420642, -97.660633 30.419942, -97.660754 30.419747, -97.660858 30.419585, -97.660915 30.419504, -97.661379 30.41971, -97.661788 30.419891, -97.662013 30.420007, -97.662277 30.42013, -97.66253 30.420254, -97.662677 30.42033, -97.663061 30.420513, -97.663495 30.420723, -97.665009 30.421454, -97.665768 30.421822, -97.667631 30.42279, -97.668734 30.423335, -97.669855 30.423888, -97.67015 30.424011, -97.670426 30.4241, -97.670696 30.424184, -97.671086 30.424288, -97.671182 30.424312, -97.671425 30.424351, -97.671594 30.424418))",28.6,7060.0,66827.0,596.0,199.0,2668989.2899625753,0.002645196077238285
"POLYGON ((-97.689668 30.274929, -97.689464 30.275487, -97.689073 30.275945, -97.688769 30.27617, -97.687727 30.276632, -97.6872 30.276913, -97.686247 30.277406, -97.685455 30.277815, -97.685082 30.278099, -97.682867 30.279368, -97.682435 30.279606, -97.681901 30.279749, -97.680794 30.279823, -97.680457 30.278963, -97.680274 30.278541, -97.680209 30.27847, -97.679905 30.278137, -97.679637 30.27792, -97.67904 30.276376, -97.678925 30.276054, -97.677903 30.273184, -97.670813 30.269431, -97.670328 30.269193, -97.669924 30.269042, -97.669807 30.268998, -97.669783 30.268985, -97.669654 30.268917, -97.66973 30.268666, -97.670327 30.26712, -97.670373 30.267001, -97.670727 30.266307, -97.672223 30.263948, -97.67234 30.263764, -97.672387 30.26369, -97.672643 30.263749, -97.678466 30.265091, -97.678451 30.265209, -97.678436 30.265281, -97.678409 30.265343, -97.678246 30.265723, -97.678158 30.265908, -97.678078 30.266048, -97.67805 30.266106, -97.678021 30.266238, -97.677978 30.266324, -97.677896 30.266441, -97.677852 30.266495, -97.677792 30.266552, -97.677756 30.26657, -97.677673 30.26657, -97.677622 30.266593, -97.677503 30.266661, -97.677487 30.266679, -97.67748 30.266704, -97.67749 30.266814, -97.6775 30.266864, -97.67751 30.266884, -97.677706 30.267179, -97.677792 30.267321, -97.678002 30.26775, -97.678032 30.267788, -97.6781 30.267823, -97.678326 30.267895, -97.678495 30.267941, -97.678722 30.267988, -97.678745 30.267981, -97.678774 30.267962, -97.678817 30.267914, -97.678884 30.267793, -97.678887 30.267771, -97.678764 30.267608, -97.678726 30.267543, -97.67871 30.267492, -97.678686 30.267362, -97.678684 30.267314, -97.678693 30.267262, -97.678725 30.267195, -97.678759 30.267164, -97.67879 30.267151, -97.678845 30.267142, -97.678979 30.267139, -97.679061 30.267145, -97.679108 30.267155, -97.679431 30.267134, -97.680445 30.267637, -97.679665 30.268899, -97.679905 30.269064, -97.680506 30.269316, -97.681216 30.269768, -97.681972 30.270386, -97.683939 30.271224, -97.684731 30.271584, -97.685573 30.271954, -97.686375 30.272292, -97.687724 30.272919, -97.688689 30.27333, -97.690159 30.274026, -97.689668 30.274929))",33.4,1547.0,195346.0,0.0,22.0,1402491.0979519107,0.001103037304307399
"POLYGON ((-97.778924 30.414052, -97.778816 30.414101, -97.778684 30.414177, -97.778282 30.414498, -97.777999 30.414669, -97.777863 30.414765, -97.777801 30.414817, -97.777733 30.414931, -97.777697 30.415065, -97.777688 30.415249, -97.777729 30.415855, -97.777506 30.415852, -97.777355 30.415882, -97.77718 30.415916, -97.776843 30.416069, -97.77661 30.416188, -97.776357 30.416307, -97.776103 30.416431, -97.775919 30.416598, -97.775813 30.416695, -97.775726 30.416819, -97.775585 30.417153, -97.775301 30.417803, -97.775276 30.417915, -97.775013 30.417895, -97.774887 30.417868, -97.774753 30.417803, -97.774657 30.417727, -97.774531 30.417559, -97.774394 30.417292, -97.774245 30.417036, -97.774176 30.416933, -97.774085 30.416829, -97.773878 30.416658, -97.773634 30.416459, -97.773428 30.416287, -97.77329 30.416115, -97.773149 30.41589, -97.772996 30.415611, -97.772889 30.415432, -97.772702 30.415245, -97.772486 30.415096, -97.772039 30.414808, -97.771858 30.414671, -97.771779 30.414582, -97.771729 30.414466, -97.771694 30.414255, -97.771668 30.413639, -97.771634 30.41349, -97.771581 30.413322, -97.771513 30.413179, -97.771361 30.412956, -97.771122 30.412614, -97.771016 30.41248, -97.770882 30.412375, -97.770656 30.412238, -97.770587 30.41221, -97.770491 30.412164, -97.770367 30.41208, -97.77024 30.411971, -97.769701 30.411432, -97.769575 30.411363, -97.769324 30.411276, -97.769109 30.411214, -97.76896 30.411201, -97.768849 30.411214, -97.768687 30.411276, -97.768268 30.411446, -97.768246 30.411369, -97.768234 30.41131, -97.768225 30.411183, -97.768243 30.411021, -97.76828 30.410835, -97.768358 30.410562, -97.768455 30.410254, -97.76869 30.409965, -97.769281 30.409638, -97.769614 30.409411, -97.769902 30.409078, -97.769991 30.408648, -97.769981 30.408082, -97.769963 30.407785, -97.769956 30.407663, -97.769917 30.407027, -97.769855 30.406635, -97.769464 30.406036, -97.769235 30.405652, -97.769056 30.405286, -97.769011 30.405194, -97.768803 30.404699, -97.768644 30.404321, -97.768401 30.403738, -97.768139 30.402902, -97.768109 30.402776, -97.768051 30.402622, -97.767989 30.402528, -97.767921 30.40244, -97.767805 30.402331, -97.767651 30.402226, -97.76751 30.402141, -97.767668 30.401736, -97.7677 30.401619, -97.76772 30.40148, -97.767713 30.401347, -97.767666 30.401163, -97.767572 30.400894, -97.767525 30.400748, -97.77019 30.400753, -97.771021 30.400754, -97.771454 30.400756, -97.771714 30.400757, -97.772166 30.400758, -97.775822 30.400767, -97.775925 30.400993, -97.776102 30.401406, -97.776215 30.401729, -97.776279 30.401944, -97.776342 30.402152, -97.776382 30.402285, -97.776399 30.402437, -97.776371 30.402714, -97.776395 30.402871, -97.77635 30.403198, -97.776293 30.403411, -97.776176 30.404022, -97.77612 30.404222, -97.77605 30.40463, -97.776023 30.404844, -97.77604 30.404996, -97.776045 30.405078, -97.776101 30.405464, -97.776152 30.405718, -97.776443 30.40661, -97.776682 30.407423, -97.776773 30.407824, -97.776814 30.407951, -97.776845 30.408109, -97.776892 30.408294, -97.776881 30.409108, -97.77684 30.40953, -97.776906 30.410074, -97.776958 30.410347, -97.776997 30.410502, -97.777169 30.410824, -97.777353 30.411172, -97.777628 30.411502, -97.777961 30.411855, -97.778466 30.412386, -97.778587 30.412541, -97.77866 30.412642, -97.778748 30.412766, -97.778864 30.412974, -97.779227 30.413948, -97.778924 30.414052))",50.9,977.0,250001.0,4.0,6.0,1228599.1894768332,0.0007952145894024478
"POLYGON ((-97.894438 30.185921, -97.894204 30.186249, -97.894009 30.186538, -97.893746 30.186945, -97.893509 30.187322, -97.893297 30.187653, -97.893132 30.187978, -97.892833 30.188402, -97.892602 30.188648, -97.892189 30.189161, -97.891773 30.189626, -97.891426 30.190027, -97.890682 30.190665, -97.890009 30.191158, -97.889945 30.191197, -97.889874 30.191253, -97.888307 30.192311, -97.88743 30.192805, -97.885855 30.193519, -97.885761 30.193553, -97.884939 30.193846, -97.884805 30.193896, -97.884419 30.19334, -97.884244 30.193163, -97.883822 30.192836, -97.883594 30.192714, -97.883469 30.192656, -97.883387 30.192619, -97.883199 30.19256, -97.883023 30.192494, -97.882803 30.192443, -97.882563 30.192394, -97.88231 30.192367, -97.881673 30.192294, -97.880219 30.192113, -97.880625 30.189719, -97.880656 30.189638, -97.880738 30.189422, -97.881173 30.188734, -97.882305 30.187155, -97.882391 30.187047, -97.882836 30.186395, -97.883477 30.186713, -97.88363 30.18651, -97.883794 30.186304, -97.883946 30.18615, -97.884121 30.186005, -97.884317 30.185899, -97.884818 30.18565, -97.885456 30.185318, -97.885585 30.185276, -97.885703 30.185251, -97.886011 30.185205, -97.886011 30.185172, -97.886002 30.185103, -97.886009 30.18493, -97.88603 30.184848, -97.886089 30.184725, -97.886342 30.184359, -97.886752 30.183759, -97.886833 30.183664, -97.886899 30.183602, -97.887002 30.183524, -97.887117 30.18346, -97.887179 30.183431, -97.887295 30.183389, -97.887395 30.183365, -97.887527 30.183347, -97.887664 30.183344, -97.887847 30.183364, -97.888488 30.183489, -97.888696 30.182685, -97.888714 30.182602, -97.888741 30.182413, -97.888735 30.18221, -97.88872 30.18211, -97.888653 30.18179, -97.889172 30.181704, -97.889708 30.181634, -97.890182 30.181662, -97.890266 30.181056, -97.891296 30.181172, -97.891746 30.181244, -97.892056 30.181258, -97.89234 30.1812, -97.892644 30.181104, -97.892829 30.181105, -97.892985 30.18113, -97.893087 30.181195, -97.893317 30.181389, -97.893495 30.181715, -97.894005 30.182442, -97.894631 30.183051, -97.894178 30.183408, -97.893749 30.183843, -97.893416 30.184109, -97.892944 30.184512, -97.89389 30.185143, -97.894652 30.185679, -97.894438 30.185921))",41.3,1867.0,237700.0,77.0,10.0,1091171.0749965985,0.001711005765072924
"POLYGON ((-97.7073 30.291313, -97.707189 30.291317, -97.707145 30.291318, -97.7071 30.29132, -97.706907 30.291327, -97.706824 30.29133, -97.705038 30.291381, -97.704202 30.291393, -97.703377 30.291416, -97.703337 30.291416, -97.703241 30.291415, -97.703147 30.291416, -97.703056 30.291418, -97.702878 30.291423, -97.702788 30.291427, -97.702695 30.291431, -97.7026 30.291434, -97.702575 30.291435, -97.702403 30.291441, -97.702302 30.291445, -97.702201 30.291449, -97.70214 30.291451, -97.701998 30.291458, -97.701898 30.291462, -97.701815 30.291465, -97.701796 30.291466, -97.701691 30.291469, -97.701474 30.291471, -97.701139 30.291474, -97.701016 30.291477, -97.700916 30.291476, -97.700805 30.291478, -97.700695 30.291482, -97.700473 30.291511, -97.700368 30.29154, -97.700266 30.291579, -97.700164 30.291623, -97.69948 30.292021, -97.699444 30.291973, -97.699372 30.291867, -97.699241 30.291643, -97.699183 30.291525, -97.699079 30.291281, -97.699032 30.291156, -97.698971 30.290903, -97.698915 30.290646, -97.698888 30.290518, -97.698859 30.29039, -97.69883 30.290262, -97.698798 30.290135, -97.698793 30.290118, -97.698568 30.289089, -97.700294 30.28819, -97.701101 30.287623, -97.701302 30.287537, -97.701815 30.287209, -97.702045 30.287062, -97.702597 30.286928, -97.704199 30.286653, -97.704852 30.286526, -97.706041 30.286314, -97.706313 30.286265, -97.706354 30.286356, -97.706479 30.286706, -97.706627 30.287041, -97.706782 30.28745, -97.706843 30.287626, -97.706905 30.287871, -97.707021 30.288319, -97.707087 30.288782, -97.707148 30.289196, -97.707252 30.290279, -97.707389 30.291309, -97.7073 30.291313))",50.2,452.0,115000.0,7.0,0.0,374406.5575769762,0.0012072438125154124
"POLYGON ((-97.672589 30.263374, -97.672387 30.26369, -97.67234 30.263764, -97.672223 30.263948, -97.670727 30.266307, -97.670373 30.267001, -97.670327 30.26712, -97.66973 30.268666, -97.669654 30.268917, -97.66955 30.269247, -97.668773 30.272197, -97.668697 30.272488, -97.668513 30.273185, -97.668453 30.273451, -97.668386 30.273672, -97.667863 30.27573, -97.667799 30.275974, -97.667758 30.276134, -97.666889 30.279402, -97.666663 30.280253, -97.66634 30.281544, -97.666278 30.281782, -97.666161 30.282219, -97.665836 30.283447, -97.665472 30.28482, -97.66526 30.28562, -97.664791 30.285547, -97.664049 30.285421, -97.663738 30.285369, -97.661974 30.28507, -97.659822 30.284725, -97.659131 30.28459, -97.657852 30.284377, -97.657632 30.284335, -97.657223 30.284235, -97.656857 30.284132, -97.656332 30.283976, -97.656119 30.283909, -97.655641 30.283753, -97.654819 30.283385, -97.654658 30.283322, -97.654514 30.283268, -97.654181 30.283143, -97.65318 30.282769, -97.652346 30.282455, -97.648743 30.2811, -97.648693 30.281082, -97.648205 30.280903, -97.647999 30.280828, -97.645568 30.279944, -97.643796 30.279258, -97.643116 30.279004, -97.643007 30.278963, -97.641921 30.278549, -97.641219 30.278282, -97.63931 30.277868, -97.637795 30.277165, -97.637274 30.276794, -97.638346 30.274466, -97.637961 30.274303, -97.637035 30.273891, -97.635674 30.273204, -97.634609 30.272666, -97.633566 30.272139, -97.632832 30.271788, -97.632753 30.27175, -97.632069 30.271423, -97.631994 30.271396, -97.631616 30.271265, -97.631256 30.27114, -97.633685 30.267922, -97.63578 30.265147, -97.639495 30.267806, -97.642008 30.264268, -97.641894 30.264273, -97.641849 30.26428, -97.641811 30.264291, -97.641586 30.264385, -97.641407 30.264427, -97.641325 30.264431, -97.640988 30.26438, -97.640904 30.264356, -97.640858 30.264323, -97.640758 30.26422, -97.640687 30.26413, -97.640649 30.264067, -97.640628 30.264017, -97.640592 30.263887, -97.640576 30.263783, -97.64058 30.263664, -97.640595 30.263578, -97.640624 30.263516, -97.640654 30.263486, -97.640689 30.263468, -97.640998 30.263419, -97.641069 30.263413, -97.641115 30.263415, -97.641411 30.263383, -97.641574 30.263365, -97.641698 30.26334, -97.641825 30.263299, -97.641921 30.263258, -97.642008 30.263211, -97.642111 30.263138, -97.642297 30.262983, -97.642332 30.262944, -97.642409 30.26288, -97.642439 30.262833, -97.642659 30.262476, -97.64272 30.262524, -97.642963 30.262602, -97.643264 30.262666, -97.643502 30.262726, -97.64374 30.262792, -97.643914 30.262869, -97.644068 30.262927, -97.644362 30.263019, -97.644537 30.26306, -97.644797 30.263102, -97.64507 30.263169, -97.645316 30.263198, -97.645484 30.263245, -97.645702 30.26327, -97.646658 30.263229, -97.647254 30.263156, -97.647549 30.263121, -97.647713 30.263101, -97.647829 30.26304, -97.648074 30.262911, -97.648181 30.262839, -97.648768 30.262712, -97.649901 30.262448, -97.651574 30.262398, -97.652284 30.26229, -97.653394 30.262164, -97.654236 30.262181, -97.655563 30.262246, -97.656532 30.262294, -97.65779 30.262154, -97.658168 30.262056, -97.658313 30.261954, -97.658375 30.261911, -97.658547 30.261701, -97.658698 30.261581, -97.658872 30.26151, -97.659107 30.261435, -97.659362 30.261328, -97.659684 30.261244, -97.659803 30.261232, -97.660036 30.261209, -97.660252 30.261181, -97.660417 30.261206, -97.660445 30.261214, -97.660582 30.261253, -97.660341 30.261387, -97.660375 30.261524, -97.66039 30.261562, -97.660424 30.26165, -97.660529 30.261864, -97.66055 30.261924, -97.660594 30.262046, -97.660622 30.262097, -97.660658 30.262143, -97.660698 30.262178, -97.66076 30.262213, -97.660967 30.262282, -97.661044 30.26231, -97.661139 30.262345, -97.661335 30.262427, -97.661471 30.262496, -97.661564 30.262554, -97.661876 30.262765, -97.661964 30.262812, -97.662023 30.262829, -97.662117 30.262842, -97.662205 30.262838, -97.662272 30.262819, -97.662339 30.262787, -97.662403 30.262741, -97.662467 30.26268, -97.662556 30.262575, -97.662658 30.262418, -97.662776 30.262256, -97.662851 30.262176, -97.662912 30.262128, -97.662982 30.262088, -97.663047 30.262061, -97.663102 30.262048, -97.663231 30.26204, -97.663523 30.262046, -97.663755 30.262066, -97.664338 30.262148, -97.66461 30.262181, -97.664673 30.262197, -97.664829 30.262257, -97.665267 30.262354, -97.665471 30.262396, -97.665817 30.262456, -97.666003 30.262476, -97.666282 30.262489, -97.666586 30.262522, -97.666824 30.262543, -97.666928 30.262547, -97.667074 30.262536, -97.667184 30.262533, -97.66734 30.262539, -97.667589 30.262582, -97.667824 30.262607, -97.668035 30.262612, -97.668432 30.262664, -97.66847 30.262674, -97.668559 30.262699, -97.668628 30.262723, -97.668729 30.262772, -97.668822 30.262793, -97.668902 30.262797, -97.669018 30.262789, -97.669181 30.262759, -97.669311 30.262748, -97.669357 30.262732, -97.669418 30.262697, -97.669498 30.262632, -97.66955 30.262601, -97.669617 30.262579, -97.669734 30.262559, -97.669981 30.262549, -97.670094 30.262555, -97.67048 30.262609, -97.670561 30.262614, -97.670818 30.26261, -97.671082 30.262611, -97.67115 30.262623, -97.671215 30.262644, -97.671285 30.262677, -97.671443 30.262766, -97.671639 30.262888, -97.671714 30.262978, -97.671752 30.263032, -97.671956 30.263126, -97.672136 30.263157, -97.672178 30.263168, -97.672269 30.263219, -97.672358 30.263268, -97.672446 30.26327, -97.672472 30.263271, -97.672503 30.263264, -97.672643 30.263291, -97.672589 30.263374))",39.2,1703.0,100234.0,73.0,0.0,6687612.240284893,0.00025464993166641076
"POLYGON ((-97.574702 30.462882, -97.574569 30.46309, -97.574133 30.463768, -97.573114 30.465363, -97.572973 30.466394, -97.572853 30.466614, -97.572654 30.46698, -97.57147 30.46887, -97.571424 30.468948, -97.570884 30.469864, -97.570845 30.470111, -97.570837 30.470414, -97.571932 30.472174, -97.572099 30.47244, -97.572287 30.472568, -97.572554 30.472684, -97.572246 30.473154, -97.572025 30.473524, -97.571926 30.473679, -97.571768 30.473926, -97.572284 30.474171, -97.572266 30.474183, -97.572158 30.474341, -97.572081 30.474471, -97.571996 30.474643, -97.571976 30.474683, -97.5719 30.474882, -97.571839 30.475096, -97.571807 30.475704, -97.571743 30.475831, -97.571645 30.475934, -97.571589 30.475992, -97.571369 30.476128, -97.570863 30.476364, -97.570841 30.476368, -97.570583 30.476533, -97.570515 30.476606, -97.570424 30.476766, -97.570335 30.477025, -97.569824 30.476914, -97.569295 30.476834, -97.568916 30.476787, -97.568568 30.476765, -97.568162 30.47676, -97.567688 30.476787, -97.566489 30.476866, -97.565943 30.476929, -97.565543 30.476945, -97.565121 30.476945, -97.5647 30.476913, -97.564362 30.476857, -97.563609 30.476686, -97.561848 30.476199, -97.560679 30.475823, -97.559807 30.475294, -97.559291 30.474915, -97.558481 30.474326, -97.557977 30.47397, -97.557592 30.473715, -97.557247 30.473517, -97.556839 30.473347, -97.556511 30.473239, -97.556103 30.473126, -97.555591 30.473032, -97.554877 30.472898, -97.55345 30.472639, -97.552485 30.472474, -97.552193 30.472424, -97.551049 30.472231, -97.55029 30.47205, -97.549724 30.471857, -97.549674 30.471834, -97.549203 30.47162, -97.548566 30.471323, -97.548059 30.471076, -97.547531 30.47082, -97.547435 30.470774, -97.546892 30.470533, -97.546368 30.470271, -97.545886 30.470027, -97.54627 30.469418, -97.548212 30.466352, -97.548253 30.466286, -97.549816 30.463777, -97.550159 30.463316, -97.550493 30.463181, -97.550885 30.463291, -97.551088 30.463348, -97.551269 30.463302, -97.552262 30.461798, -97.553276 30.460267, -97.553417 30.460056, -97.553926 30.458908, -97.554009 30.458724, -97.554074 30.458577, -97.554819 30.45719, -97.555077 30.457105, -97.555292 30.456901, -97.556839 30.454558, -97.559821 30.455949, -97.560615 30.45632, -97.565844 30.458761, -97.568246 30.459883, -97.568344 30.459928, -97.568466 30.459985, -97.568516 30.460009, -97.570398 30.460888, -97.571696 30.461493, -97.572139 30.461699, -97.573656 30.462408, -97.574621 30.462845, -97.574702 30.462882))",35.7,7446.0,176978.0,146.0,185.0,4093657.801466902,0.0018189111941237092
"POLYGON ((-97.731443 30.245957, -97.729791 30.247221, -97.729132 30.247776, -97.728976 30.247907, -97.728443 30.247774, -97.725907 30.247139, -97.725476 30.247032, -97.725544 30.246905, -97.724791 30.24642, -97.722874 30.245184, -97.722802 30.245196, -97.722823 30.245157, -97.722837 30.245105, -97.722824 30.245057, -97.722822 30.245031, -97.722941 30.244875, -97.723027 30.244742, -97.723088 30.244648, -97.72325 30.244692, -97.723638 30.244757, -97.723864 30.24477, -97.724102 30.244778, -97.725208 30.243059, -97.726366 30.241257, -97.726949 30.240385, -97.72704 30.24025, -97.727083 30.240395, -97.727624 30.24104, -97.727767 30.241126, -97.727836 30.241306, -97.728163 30.24174, -97.72828 30.241779, -97.728287 30.241913, -97.729105 30.243097, -97.729287 30.243206, -97.729285 30.243348, -97.72947 30.243595, -97.729809 30.244064, -97.730197 30.244626, -97.730434 30.244824, -97.730533 30.245069, -97.730937 30.245558, -97.731443 30.245957))",30.9,1286.0,126273.0,0.0,58.0,335159.1697017217,0.0038369828912766693
"POLYGON ((-97.65752 30.424788, -97.657458 30.424895, -97.657353 30.425114, -97.657291 30.425309, -97.657229 30.425571, -97.65721 30.425762, -97.657167 30.427376, -97.657163 30.428947, -97.657129 30.429371, -97.657067 30.429728, -97.656986 30.429952, -97.656896 30.430143, -97.656713 30.430473, -97.656705 30.430486, -97.656505 30.430791, -97.65636 30.430994, -97.656339 30.431024, -97.656143 30.431238, -97.655896 30.431448, -97.65562 30.431643, -97.655391 30.431772, -97.655185 30.431863, -97.654948 30.431967, -97.654385 30.432179, -97.6531 30.432658, -97.65309 30.43271, -97.653071 30.432669, -97.652831 30.432757, -97.652778 30.43265, -97.652524 30.432154, -97.652344 30.431823, -97.652132 30.431426, -97.651969 30.431138, -97.65188 30.431027, -97.651691 30.430791, -97.651651 30.430741, -97.651393 30.430472, -97.65108 30.430204, -97.650739 30.429958, -97.650425 30.429773, -97.649995 30.429555, -97.649854 30.429487, -97.64984 30.42948, -97.649452 30.429292, -97.648859 30.42904, -97.648552 30.428945, -97.648321 30.428891, -97.648065 30.428833, -97.647808 30.428805, -97.647455 30.428777, -97.646913 30.428766, -97.64476 30.428794, -97.644766 30.428776, -97.644767 30.428728, -97.644747 30.428646, -97.644745 30.428585, -97.644756 30.428549, -97.644759 30.428538, -97.644777 30.428512, -97.644843 30.428435, -97.644899 30.428342, -97.644946 30.428253, -97.644965 30.428244, -97.645046 30.428272, -97.645067 30.428273, -97.645182 30.428245, -97.645304 30.428198, -97.645355 30.428167, -97.645427 30.428103, -97.645457 30.428062, -97.645482 30.427997, -97.645484 30.427944, -97.645469 30.427889, -97.645451 30.427855, -97.645401 30.427794, -97.645339 30.427738, -97.645275 30.427695, -97.645217 30.427668, -97.645161 30.427659, -97.645126 30.427662, -97.645093 30.427675, -97.645069 30.427699, -97.645023 30.427765, -97.644967 30.427817, -97.644948 30.427826, -97.644934 30.427787, -97.644892 30.427612, -97.644825 30.427576, -97.644838 30.427554, -97.644861 30.427532, -97.644913 30.427498, -97.644948 30.427486, -97.644929 30.427463, -97.644834 30.427392, -97.644818 30.427368, -97.644814 30.427341, -97.644827 30.427225, -97.644822 30.427199, -97.644801 30.427171, -97.644676 30.427035, -97.644601 30.426987, -97.644558 30.426971, -97.644509 30.426964, -97.644462 30.426968, -97.644435 30.426984, -97.644386 30.427025, -97.644364 30.427032, -97.644254 30.427038, -97.644076 30.427024, -97.643938 30.427005, -97.64389 30.42699, -97.64382 30.426954, -97.643716 30.426882, -97.643519 30.42676, -97.643478 30.426719, -97.643476 30.426693, -97.643504 30.426629, -97.643558 30.426555, -97.643563 30.426521, -97.643561 30.426448, -97.643578 30.426359, -97.643594 30.426325, -97.643613 30.426306, -97.643656 30.426287, -97.643686 30.426284, -97.64376 30.426287, -97.643794 30.426298, -97.643842 30.426341, -97.643879 30.42636, -97.643903 30.426357, -97.643923 30.42634, -97.643946 30.426299, -97.643947 30.426272, -97.643936 30.426256, -97.6439 30.426225, -97.643882 30.426191, -97.643886 30.426172, -97.64393 30.426133, -97.643961 30.426082, -97.643966 30.426063, -97.643963 30.426018, -97.643947 30.425972, -97.643928 30.425952, -97.643907 30.425946, -97.643886 30.42595, -97.643834 30.425969, -97.643788 30.425972, -97.643769 30.425964, -97.643563 30.425634, -97.643559 30.425608, -97.64357 30.425564, -97.643595 30.42553, -97.643657 30.425493, -97.643669 30.425477, -97.643678 30.425435, -97.643677 30.425413, -97.643652 30.425364, -97.643665 30.425327, -97.643694 30.425292, -97.643825 30.425186, -97.643891 30.425111, -97.643938 30.425077, -97.644012 30.425046, -97.644138 30.425035, -97.644198 30.425015, -97.644246 30.424987, -97.644305 30.424936, -97.644385 30.424837, -97.644417 30.424782, -97.644436 30.424731, -97.64446 30.424639, -97.644544 30.424442, -97.644546 30.424414, -97.644535 30.424394, -97.644443 30.424323, -97.644345 30.424259, -97.644305 30.424247, -97.64425 30.424243, -97.644166 30.424253, -97.644119 30.424243, -97.644075 30.42422, -97.644047 30.424188, -97.644038 30.424157, -97.644044 30.424132, -97.644118 30.424048, -97.644192 30.423948, -97.644254 30.423828, -97.644288 30.423773, -97.644298 30.423739, -97.644298 30.423673, -97.644287 30.423643, -97.644248 30.42358, -97.644205 30.423546, -97.644147 30.423514, -97.644093 30.4235, -97.644037 30.423502, -97.643938 30.423522, -97.643883 30.42354, -97.643834 30.423558, -97.643739 30.423557, -97.643672 30.423573, -97.643612 30.423577, -97.64357 30.423568, -97.6434 30.423488, -97.643337 30.423479, -97.643299 30.423459, -97.643263 30.423422, -97.643252 30.423397, -97.643249 30.42336, -97.643262 30.423322, -97.643285 30.423303, -97.643356 30.423279, -97.643381 30.423256, -97.643384 30.423238, -97.643373 30.423215, -97.643321 30.423172, -97.643264 30.423142, -97.64322 30.423105, -97.643205 30.423079, -97.643197 30.42304, -97.643164 30.422791, -97.643158 30.422694, -97.643138 30.42254, -97.643144 30.422439, -97.643158 30.422382, -97.643182 30.422334, -97.643203 30.422311, -97.644269 30.421059, -97.644264 30.420917, -97.644282 30.42078, -97.64432 30.42063, -97.644379 30.42048, -97.644488 30.420288, -97.644662 30.420086, -97.64481 30.419982, -97.645051 30.419833, -97.645262 30.419704, -97.645391 30.419595, -97.645499 30.419487, -97.645582 30.419388, -97.645646 30.419288, -97.645901 30.419181, -97.646032 30.419147, -97.646138 30.419133, -97.646206 30.419118, -97.646278 30.41909, -97.646395 30.419022, -97.646485 30.418982, -97.646546 30.418967, -97.646615 30.418968, -97.64666 30.418976, -97.646731 30.419016, -97.64676 30.419023, -97.646829 30.419011, -97.646946 30.418956, -97.647054 30.418911, -97.647133 30.418857, -97.647206 30.418815, -97.647284 30.418779, -97.647379 30.418754, -97.647462 30.418753, -97.647547 30.418743, -97.647569 30.418731, -97.647649 30.418574, -97.647677 30.418532, -97.647833 30.418418, -97.647874 30.418404, -97.64793 30.418404, -97.647961 30.418414, -97.648007 30.418448, -97.648059 30.418506, -97.648136 30.418618, -97.648199 30.418674, -97.648327 30.418773, -97.648386 30.418819, -97.648582 30.418982, -97.648725 30.419079, -97.648819 30.419128, -97.648913 30.419158, -97.648963 30.41918, -97.649039 30.419219, -97.649063 30.419231, -97.649123 30.419269, -97.649173 30.419307, -97.649272 30.419402, -97.649383 30.419497, -97.649462 30.419555, -97.649577 30.419629, -97.649653 30.419662, -97.649757 30.41969, -97.650035 30.419751, -97.650147 30.419782, -97.650453 30.419897, -97.650544 30.419955, -97.650616 30.419984, -97.650697 30.420004, -97.650764 30.420015, -97.650804 30.420022, -97.650909 30.420034, -97.650967 30.420046, -97.651062 30.420084, -97.6511 30.420113, -97.65111 30.420136, -97.651108 30.420176, -97.651076 30.42025, -97.651071 30.420284, -97.651078 30.420311, -97.651095 30.420327, -97.651127 30.420339, -97.651168 30.420335, -97.651191 30.420328, -97.651223 30.420309, -97.655087 30.422503, -97.656694 30.423412, -97.656692 30.423463, -97.656701 30.423487, -97.656745 30.423526, -97.656817 30.42357, -97.656877 30.4236, -97.656901 30.423623, -97.656949 30.423688, -97.656951 30.423726, -97.656939 30.423763, -97.656884 30.423838, -97.656877 30.423868, -97.65688 30.423906, -97.65689 30.423942, -97.656922 30.42399, -97.657019 30.424078, -97.657084 30.424143, -97.657131 30.424192, -97.65718 30.424252, -97.657213 30.424281, -97.657254 30.424307, -97.65732 30.424327, -97.657349 30.424351, -97.657366 30.42438, -97.657383 30.424454, -97.657382 30.424486, -97.657364 30.424524, -97.657338 30.424566, -97.657327 30.424636, -97.65733 30.424676, -97.657355 30.42472, -97.657379 30.424732, -97.657434 30.424744, -97.657481 30.424762, -97.65752 30.424788))",29.1,2740.0,75294.0,101.0,240.0,1346863.2990278273,0.0020343564205645413
"POLYGON ((-97.721408 30.221818, -97.720459 30.223351, -97.720329 30.223282, -97.719224 30.222742, -97.718723 30.223475, -97.715637 30.228403, -97.714972 30.229465, -97.714707 30.229887, -97.714445 30.230315, -97.714438 30.230326, -97.714372 30.230435, -97.714252 30.230382, -97.713551 30.230069, -97.712829 30.229683, -97.712619 30.229564, -97.712473 30.22947, -97.711755 30.229031, -97.711608 30.228952, -97.711238 30.228754, -97.710885 30.228564, -97.708997 30.22759, -97.708728 30.227495, -97.708437 30.227355, -97.708082 30.227184, -97.707969 30.227127, -97.707954 30.22712, -97.707891 30.227091, -97.707839 30.227067, -97.707819 30.227057, -97.707722 30.227015, -97.70674 30.226552, -97.706548 30.226432, -97.706216 30.226277, -97.704831 30.225611, -97.704463 30.225436, -97.703958 30.225198, -97.703856 30.225151, -97.703602 30.225052, -97.703392 30.22499, -97.703433 30.224925, -97.703467 30.224872, -97.703963 30.224101, -97.706168 30.220673, -97.706503 30.220359, -97.706699 30.220266, -97.706874 30.220209, -97.706919 30.220211, -97.706991 30.220208, -97.706991 30.220168, -97.706945 30.219881, -97.706957 30.219689, -97.707019 30.21944, -97.707078 30.219279, -97.707375 30.218809, -97.709489 30.215541, -97.709695 30.215292, -97.710213 30.214975, -97.710394 30.2151, -97.714177 30.216941, -97.716774 30.218204, -97.718603 30.219063, -97.719931 30.219726, -97.720226 30.219941, -97.72048 30.220158, -97.720606 30.220339, -97.720893 30.220782, -97.721088 30.221177, -97.721211 30.221454, -97.721353 30.221735, -97.721408 30.221818))",30.6,806.0,100653.0,0.0,38.0,1579229.4259300283,0.0005103754950141815
"POLYGON ((-97.712177 30.212402, -97.711962 30.212695, -97.71177 30.212986, -97.711553 30.2133, -97.711296 30.213738, -97.711066 30.214063, -97.71083 30.21441, -97.710496 30.214716, -97.710213 30.214975, -97.709695 30.215292, -97.709489 30.215541, -97.707375 30.218809, -97.707078 30.219279, -97.707019 30.21944, -97.706957 30.219689, -97.706945 30.219881, -97.706991 30.220168, -97.706991 30.220208, -97.706919 30.220211, -97.706874 30.220209, -97.706699 30.220266, -97.706503 30.220359, -97.706168 30.220673, -97.703963 30.224101, -97.703467 30.224872, -97.703433 30.224925, -97.703392 30.22499, -97.703237 30.224924, -97.7028 30.224802, -97.702389 30.224632, -97.701111 30.224054, -97.699666 30.223426, -97.699474 30.223357, -97.698715 30.223029, -97.698214 30.222811, -97.697982 30.222711, -97.697807 30.22263, -97.697754 30.222606, -97.69759 30.222537, -97.696705 30.22213, -97.696593 30.222238, -97.696407 30.222379, -97.696189 30.222561, -97.695485 30.223193, -97.694841 30.22376, -97.694294 30.224255, -97.69374 30.224755, -97.692965 30.225445, -97.691476 30.22682, -97.689784 30.228348, -97.68958 30.228511, -97.689528 30.228567, -97.689486 30.228633, -97.689462 30.228683, -97.689466 30.228707, -97.689476 30.228725, -97.689358 30.228738, -97.690001 30.229299, -97.690122 30.229449, -97.690067 30.229495, -97.689875 30.229633, -97.689538 30.229863, -97.689397 30.229972, -97.689377 30.230008, -97.689142 30.23033, -97.689092 30.230431, -97.689039 30.230616, -97.688925 30.230892, -97.68869 30.231318, -97.688475 30.231722, -97.688418 30.231799, -97.688347 30.231873, -97.688263 30.231943, -97.688217 30.231975, -97.68804 30.232693, -97.687915 30.232935, -97.687871 30.233088, -97.687868 30.233142, -97.687889 30.23324, -97.687957 30.233382, -97.687971 30.233466, -97.68797 30.233508, -97.687947 30.233599, -97.687883 30.233734, -97.687688 30.23392, -97.687595 30.233949, -97.687422 30.233986, -97.687156 30.234051, -97.687047 30.234016, -97.686847 30.234016, -97.686792 30.23399, -97.686775 30.233976, -97.686748 30.23397, -97.686676 30.233969, -97.686642 30.233957, -97.686508 30.233929, -97.686316 30.233976, -97.686268 30.234003, -97.685872 30.234228, -97.685561 30.234444, -97.68532 30.234343, -97.685191 30.234359, -97.684462 30.23309, -97.684237 30.232665, -97.683855 30.231944, -97.683416 30.230794, -97.683228 30.230204, -97.683184 30.229945, -97.6831 30.22945, -97.683101 30.229361, -97.683092 30.22857, -97.683094 30.228481, -97.683142 30.226726, -97.683213 30.225492, -97.68328 30.222798, -97.683284 30.222526, -97.683288 30.22229, -97.683852 30.221977, -97.68411 30.221834, -97.684895 30.221395, -97.685391 30.221118, -97.686136 30.220709, -97.686874 30.220324, -97.687129 30.220191, -97.688034 30.219676, -97.688233 30.21957, -97.688439 30.219464, -97.689301 30.219054, -97.690427 30.218553, -97.690576 30.218496, -97.690606 30.218485, -97.690675 30.218469, -97.690724 30.218455, -97.690752 30.218441, -97.69089 30.218372, -97.690907 30.218366, -97.691204 30.218268, -97.691371 30.21821, -97.69872 30.215707, -97.699831 30.21535, -97.702297 30.214625, -97.702689 30.214568, -97.703521 30.214386, -97.704306 30.214128, -97.705463 30.213783, -97.707118 30.213219, -97.708522 30.212752, -97.708798 30.212678, -97.709112 30.212605, -97.709652 30.212485, -97.710553 30.212365, -97.710873 30.21235, -97.71114 30.212347, -97.711997 30.212381, -97.712066 30.212387, -97.712177 30.212402))",26.8,4273.0,85170.0,132.0,66.0,2508786.926257082,0.0017032135950959331
"POLYGON ((-97.702046 30.237233, -97.701525 30.23748, -97.701399 30.237558, -97.701312 30.237637, -97.701277 30.237671, -97.701167 30.237783, -97.700941 30.237949, -97.700791 30.238143, -97.700772 30.238177, -97.700671 30.238356, -97.700562 30.238578, -97.70049 30.238918, -97.700389 30.24037, -97.700385 30.240458, -97.700415 30.240927, -97.700434 30.241176, -97.7004 30.241189, -97.700359 30.241207, -97.700213 30.241273, -97.700133 30.241297, -97.700058 30.241307, -97.699962 30.241307, -97.699739 30.241275, -97.699593 30.241265, -97.699443 30.241269, -97.699385 30.241278, -97.699326 30.241297, -97.699268 30.241325, -97.699212 30.241363, -97.699159 30.241409, -97.69911 30.241463, -97.699067 30.241521, -97.699033 30.241582, -97.699012 30.241648, -97.698989 30.241799, -97.698967 30.241859, -97.698892 30.242006, -97.698844 30.242064, -97.698811 30.24209, -97.698777 30.242105, -97.698737 30.242113, -97.698686 30.242107, -97.698597 30.242063, -97.698561 30.242037, -97.698532 30.24201, -97.698507 30.241978, -97.698456 30.241899, -97.698392 30.241824, -97.698322 30.241764, -97.698269 30.241735, -97.698208 30.241719, -97.698098 30.241717, -97.69798 30.241729, -97.697855 30.24175, -97.697754 30.241777, -97.697657 30.241815, -97.697587 30.241854, -97.697536 30.241893, -97.697502 30.241934, -97.697486 30.241977, -97.69743 30.242327, -97.697409 30.242349, -97.697366 30.242365, -97.697304 30.24237, -97.697257 30.242366, -97.697192 30.242351, -97.696666 30.242116, -97.696548 30.242087, -97.696419 30.242067, -97.695922 30.242023, -97.695862 30.242022, -97.695794 30.24203, -97.695736 30.242047, -97.69569 30.242071, -97.695645 30.242107, -97.695605 30.24215, -97.695504 30.242272, -97.69547 30.242305, -97.695336 30.242401, -97.695287 30.242431, -97.69521 30.24246, -97.695129 30.242466, -97.695 30.24246, -97.694877 30.242466, -97.694795 30.24248, -97.694741 30.2425, -97.694705 30.242529, -97.694673 30.242569, -97.694632 30.242659, -97.694612 30.242735, -97.694609 30.242774, -97.694599 30.242825, -97.694587 30.242904, -97.694579 30.243048, -97.694576 30.243311, -97.694555 30.243533, -97.694539 30.243703, -97.694545 30.243762, -97.694566 30.243821, -97.694605 30.243881, -97.694658 30.243925, -97.694754 30.243993, -97.694792 30.244029, -97.694869 30.244151, -97.69493 30.244276, -97.694955 30.244341, -97.694991 30.244433, -97.69505 30.244642, -97.695004 30.244796, -97.694986 30.244858, -97.694894 30.2449, -97.694757 30.244961, -97.694666 30.245008, -97.694609 30.245057, -97.694469 30.245313, -97.694444 30.245346, -97.693483 30.245414, -97.693237 30.245387, -97.692202 30.245275, -97.69128 30.245176, -97.691244 30.244952, -97.691129 30.24424, -97.691081 30.243934, -97.691141 30.243514, -97.691303 30.243185, -97.691656 30.242733, -97.692067 30.242312, -97.692161 30.242226, -97.692264 30.242122, -97.692685 30.241739, -97.692942 30.241354, -97.693575 30.240412, -97.694362 30.239067, -97.694688 30.238631, -97.695017 30.238118, -97.695287 30.237552, -97.696192 30.236206, -97.696684 30.235603, -97.6968 30.23536, -97.697315 30.234587, -97.697883 30.23485, -97.701352 30.236455, -97.7014 30.236477, -97.701595 30.236566, -97.701767 30.236676, -97.70184 30.236761, -97.701997 30.236989, -97.702131 30.237208, -97.702046 30.237233))",33.0,756.0,55688.0,171.0,0.0,549343.8387684535,0.0013761872740665276
"POLYGON ((-97.706242 30.231277, -97.706216 30.231461, -97.706205 30.23154, -97.706164 30.231772, -97.706089 30.231982, -97.705983 30.232217, -97.705857 30.232448, -97.705665 30.23277, -97.705031 30.233752, -97.704918 30.233928, -97.704305 30.234878, -97.703396 30.236315, -97.703355 30.236373, -97.703271 30.236493, -97.703164 30.236621, -97.703026 30.236756, -97.702838 30.236886, -97.702647 30.236981, -97.702199 30.237166, -97.702131 30.237208, -97.701997 30.236989, -97.70184 30.236761, -97.701767 30.236676, -97.701595 30.236566, -97.7014 30.236477, -97.701352 30.236455, -97.697883 30.23485, -97.697315 30.234587, -97.697906 30.23376, -97.698813 30.232341, -97.699568 30.231055, -97.699757 30.230798, -97.700182 30.230111, -97.701038 30.228772, -97.701493 30.228001, -97.702061 30.228278, -97.702907 30.228693, -97.704282 30.229331, -97.705628 30.229972, -97.705678 30.229973, -97.705706 30.229971, -97.705793 30.229991, -97.705936 30.230045, -97.706075 30.230117, -97.70617 30.230148, -97.706198 30.23015, -97.706218 30.230152, -97.706217 30.230216, -97.706202 30.230359, -97.706218 30.23051, -97.706242 30.231277))",29.2,1535.0,73618.0,88.0,17.0,493079.52143927594,0.0031130881191727597
"POLYGON ((-97.765691 30.18325, -97.765236 30.183914, -97.764543 30.184987, -97.764322 30.185335, -97.764199 30.185654, -97.763884 30.186297, -97.763529 30.186856, -97.762904 30.187653, -97.762888 30.187674, -97.7628 30.187786, -97.762684 30.18775, -97.759784 30.186879, -97.75934 30.186745, -97.75906 30.186625, -97.75895 30.186567, -97.758834 30.186517, -97.758707 30.186443, -97.757331 30.185759, -97.757162 30.185655, -97.756929 30.185479, -97.756573 30.185177, -97.756654 30.185165, -97.756667 30.185052, -97.756997 30.184681, -97.757529 30.183823, -97.757937 30.18319, -97.758182 30.182967, -97.75836 30.182475, -97.758535 30.182142, -97.758734 30.181762, -97.759819 30.180032, -97.760728 30.180232, -97.761636 30.180446, -97.762489 30.180691, -97.764503 30.181744, -97.766159 30.182566, -97.765691 30.18325))",46.8,1438.0,65000.0,68.0,0.0,465209.6602167794,0.0030910794056381325
"POLYGON ((-97.738857 30.193254, -97.737913 30.194784, -97.737783 30.194995, -97.737545 30.19535, -97.737268 30.195765, -97.736987 30.196193, -97.736773 30.19652, -97.736421 30.197057, -97.736207 30.197383, -97.735637 30.198324, -97.73492 30.19798, -97.734854 30.19809, -97.734144 30.197754, -97.733407 30.197395, -97.732675 30.197067, -97.730364 30.195983, -97.728958 30.195308, -97.72856 30.19514, -97.726652 30.194318, -97.727606 30.193421, -97.728023 30.193108, -97.72883 30.192647, -97.72904 30.192527, -97.729323 30.192367, -97.730096 30.191929, -97.731095 30.191375, -97.731184 30.191323, -97.73127 30.191278, -97.731763 30.190997, -97.732257 30.190785, -97.732904 30.190708, -97.733014 30.190706, -97.733132 30.190714, -97.733608 30.190787, -97.733942 30.190897, -97.734046 30.190937, -97.734157 30.190983, -97.734523 30.191159, -97.734626 30.191205, -97.734721 30.191254, -97.735609 30.191673, -97.735706 30.191733, -97.735834 30.191781, -97.737263 30.192471, -97.73734 30.192512, -97.737444 30.192561, -97.738097 30.192894, -97.738777 30.193216, -97.738857 30.193254))",35.4,1319.0,58523.0,46.0,12.0,545003.8578917049,0.0024201663546060477
"POLYGON ((-97.686448 30.340552, -97.686262 30.34084, -97.686083 30.341117, -97.686004 30.341214, -97.685887 30.34133, -97.685118 30.341992, -97.684929 30.342158, -97.684834 30.342249, -97.683717 30.343956, -97.682977 30.345161, -97.682564 30.346268, -97.682362 30.346218, -97.682291 30.346195, -97.682186 30.346183, -97.681859 30.346214, -97.681664 30.346209, -97.681537 30.346197, -97.681474 30.346185, -97.681219 30.346114, -97.680824 30.345967, -97.680766 30.345929, -97.680686 30.345862, -97.680625 30.345796, -97.680573 30.345713, -97.680527 30.345614, -97.680485 30.345503, -97.680371 30.345339, -97.680129 30.345005, -97.680047 30.344879, -97.679984 30.344764, -97.679878 30.344589, -97.679834 30.344527, -97.679813 30.344526, -97.679774 30.344532, -97.679715 30.344572, -97.679691 30.3446, -97.679682 30.344629, -97.679685 30.344808, -97.679692 30.34485, -97.67971 30.344909, -97.679776 30.345015, -97.679809 30.345087, -97.679824 30.345147, -97.67982 30.345194, -97.679806 30.345221, -97.679605 30.345397, -97.679588 30.345423, -97.679582 30.34548, -97.67959 30.345518, -97.679714 30.345777, -97.679746 30.345856, -97.679763 30.345964, -97.679784 30.346039, -97.679804 30.346069, -97.679822 30.346088, -97.679989 30.346223, -97.680046 30.34629, -97.680135 30.346454, -97.680154 30.346482, -97.680529 30.3469, -97.680613 30.347031, -97.680718 30.347236, -97.680758 30.347324, -97.680825 30.347498, -97.68085 30.347551, -97.680895 30.347604, -97.680971 30.347649, -97.681054 30.347697, -97.681117 30.347749, -97.681287 30.347845, -97.681423 30.347958, -97.68194 30.348363, -97.681976 30.348399, -97.681989 30.348431, -97.681975 30.348536, -97.681946 30.348629, -97.681846 30.34884, -97.681835 30.348885, -97.681837 30.348926, -97.681862 30.348995, -97.681914 30.349094, -97.681975 30.349183, -97.682002 30.349202, -97.682036 30.349211, -97.682088 30.349211, -97.682128 30.349193, -97.682168 30.349156, -97.682242 30.349054, -97.68232 30.348961, -97.682357 30.348933, -97.682411 30.348915, -97.682474 30.348909, -97.682568 30.34892, -97.682602 30.348931, -97.682626 30.34895, -97.682675 30.349194, -97.682689 30.349239, -97.682818 30.349376, -97.682853 30.349419, -97.68287 30.349468, -97.682877 30.349526, -97.68287 30.349565, -97.682852 30.34959, -97.682789 30.349632, -97.682702 30.349712, -97.682645 30.349785, -97.682608 30.349865, -97.682597 30.349933, -97.682584 30.349975, -97.682468 30.350124, -97.682452 30.350157, -97.682457 30.350184, -97.682497 30.350244, -97.682543 30.350292, -97.682567 30.350306, -97.682594 30.350311, -97.68269 30.350294, -97.682783 30.350296, -97.682806 30.350312, -97.68282 30.350339, -97.682829 30.350445, -97.682848 30.350491, -97.682867 30.350507, -97.683026 30.350494, -97.683065 30.350499, -97.683123 30.350524, -97.683203 30.350589, -97.683329 30.35066, -97.683415 30.350698, -97.683476 30.350747, -97.683589 30.35087, -97.683607 30.350898, -97.683604 30.350939, -97.683566 30.351075, -97.68354 30.351191, -97.683539 30.351233, -97.683557 30.351276, -97.683639 30.351384, -97.683687 30.35143, -97.683741 30.351471, -97.683832 30.351521, -97.683982 30.351588, -97.684062 30.351631, -97.684116 30.351675, -97.684207 30.351784, -97.684235 30.351834, -97.68425 30.351886, -97.684271 30.352035, -97.684302 30.352147, -97.684326 30.352202, -97.68438 30.352285, -97.684451 30.352358, -97.684507 30.3524, -97.684593 30.352456, -97.68476 30.352553, -97.684852 30.35263, -97.684999 30.352752, -97.685064 30.352813, -97.685367 30.353075, -97.685444 30.353124, -97.685508 30.353182, -97.685538 30.353223, -97.685573 30.353281, -97.685734 30.353469, -97.685829 30.353557, -97.685867 30.353601, -97.685911 30.353668, -97.685993 30.353735, -97.686029 30.353772, -97.686112 30.353863, -97.68607 30.353962, -97.686027 30.354037, -97.685975 30.354114, -97.685939 30.354161, -97.685877 30.354227, -97.685758 30.354354, -97.685269 30.354882, -97.685196 30.354967, -97.68459 30.355669, -97.68454 30.355727, -97.684463 30.355817, -97.684429 30.355856, -97.684414 30.355873, -97.684368 30.355932, -97.684341 30.355967, -97.68431 30.356007, -97.684247 30.355969, -97.683875 30.355746, -97.683809 30.355698, -97.683755 30.355669, -97.683369 30.355402, -97.68299 30.35514, -97.682938 30.355104, -97.682885 30.355067, -97.682807 30.355014, -97.682736 30.354967, -97.681551 30.354202, -97.681446 30.354129, -97.681366 30.354086, -97.679033 30.352687, -97.678943 30.352635, -97.678877 30.352595, -97.677564 30.351807, -97.677366 30.351664, -97.677301 30.351623, -97.677226 30.351583, -97.676572 30.351193, -97.676473 30.351131, -97.676055 30.350872, -97.676005 30.350839, -97.676025 30.350802, -97.676055 30.350746, -97.676093 30.350675, -97.67631 30.350086, -97.67708 30.347432, -97.677163 30.347154, -97.677233 30.346915, -97.677519 30.345931, -97.677549 30.345818, -97.677586 30.34572, -97.677954 30.344659, -97.678308 30.344141, -97.678389 30.344026, -97.678497 30.343898, -97.678588 30.343793, -97.679353 30.342911, -97.679375 30.342888, -97.679398 30.342862, -97.680079 30.342101, -97.680647 30.341391, -97.680696 30.341311, -97.680778 30.341212, -97.682244 30.339019, -97.682296 30.338939, -97.68238 30.338803, -97.683322 30.337336, -97.687272 30.339257, -97.686448 30.340552))",42.6,1515.0,88118.0,0.0,9.0,927004.6872734613,0.0016342959434821967
"POLYGON ((-97.655013 30.399508, -97.654862 30.399541, -97.654782 30.399558, -97.652624 30.400029, -97.651503 30.400333, -97.651233 30.40039, -97.650509 30.400557, -97.649708 30.400878, -97.649365 30.40108, -97.649072 30.401335, -97.648781 30.401557, -97.648251 30.401963, -97.647646 30.402498, -97.647251 30.40293, -97.646791 30.403543, -97.646425 30.403942, -97.64601 30.404283, -97.645429 30.40465, -97.644916 30.404899, -97.642228 30.406201, -97.642155 30.406236, -97.642095 30.406272, -97.641987 30.406166, -97.641755 30.40581, -97.641443 30.405385, -97.641151 30.405135, -97.640821 30.404883, -97.640499 30.404717, -97.640178 30.404544, -97.639905 30.40441, -97.639258 30.404095, -97.638504 30.403749, -97.638565 30.403649, -97.638591 30.403611, -97.638722 30.403424, -97.640343 30.400911, -97.640734 30.400306, -97.640805 30.400185, -97.640888 30.400072, -97.643174 30.396599, -97.644287 30.394908, -97.644302 30.394885, -97.644392 30.394747, -97.644486 30.394635, -97.645771 30.392494, -97.646564 30.391176, -97.647109 30.390002, -97.647405 30.389293, -97.647753 30.388637, -97.64856 30.387172, -97.648687 30.386914, -97.650916 30.388205, -97.651053 30.388327, -97.651508 30.388775, -97.652081 30.389431, -97.652282 30.389732, -97.652446 30.390019, -97.652654 30.390411, -97.652795 30.39081, -97.652947 30.391372, -97.653072 30.391834, -97.653441 30.39342, -97.65357 30.393896, -97.65381 30.394781, -97.654314 30.396864, -97.654489 30.397523, -97.654506 30.397589, -97.654617 30.398009, -97.654874 30.398981, -97.654992 30.399422, -97.655013 30.399508))",30.0,5140.0,64632.0,81.0,299.0,1589147.7108211094,0.0032344381614118002
"POLYGON ((-97.709153 30.35081, -97.707269 30.352111, -97.705638 30.353351, -97.704707 30.354046, -97.704068 30.354524, -97.702936 30.355339, -97.702688 30.355497, -97.701263 30.35657, -97.700387 30.357273, -97.70036 30.357309, -97.700278 30.35725, -97.700228 30.357199, -97.70014 30.357084, -97.700004 30.356958, -97.699962 30.356886, -97.699912 30.356759, -97.699847 30.356545, -97.699794 30.356413, -97.699792 30.356371, -97.6998 30.356322, -97.699795 30.356266, -97.699781 30.356211, -97.699693 30.356028, -97.699646 30.355943, -97.699636 30.355913, -97.699625 30.355855, -97.699542 30.355605, -97.699509 30.355503, -97.699456 30.355381, -97.699388 30.355252, -97.699302 30.355114, -97.699209 30.35498, -97.699154 30.354915, -97.699057 30.354824, -97.698968 30.354757, -97.698572 30.354384, -97.698396 30.354209, -97.698277 30.354079, -97.698232 30.354028, -97.698209 30.354018, -97.698197 30.353993, -97.698156 30.353955, -97.698016 30.35384, -97.697951 30.353796, -97.697864 30.35375, -97.69774 30.353692, -97.697681 30.353665, -97.697571 30.353623, -97.697371 30.353512, -97.697229 30.353415, -97.697187 30.353378, -97.697159 30.353335, -97.697105 30.353204, -97.69708 30.353129, -97.696993 30.352946, -97.69694 30.352869, -97.696922 30.352832, -97.697395 30.352483, -97.696624 30.350133, -97.696934 30.349914, -97.697058 30.349826, -97.69743 30.349435, -97.697897 30.348608, -97.701659 30.350049, -97.702046 30.349592, -97.702307 30.349154, -97.702776 30.348338, -97.70319 30.34755, -97.706703 30.349199, -97.706796 30.34925, -97.706855 30.349311, -97.706892 30.349359, -97.706919 30.349423, -97.706956 30.349551, -97.706978 30.349631, -97.707015 30.349706, -97.707074 30.349781, -97.707133 30.349823, -97.707258 30.349903, -97.708069 30.350282, -97.709153 30.35081))",55.9,363.0,17360.0,14.0,0.0,652980.9245402407,0.0005559121045619913
"POLYGON ((-97.711991 30.336749, -97.711609 30.337373, -97.711545 30.337479, -97.71103 30.338247, -97.710254 30.338913, -97.70958 30.339578, -97.708651 30.340497, -97.708243 30.340921, -97.707517 30.341615, -97.707061 30.342085, -97.706585 30.342303, -97.706068 30.342832, -97.705599 30.343485, -97.705382 30.3437, -97.705286 30.343803, -97.705144 30.343949, -97.704495 30.343509, -97.703945 30.343077, -97.703654 30.342837, -97.703617 30.3428, -97.702597 30.341702, -97.702367 30.341437, -97.701143 30.340027, -97.70097 30.339889, -97.700658 30.33964, -97.700627 30.339619, -97.700553 30.339569, -97.700472 30.339515, -97.7003 30.339399, -97.70016 30.339315, -97.700221 30.339224, -97.700259 30.339168, -97.700293 30.339113, -97.700363 30.339002, -97.700485 30.338825, -97.701013 30.337978, -97.701262 30.337579, -97.702141 30.336156, -97.702383 30.335765, -97.702729 30.335253, -97.704172 30.333018, -97.704275 30.332831, -97.704531 30.332954, -97.705755 30.333543, -97.70721 30.334279, -97.70782 30.33457, -97.708052 30.334671, -97.708899 30.335128, -97.710874 30.336057, -97.712047 30.336658, -97.711991 30.336749))",27.4,3100.0,76961.0,110.0,28.0,734372.6475915746,0.004221290117717024
"POLYGON ((-97.702776 30.348338, -97.702307 30.349154, -97.702046 30.349592, -97.701659 30.350049, -97.697897 30.348608, -97.697492 30.348427, -97.697333 30.348361, -97.696899 30.348171, -97.696475 30.347985, -97.696061 30.347804, -97.695652 30.347625, -97.695422 30.347524, -97.69533 30.347483, -97.695229 30.34744, -97.695074 30.347371, -97.695249 30.34709, -97.696274 30.345483, -97.696806 30.344635, -97.696888 30.344504, -97.697009 30.344563, -97.697067 30.344591, -97.698937 30.345507, -97.70021 30.34613, -97.70319 30.34755, -97.702776 30.348338))",29.3,1711.0,48958.0,103.0,119.0,239349.2573326064,0.007148549442216764
"POLYGON ((-97.705626 30.329719, -97.705467 30.330291, -97.705225 30.330911, -97.704995 30.331426, -97.704792 30.331884, -97.704502 30.332414, -97.704388 30.332622, -97.704275 30.332831, -97.704123 30.332756, -97.704068 30.332738, -97.703988 30.332703, -97.703968 30.332695, -97.703705 30.332579, -97.700368 30.33113, -97.699319 30.33063, -97.69827 30.330138, -97.697206 30.329638, -97.696172 30.329075, -97.695146 30.32858, -97.69426 30.328158, -97.69375 30.327798, -97.692967 30.326437, -97.692377 30.326105, -97.693123 30.324856, -97.693644 30.323987, -97.693747 30.32402, -97.694261 30.324282, -97.694461 30.324368, -97.694562 30.324401, -97.694689 30.324427, -97.694842 30.324449, -97.695139 30.324456, -97.695254 30.324451, -97.69526 30.324474, -97.695292 30.324598, -97.695475 30.324803, -97.695732 30.325001, -97.69658 30.325378, -97.697049 30.325586, -97.697994 30.326038, -97.698128 30.326103, -97.699178 30.326579, -97.70011 30.327024, -97.700228 30.327081, -97.701244 30.327606, -97.70229 30.328086, -97.702339 30.328157, -97.705033 30.329419, -97.705147 30.32947, -97.705315 30.329548, -97.705351 30.32957, -97.705428 30.32962, -97.705488 30.329641, -97.705626 30.329719))",35.3,2391.0,63426.0,20.0,0.0,495135.5597229901,0.004828980575213938
"POLYGON ((-97.831324 30.181908, -97.831118 30.182238, -97.830684 30.182983, -97.830238 30.183678, -97.829733 30.184356, -97.829275 30.185054, -97.828402 30.184668, -97.828801 30.184164, -97.827766 30.183657, -97.827054 30.18328, -97.825176 30.182364, -97.823686 30.181696, -97.823015 30.181353, -97.822766 30.180881, -97.822877 30.18058, -97.82312 30.180236, -97.823947 30.179493, -97.824286 30.179321, -97.823876 30.178776, -97.823372 30.178545, -97.823325 30.178524, -97.822471 30.178133, -97.821536 30.177705, -97.822307 30.176537, -97.822423 30.176329, -97.822609 30.175996, -97.826592 30.178046, -97.827594 30.178569, -97.828177 30.178873, -97.828851 30.179198, -97.831187 30.180314, -97.832074 30.180754, -97.831324 30.181908))",44.6,495.0,99844.0,14.0,0.0,436219.2817920348,0.0011347503896812809
"POLYGON ((-97.829275 30.185054, -97.827943 30.187079, -97.827695 30.187493, -97.827647 30.187637, -97.827595 30.187771, -97.827548 30.187861, -97.827456 30.187983, -97.826998 30.187784, -97.825351 30.190332, -97.823984 30.189606, -97.82323 30.18924, -97.822912 30.189071, -97.822571 30.188909, -97.819509 30.187453, -97.817403 30.18645, -97.816306 30.185927, -97.81696 30.1849, -97.817007 30.184826, -97.818314 30.182772, -97.818892 30.181863, -97.819199 30.181369, -97.819864 30.180307, -97.820135 30.179875, -97.821035 30.178481, -97.821536 30.177705, -97.822471 30.178133, -97.823325 30.178524, -97.823372 30.178545, -97.823876 30.178776, -97.824286 30.179321, -97.823947 30.179493, -97.82312 30.180236, -97.822877 30.18058, -97.822766 30.180881, -97.823015 30.181353, -97.823686 30.181696, -97.825176 30.182364, -97.827054 30.18328, -97.827766 30.183657, -97.828801 30.184164, -97.828402 30.184668, -97.829275 30.185054))",46.6,1697.0,92841.0,0.0,21.0,851108.7690278672,0.001993869716485598
"POLYGON ((-97.821633 30.195383, -97.821284 30.195904, -97.820677 30.196866, -97.820197 30.197626, -97.819698 30.198362, -97.819246 30.199029, -97.818536 30.198699, -97.817848 30.198378, -97.817338 30.19809, -97.81704 30.197649, -97.816806 30.197327, -97.816485 30.196965, -97.816057 30.196522, -97.815707 30.196273, -97.815354 30.196018, -97.814288 30.195491, -97.813818 30.19513, -97.813103 30.195545, -97.812817 30.195592, -97.81264 30.195646, -97.81225 30.195641, -97.811859 30.195548, -97.810691 30.194952, -97.810621 30.194916, -97.811064 30.194281, -97.811939 30.192896, -97.812966 30.191216, -97.813874 30.189796, -97.813945 30.189851, -97.813979 30.18988, -97.814134 30.190074, -97.814233 30.190188, -97.814327 30.190259, -97.814357 30.19029, -97.814385 30.190372, -97.814516 30.19049, -97.81456 30.190555, -97.814684 30.190634, -97.81473 30.190679, -97.814795 30.19073, -97.814876 30.190782, -97.814948 30.190854, -97.815108 30.190952, -97.81513 30.191004, -97.815207 30.191099, -97.815247 30.191141, -97.815315 30.191199, -97.815367 30.191224, -97.815412 30.191234, -97.815515 30.191232, -97.815563 30.191243, -97.815665 30.191279, -97.815825 30.191358, -97.816022 30.191431, -97.816353 30.191538, -97.816397 30.191561, -97.816442 30.191598, -97.816478 30.19166, -97.816506 30.191684, -97.816562 30.191717, -97.816737 30.191799, -97.81685 30.191839, -97.817078 30.191911, -97.81715 30.191938, -97.817363 30.192056, -97.817414 30.192076, -97.817902 30.192199, -97.817977 30.192222, -97.818025 30.192249, -97.818195 30.192367, -97.818245 30.192431, -97.818275 30.192458, -97.818352 30.192482, -97.818465 30.192656, -97.818504 30.192749, -97.818658 30.192947, -97.818705 30.193016, -97.818803 30.193135, -97.818942 30.193316, -97.819083 30.193491, -97.819295 30.193776, -97.819352 30.193845, -97.819404 30.193895, -97.819657 30.194088, -97.819975 30.194374, -97.820127 30.194541, -97.820306 30.194716, -97.820483 30.19487, -97.820666 30.195017, -97.820834 30.195129, -97.821027 30.195242, -97.821111 30.195285, -97.821184 30.195312, -97.82132 30.195346, -97.821454 30.195364, -97.821537 30.195371, -97.821633 30.195383))",61.9,972.0,69255.0,54.0,0.0,481755.7130917437,0.0020176200791933237
"POLYGON ((-97.829353 30.175531, -97.82918 30.175888, -97.829224 30.176777, -97.829066 30.177979, -97.829113 30.178607, -97.828851 30.179198, -97.828177 30.178873, -97.827594 30.178569, -97.826592 30.178046, -97.822609 30.175996, -97.822423 30.176329, -97.822307 30.176537, -97.821536 30.177705, -97.821035 30.178481, -97.820135 30.179875, -97.819864 30.180307, -97.819199 30.181369, -97.818892 30.181863, -97.818314 30.182772, -97.817007 30.184826, -97.81696 30.1849, -97.816306 30.185927, -97.815814 30.185695, -97.815503 30.18557, -97.81527 30.185528, -97.814972 30.185528, -97.814583 30.185594, -97.814183 30.185665, -97.813916 30.185684, -97.813712 30.185707, -97.813443 30.185689, -97.812823 30.185581, -97.812848 30.185545, -97.814753 30.182852, -97.816448 30.18041, -97.8168 30.179903, -97.817224 30.179248, -97.818003 30.17802, -97.81865 30.176815, -97.819998 30.173889, -97.823733 30.17377, -97.823801 30.173764, -97.823874 30.173763, -97.824834 30.173755, -97.825521 30.173751, -97.82579 30.173747, -97.825949 30.173747, -97.826087 30.173751, -97.826215 30.173758, -97.826387 30.173782, -97.826702 30.173861, -97.826977 30.173941, -97.827157 30.17402, -97.827589 30.174308, -97.827936 30.174589, -97.828096 30.174713, -97.828185 30.174779, -97.828701 30.175165, -97.829282 30.175466, -97.829368 30.1755, -97.829353 30.175531))",34.1,826.0,62000.0,0.0,0.0,678470.0366974884,0.0012174450680543336
"POLYGON ((-97.82588 30.155623, -97.825618 30.156462, -97.825358 30.157245, -97.825005 30.158312, -97.824446 30.160034, -97.82399 30.16157, -97.82343 30.163292, -97.82305 30.164583, -97.823012 30.164714, -97.822597 30.165932, -97.822236 30.167117, -97.82219 30.167146, -97.822137 30.167186, -97.822032 30.167251, -97.822004 30.167258, -97.82197 30.167256, -97.821912 30.167234, -97.82186 30.167203, -97.821761 30.167135, -97.821602 30.167038, -97.821545 30.166989, -97.821498 30.166927, -97.821476 30.166904, -97.821471 30.166873, -97.821469 30.166658, -97.821458 30.166576, -97.821415 30.166447, -97.821385 30.166391, -97.821337 30.166332, -97.821292 30.166307, -97.821241 30.166279, -97.821189 30.166246, -97.821162 30.166215, -97.8211 30.166124, -97.820934 30.165853, -97.820903 30.165757, -97.820886 30.165677, -97.82084 30.165594, -97.820779 30.165515, -97.820731 30.165475, -97.820691 30.165457, -97.820621 30.165444, -97.820373 30.165444, -97.820299 30.165437, -97.820252 30.165422, -97.820169 30.165384, -97.82013 30.165361, -97.820049 30.165296, -97.819987 30.165224, -97.819939 30.165192, -97.81988 30.165174, -97.819832 30.165171, -97.819782 30.165178, -97.819526 30.165244, -97.819477 30.165264, -97.819175 30.165435, -97.819013 30.165508, -97.818957 30.165545, -97.81892 30.165596, -97.818822 30.165816, -97.81879 30.165855, -97.81875 30.165877, -97.818699 30.16589, -97.818616 30.165893, -97.818575 30.165891, -97.818472 30.165873, -97.818194 30.165774, -97.818111 30.165759, -97.818039 30.165736, -97.817919 30.165711, -97.817844 30.165679, -97.817733 30.16563, -97.817697 30.165614, -97.817429 30.165488, -97.817344 30.165455, -97.816931 30.165345, -97.816867 30.165338, -97.816788 30.165348, -97.816725 30.165376, -97.816652 30.165429, -97.81655 30.165519, -97.816505 30.165576, -97.816443 30.165674, -97.816374 30.165747, -97.816329 30.165784, -97.816283 30.165806, -97.816244 30.165815, -97.816198 30.165811, -97.816155 30.165792, -97.816095 30.165735, -97.815931 30.165556, -97.815901 30.165537, -97.815834 30.165517, -97.815769 30.165521, -97.815744 30.165515, -97.81571 30.165496, -97.815647 30.165441, -97.815567 30.165362, -97.81544 30.16526, -97.815234 30.165109, -97.815082 30.164988, -97.815048 30.164945, -97.814942 30.164723, -97.814912 30.164691, -97.814836 30.164642, -97.814719 30.164582, -97.814653 30.16456, -97.81456 30.164537, -97.81447 30.164503, -97.81441 30.16447, -97.814057 30.164243, -97.813953 30.16418, -97.813783 30.164084, -97.81375 30.164052, -97.813727 30.164005, -97.813652 30.163795, -97.813598 30.163673, -97.813543 30.163525, -97.813412 30.163213, -97.813348 30.163109, -97.813311 30.163067, -97.813264 30.163032, -97.81323 30.163014, -97.81314 30.162982, -97.813055 30.162962, -97.812867 30.162934, -97.812754 30.162912, -97.812676 30.162909, -97.812441 30.162931, -97.812359 30.162943, -97.811976 30.163019, -97.81176 30.163055, -97.811604 30.16309, -97.811487 30.163129, -97.811313 30.163209, -97.811212 30.163248, -97.811082 30.163285, -97.810928 30.163313, -97.810671 30.16334, -97.810631 30.163336, -97.810569 30.163312, -97.810448 30.163253, -97.810067 30.163091, -97.809855 30.162993, -97.809735 30.162932, -97.80967 30.16291, -97.809517 30.162872, -97.809386 30.162845, -97.809288 30.162815, -97.809252 30.1628, -97.8092 30.162766, -97.809133 30.162708, -97.809099 30.162696, -97.809049 30.162641, -97.809008 30.162612, -97.808979 30.162599, -97.808802 30.162551, -97.808703 30.162533, -97.808634 30.162509, -97.808601 30.162491, -97.808557 30.162457, -97.808522 30.162412, -97.808494 30.162353, -97.808398 30.162014, -97.808341 30.161846, -97.808277 30.161711, -97.808207 30.16149, -97.808152 30.161247, -97.807996 30.160807, -97.807947 30.160709, -97.807907 30.160663, -97.807851 30.160621, -97.807789 30.160589, -97.807706 30.160563, -97.807603 30.160555, -97.807495 30.160555, -97.807227 30.160582, -97.806976 30.160619, -97.806807 30.16063, -97.806442 30.160666, -97.806261 30.160679, -97.806096 30.160704, -97.805946 30.160746, -97.80573 30.160844, -97.805663 30.160882, -97.805585 30.16092, -97.80553 30.160937, -97.80548 30.160941, -97.805079 30.16093, -97.804682 30.160905, -97.804596 30.160906, -97.804229 30.160985, -97.804165 30.161008, -97.804112 30.161042, -97.804052 30.161104, -97.803914 30.161293, -97.803844 30.161414, -97.803807 30.161492, -97.803755 30.161653, -97.803721 30.16178, -97.803685 30.161836, -97.803645 30.16187, -97.803544 30.161921, -97.803381 30.161984, -97.803293 30.162005, -97.80324 30.162003, -97.803184 30.161989, -97.802925 30.16187, -97.802819 30.161812, -97.802759 30.161764, -97.802487 30.161501, -97.802397 30.161395, -97.802334 30.161303, -97.802312 30.161263, -97.802276 30.161153, -97.802229 30.160915, -97.802182 30.160594, -97.802156 30.16053, -97.802136 30.160496, -97.802056 30.160399, -97.801912 30.160251, -97.80185 30.160202, -97.801779 30.160163, -97.801681 30.160125, -97.801537 30.160082, -97.801411 30.160068, -97.801351 30.160046, -97.801222 30.159989, -97.801099 30.159944, -97.800961 30.159879, -97.800824 30.1598, -97.800711 30.15971, -97.800636 30.159671, -97.800595 30.159656, -97.80049 30.15965, -97.800454 30.15965, -97.800391 30.15965, -97.800313 30.157478, -97.80031 30.156753, -97.80026 30.15568, -97.800377 30.154568, -97.800548 30.154218, -97.801006 30.153176, -97.801555 30.152141, -97.801628 30.15215, -97.801653 30.152157, -97.801718 30.152176, -97.80182 30.152229, -97.80189 30.152277, -97.802042 30.152404, -97.802218 30.152568, -97.802384 30.152697, -97.802712 30.153023, -97.802932 30.153228, -97.803318 30.153634, -97.803416 30.153764, -97.803741 30.154165, -97.80382 30.154256, -97.803887 30.154317, -97.803928 30.154343, -97.80405 30.154398, -97.804154 30.154474, -97.804266 30.154543, -97.804442 30.154633, -97.80454 30.15467, -97.80461 30.154686, -97.804805 30.154704, -97.804927 30.154701, -97.805012 30.154687, -97.805138 30.154682, -97.805527 30.154689, -97.80564 30.154682, -97.80572 30.154663, -97.805844 30.154617, -97.805908 30.154583, -97.805987 30.154528, -97.806026 30.154488, -97.806241 30.154173, -97.806288 30.154124, -97.806822 30.153744, -97.80699 30.15362, -97.807065 30.153544, -97.807119 30.153469, -97.807162 30.153387, -97.807212 30.15325, -97.807222 30.153181, -97.807206 30.152986, -97.80721 30.152932, -97.807226 30.152889, -97.807299 30.152773, -97.807384 30.152607, -97.80749 30.152319, -97.80752 30.152263, -97.807688 30.152066, -97.807749 30.151983, -97.807794 30.151929, -97.807825 30.151901, -97.807909 30.151837, -97.807976 30.151795, -97.808082 30.151742, -97.808143 30.151723, -97.808237 30.151715, -97.808522 30.151721, -97.808615 30.151733, -97.808714 30.151758, -97.808821 30.151798, -97.80888 30.151833, -97.809124 30.152034, -97.80944 30.152275, -97.809518 30.152343, -97.809574 30.152411, -97.809721 30.15265, -97.809784 30.152729, -97.809847 30.152778, -97.810028 30.152895, -97.810156 30.15296, -97.810211 30.152976, -97.810482 30.153001, -97.810543 30.153016, -97.810605 30.153065, -97.810743 30.153147, -97.810864 30.153202, -97.810992 30.153283, -97.811106 30.153371, -97.811228 30.153448, -97.811319 30.153526, -97.811344 30.153539, -97.811409 30.153554, -97.811468 30.153555, -97.811543 30.153533, -97.811583 30.153526, -97.81165 30.153533, -97.811685 30.153543, -97.811698 30.153557, -97.811698 30.153594, -97.811703 30.153628, -97.811722 30.153643, -97.811768 30.153653, -97.811866 30.153643, -97.812462 30.153622, -97.81261 30.153604, -97.812722 30.153575, -97.812966 30.153488, -97.813442 30.153267, -97.81348 30.153247, -97.813678 30.153148, -97.813912 30.153036, -97.814138 30.152914, -97.814366 30.15278, -97.814422 30.152731, -97.814463 30.152674, -97.8145 30.152571, -97.814519 30.152471, -97.814533 30.152326, -97.814526 30.152241, -97.814508 30.152149, -97.814491 30.152091, -97.814417 30.151888, -97.81437 30.151714, -97.814323 30.151607, -97.814211 30.151405, -97.814163 30.151331, -97.814092 30.151236, -97.81402 30.15116, -97.813897 30.151056, -97.813706 30.150883, -97.813527 30.150704, -97.813446 30.150613, -97.813057 30.150098, -97.812918 30.149888, -97.812747 30.14956, -97.812722 30.149491, -97.812673 30.149242, -97.812639 30.148916, -97.812644 30.148791, -97.812663 30.14867, -97.81276 30.148215, -97.812788 30.148163, -97.812829 30.148112, -97.812898 30.148053, -97.81296 30.148017, -97.813054 30.147975, -97.813137 30.147952, -97.813231 30.147946, -97.813328 30.147955, -97.813369 30.147957, -97.81344 30.148028, -97.813695 30.148284, -97.814239 30.148831, -97.81448 30.149075, -97.814661 30.149253, -97.814961 30.149354, -97.815149 30.149416, -97.81531 30.149471, -97.815353 30.149483, -97.81564 30.149632, -97.815775 30.149699, -97.815966 30.149773, -97.816159 30.149847, -97.816238 30.149877, -97.816309 30.149905, -97.816407 30.149942, -97.816435 30.149952, -97.816469 30.149964, -97.816497 30.149975, -97.816585 30.149978, -97.816867 30.14998, -97.817184 30.149982, -97.817332 30.149965, -97.817439 30.149951, -97.817592 30.149932, -97.817612 30.14993, -97.817712 30.149923, -97.817766 30.149916, -97.81796 30.149887, -97.818097 30.149857, -97.818187 30.149854, -97.818242 30.149856, -97.818303 30.149849, -97.818349 30.149833, -97.818508 30.149718, -97.818555 30.1497, -97.818646 30.149684, -97.818853 30.149637, -97.818932 30.149612, -97.818993 30.149579, -97.819032 30.149541, -97.819053 30.149501, -97.819068 30.149426, -97.819071 30.149325, -97.819064 30.149204, -97.81941 30.149103, -97.819656 30.149045, -97.819894 30.148983, -97.819998 30.148949, -97.820346 30.148815, -97.820531 30.148748, -97.8207 30.148697, -97.821228 30.148595, -97.821815 30.148552, -97.821995 30.148531, -97.822346 30.14847, -97.822785 30.148374, -97.822951 30.148316, -97.823057 30.14828, -97.823126 30.148272, -97.823312 30.148289, -97.823425 30.148311, -97.82351 30.14834, -97.823726 30.148443, -97.823953 30.148543, -97.82408 30.148616, -97.824385 30.148821, -97.824466 30.148885, -97.824506 30.148933, -97.824635 30.149134, -97.824683 30.149189, -97.824746 30.149241, -97.824954 30.149382, -97.824979 30.149419, -97.824996 30.14949, -97.824996 30.149575, -97.82497 30.149654, -97.824921 30.14977, -97.824899 30.149808, -97.824805 30.149923, -97.824671 30.1501, -97.824564 30.150214, -97.82449 30.150276, -97.824396 30.150337, -97.824223 30.150425, -97.824121 30.150495, -97.82407 30.150543, -97.824049 30.150572, -97.824013 30.150642, -97.823991 30.150662, -97.823971 30.150696, -97.823834 30.15114, -97.823798 30.151277, -97.82378 30.151369, -97.82379 30.151624, -97.823789 30.151684, -97.82366 30.152032, -97.823604 30.15217, -97.823591 30.152225, -97.823587 30.152336, -97.823594 30.152398, -97.823619 30.152483, -97.823684 30.152641, -97.823739 30.152736, -97.823794 30.152806, -97.823864 30.152905, -97.823887 30.152949, -97.823951 30.153167, -97.823967 30.153194, -97.823987 30.153276, -97.824015 30.153358, -97.824126 30.153573, -97.824198 30.153684, -97.824359 30.153881, -97.824888 30.154381, -97.825044 30.154514, -97.82521 30.154641, -97.825371 30.154751, -97.825444 30.154815, -97.825517 30.154899, -97.825597 30.155013, -97.825695 30.155195, -97.825773 30.155394, -97.825849 30.155568, -97.82588 30.155623))",39.4,3466.0,166426.0,64.0,67.0,3076629.60881343,0.0011265574478225018
"POLYGON ((-97.833339 30.159665, -97.833254 30.160104, -97.833138 30.160462, -97.832927 30.160785, -97.832891 30.160842, -97.832004 30.162018, -97.831905 30.16196, -97.831786 30.161889, -97.831593 30.161766, -97.831385 30.161669, -97.831325 30.16163, -97.831309 30.161617, -97.831201 30.161534, -97.831143 30.161498, -97.830862 30.161362, -97.830058 30.160935, -97.829759 30.16078, -97.829687 30.160724, -97.829615 30.160647, -97.829578 30.160598, -97.829555 30.160542, -97.829344 30.160357, -97.829324 30.160328, -97.829291 30.160246, -97.829126 30.159982, -97.829071 30.159924, -97.828947 30.159834, -97.828844 30.159733, -97.828797 30.15967, -97.828758 30.159588, -97.828729 30.159556, -97.828629 30.159484, -97.828389 30.159322, -97.82831 30.159253, -97.828275 30.159204, -97.828258 30.159153, -97.828236 30.159064, -97.828222 30.159002, -97.828206 30.158964, -97.82818 30.158925, -97.828031 30.158759, -97.827925 30.158589, -97.827834 30.158488, -97.827738 30.158361, -97.827658 30.158237, -97.827616 30.158149, -97.827601 30.15808, -97.827597 30.158014, -97.827623 30.15787, -97.827614 30.157794, -97.827595 30.157736, -97.82756 30.157669, -97.827478 30.157553, -97.827396 30.157455, -97.827194 30.157256, -97.827032 30.157113, -97.827002 30.157077, -97.826931 30.156976, -97.826787 30.15681, -97.826719 30.156709, -97.826679 30.156631, -97.826622 30.156496, -97.826516 30.156298, -97.826457 30.156206, -97.826401 30.156141, -97.82631 30.156061, -97.82618 30.155971, -97.826082 30.155863, -97.826011 30.155776, -97.825992 30.155753, -97.825944 30.155717, -97.8259 30.155715, -97.825891 30.155653, -97.82588 30.155623, -97.826464 30.15375, -97.826566 30.153442, -97.827641 30.150206, -97.827754 30.149703, -97.827884 30.149171, -97.827945 30.148913, -97.828265 30.147561, -97.828293 30.147444, -97.828428 30.14687, -97.828798 30.145308, -97.828929 30.144758, -97.82999 30.140571, -97.830299 30.140559, -97.831403 30.140582, -97.832968 30.140522, -97.832953 30.141974, -97.832951 30.142056, -97.833048 30.145195, -97.833104 30.147002, -97.833117 30.147451, -97.833136 30.148045, -97.833149 30.148411, -97.833175 30.149111, -97.83319 30.149511, -97.833198 30.149737, -97.833199 30.149834, -97.833205 30.150392, -97.83325 30.152516, -97.833255 30.152761, -97.833266 30.153267, -97.833288 30.154373, -97.833279 30.154714, -97.833304 30.157124, -97.833305 30.158755, -97.833372 30.159499, -97.833339 30.159665))",45.9,2146.0,121592.0,52.0,36.0,1139087.4641215175,0.0018839641973015914
"POLYGON ((-97.856378 30.152856, -97.85557 30.153162, -97.855248 30.153299, -97.854898 30.153424, -97.854381 30.153546, -97.853864 30.153693, -97.853512 30.153881, -97.853098 30.154286, -97.852575 30.154773, -97.852466 30.154892, -97.852369 30.155017, -97.852268 30.155177, -97.852155 30.155409, -97.851933 30.15588, -97.851859 30.156063, -97.851797 30.156282, -97.851543 30.156233, -97.85146 30.156212, -97.85128 30.156154, -97.851114 30.156076, -97.85098 30.155999, -97.850927 30.15596, -97.850469 30.155585, -97.850311 30.155455, -97.850204 30.155376, -97.850073 30.155297, -97.849908 30.155217, -97.84979 30.15517, -97.849673 30.15513, -97.849443 30.155081, -97.849267 30.155058, -97.849114 30.155053, -97.847312 30.155102, -97.847285 30.154337, -97.847236 30.152548, -97.846372 30.152555, -97.846111 30.152561, -97.845879 30.152567, -97.845491 30.152562, -97.845501 30.154046, -97.844978 30.154059, -97.844685 30.154067, -97.843887 30.154086, -97.843198 30.154094, -97.843085 30.154081, -97.842977 30.154051, -97.842886 30.154012, -97.842861 30.153998, -97.842606 30.153806, -97.841984 30.15336, -97.841315 30.152928, -97.841232 30.152871, -97.841124 30.152988, -97.841064 30.153053, -97.840951 30.153167, -97.840878 30.153223, -97.840848 30.153248, -97.840746 30.153312, -97.840622 30.153368, -97.840494 30.153408, -97.840367 30.153431, -97.83986 30.15345, -97.839454 30.1534, -97.839413 30.153393, -97.839372 30.153389, -97.838327 30.153237, -97.838135 30.153215, -97.838049 30.153214, -97.838008 30.153217, -97.837949 30.153223, -97.837912 30.153233, -97.837816 30.153259, -97.837592 30.153355, -97.837491 30.153415, -97.837386 30.153493, -97.837291 30.153584, -97.837227 30.153675, -97.837157 30.153809, -97.837141 30.153839, -97.837125 30.153871, -97.836649 30.154783, -97.836594 30.15485, -97.836526 30.154897, -97.836455 30.154938, -97.836364 30.154979, -97.836268 30.154999, -97.836133 30.155014, -97.835942 30.155016, -97.835824 30.15501, -97.83562 30.15501, -97.835501 30.15501, -97.83537 30.15499, -97.835218 30.154952, -97.834933 30.154863, -97.834642 30.154782, -97.834334 30.154697, -97.834169 30.154673, -97.833882 30.154669, -97.833578 30.154671, -97.833484 30.154679, -97.833415 30.154712, -97.833279 30.154714, -97.833288 30.154373, -97.833266 30.153267, -97.833255 30.152761, -97.83325 30.152516, -97.833205 30.150392, -97.833199 30.149834, -97.835448 30.149741, -97.836035 30.149698, -97.83627 30.14971, -97.83703 30.149651, -97.8375 30.149641, -97.838036 30.149628, -97.838665 30.149614, -97.839025 30.149606, -97.839043 30.149607, -97.839069 30.149608, -97.839088 30.149608, -97.839146 30.149609, -97.842576 30.149532, -97.843552 30.149515, -97.846116 30.149475, -97.846428 30.149471, -97.847103 30.149461, -97.847737 30.149447, -97.848505 30.149429, -97.848613 30.149426, -97.848953 30.149419, -97.849419 30.149408, -97.850264 30.14939, -97.851768 30.149357, -97.852056 30.149351, -97.853366 30.148944, -97.853938 30.148766, -97.854857 30.148482, -97.856039 30.150861, -97.856255 30.151321, -97.85689 30.15267, -97.856378 30.152856))",35.8,2161.0,158157.0,85.0,10.0,1144571.364824962,0.0018880430407504376
"POLYGON ((-97.946173 30.557244, -97.946109 30.557853, -97.94608 30.55814, -97.946064 30.558298, -97.946011 30.558583, -97.945967 30.558815, -97.945931 30.559007, -97.945908 30.559134, -97.94578 30.559387, -97.945403 30.560493, -97.945391 30.560588, -97.945342 30.560992, -97.945272 30.561368, -97.945269 30.561529, -97.945289 30.561671, -97.945332 30.561885, -97.94547 30.562221, -97.945562 30.562461, -97.945625 30.562708, -97.945651 30.563012, -97.945638 30.563361, -97.945526 30.564184, -97.945414 30.564678, -97.945118 30.565811, -97.944953 30.566239, -97.944716 30.566773, -97.944624 30.567004, -97.944558 30.567254, -97.944544 30.567517, -97.944518 30.568018, -97.944485 30.568288, -97.944426 30.568499, -97.94436 30.568664, -97.944241 30.568965, -97.943892 30.569441, -97.942156 30.57194, -97.94184 30.572391, -97.940514 30.574319, -97.940285 30.574733, -97.940163 30.575195, -97.940086 30.575593, -97.939965 30.575877, -97.939534 30.576581, -97.939485 30.576671, -97.939429 30.576857, -97.939386 30.577095, -97.939355 30.57776, -97.939255 30.578193, -97.939081 30.578553, -97.938867 30.578868, -97.938199 30.579589, -97.937803 30.579945, -97.937043 30.580498, -97.936737 30.580607, -97.936461 30.58066, -97.934934 30.580557, -97.934172 30.580708, -97.933526 30.580836, -97.932148 30.581251, -97.931426 30.581339, -97.929799 30.581402, -97.929188 30.581377, -97.927958 30.581081, -97.927865 30.581059, -97.927816 30.581047, -97.927761 30.581034, -97.926233 30.580598, -97.925726 30.580453, -97.925537 30.580406, -97.924892 30.580188, -97.924409 30.579959, -97.924034 30.579693, -97.923588 30.579377, -97.923351 30.579163, -97.922856 30.578645, -97.922223 30.577984, -97.921888 30.577722, -97.921191 30.577258, -97.920737 30.576936, -97.920444 30.576768, -97.920139 30.576633, -97.919599 30.576461, -97.919033 30.576328, -97.919151 30.576198, -97.919388 30.575939, -97.921797 30.573313, -97.926985 30.567654, -97.921825 30.564231, -97.919461 30.565131, -97.919386 30.56516, -97.911289 30.568331, -97.911352 30.568217, -97.912485 30.567101, -97.913876 30.565372, -97.914486 30.564584, -97.914877 30.564039, -97.91537 30.563407, -97.915481 30.563257, -97.915555 30.563101, -97.915579 30.563009, -97.915638 30.562782, -97.915653 30.562487, -97.915755 30.560927, -97.915813 30.559869, -97.915894 30.559497, -97.915919 30.559381, -97.915955 30.559214, -97.915977 30.559119, -97.916151 30.557706, -97.916289 30.557241, -97.91668 30.556786, -97.917008 30.556307, -97.917024 30.556159, -97.917031 30.556107, -97.916728 30.555485, -97.916828 30.555267, -97.917081 30.555218, -97.917685 30.555293, -97.918066 30.555065, -97.918017 30.554724, -97.917918 30.554025, -97.917837 30.553455, -97.917701 30.553408, -97.917565 30.553361, -97.917341 30.553284, -97.917235 30.553148, -97.917112 30.55299, -97.916991 30.552834, -97.916475 30.552552, -97.916035 30.552311, -97.916003 30.552196, -97.915978 30.552105, -97.915932 30.551941, -97.916086 30.551439, -97.916099 30.551071, -97.916145 30.549714, -97.91616 30.549217, -97.916036 30.548848, -97.915887 30.548408, -97.915863 30.548191, -97.915927 30.547974, -97.91613 30.547605, -97.916208 30.547444, -97.91645 30.5471, -97.916469 30.547081, -97.916498 30.547051, -97.916648 30.546898, -97.916689 30.546856, -97.916828 30.546905, -97.916885 30.546938, -97.91698 30.547021, -97.917041 30.547067, -97.917108 30.547098, -97.917202 30.547128, -97.917262 30.547137, -97.917494 30.547143, -97.917786 30.547102, -97.918188 30.547069, -97.918831 30.546801, -97.919012 30.546562, -97.919142 30.546336, -97.919244 30.546176, -97.919295 30.546094, -97.919317 30.546007, -97.919475 30.5456, -97.919417 30.545198, -97.919402 30.544344, -97.919446 30.544272, -97.919535 30.544126, -97.919576 30.544058, -97.919621 30.543978, -97.919703 30.543829, -97.919789 30.543676, -97.919875 30.543495, -97.919936 30.543368, -97.920014 30.543203, -97.920075 30.543076, -97.920136 30.542949, -97.920196 30.542822, -97.920257 30.542695, -97.920318 30.542568, -97.920378 30.542441, -97.920439 30.542313, -97.9205 30.542186, -97.92056 30.542059, -97.920621 30.541932, -97.920682 30.541805, -97.920742 30.541678, -97.92081 30.541535, -97.920839 30.541508, -97.92098 30.541379, -97.921089 30.541279, -97.921199 30.541178, -97.921308 30.541078, -97.921424 30.540971, -97.921568 30.540742, -97.921583 30.540618, -97.921535 30.540454, -97.92151 30.54035, -97.921509 30.540264, -97.921493 30.540224, -97.921378 30.540072, -97.921317 30.539952, -97.921274 30.539874, -97.920965 30.539479, -97.920924 30.53941, -97.920904 30.539368, -97.920747 30.539006, -97.920708 30.538943, -97.920655 30.538892, -97.920565 30.538816, -97.920368 30.538618, -97.920228 30.538442, -97.920075 30.538266, -97.919807 30.538014, -97.919761 30.537966, -97.91973 30.537912, -97.919712 30.537852, -97.91971 30.537821, -97.91972 30.537761, -97.919711 30.537646, -97.919716 30.537523, -97.919705 30.53748, -97.91968 30.53743, -97.919625 30.537343, -97.9196 30.537324, -97.919515 30.537294, -97.919245 30.537213, -97.919142 30.537182, -97.919083 30.537152, -97.919021 30.537107, -97.91885 30.536952, -97.918785 30.536872, -97.918708 30.536753, -97.918675 30.536677, -97.918669 30.536631, -97.918673 30.536595, -97.918702 30.53651, -97.918743 30.53644, -97.9188 30.536369, -97.918925 30.536271, -97.918991 30.536188, -97.919087 30.53603, -97.919117 30.53597, -97.919159 30.535855, -97.919173 30.535774, -97.91917 30.535692, -97.919159 30.53564, -97.919131 30.535558, -97.919247 30.535556, -97.919366 30.535548, -97.91976 30.535471, -97.919874 30.535456, -97.920033 30.535453, -97.920275 30.535462, -97.920438 30.535463, -97.920501 30.535459, -97.920651 30.535437, -97.920993 30.535401, -97.921125 30.535378, -97.921168 30.535368, -97.921199 30.53535, -97.921254 30.535292, -97.921304 30.53522, -97.921297 30.535155, -97.921483 30.535115, -97.923392 30.536092, -97.92356 30.536178, -97.923596 30.536122, -97.926476 30.53167, -97.927938 30.529383, -97.927924 30.529374, -97.927888 30.529338, -97.927858 30.52929, -97.927786 30.529142, -97.927777 30.529099, -97.927818 30.528592, -97.927812 30.528455, -97.92778 30.528197, -97.92778 30.528111, -97.927807 30.527959, -97.927812 30.527872, -97.927804 30.527828, -97.927734 30.527707, -97.927693 30.527626, -97.92765 30.527567, -97.927578 30.527418, -97.927555 30.527352, -97.927553 30.527317, -97.927568 30.527259, -97.927609 30.52719, -97.92765 30.527151, -97.927693 30.527135, -97.927857 30.5271, -97.927887 30.52708, -97.927985 30.526848, -97.928022 30.526816, -97.928349 30.527448, -97.928433 30.527609, -97.928839 30.527822, -97.929971 30.528416, -97.931379 30.529611, -97.932264 30.529934, -97.933397 30.530347, -97.934869 30.531359, -97.935086 30.531784, -97.935376 30.532145, -97.936551 30.533608, -97.936911 30.533834, -97.936957 30.533863, -97.938353 30.534342, -97.938681 30.534569, -97.938795 30.534648, -97.939326 30.535593, -97.939341 30.535638, -97.939485 30.536064, -97.940204 30.5382, -97.94013 30.53877, -97.939739 30.539437, -97.939541 30.539651, -97.939387 30.539774, -97.939134 30.539937, -97.938875 30.540122, -97.938727 30.540301, -97.938762 30.5405, -97.938734 30.540931, -97.938807 30.54118, -97.93884 30.541332, -97.93894 30.541603, -97.939008 30.541734, -97.939078 30.541868, -97.939125 30.541959, -97.939509 30.542304, -97.939709 30.542412, -97.940407 30.542813, -97.940731 30.54302, -97.940996 30.543297, -97.941167 30.543402, -97.94127 30.543566, -97.941389 30.543901, -97.941684 30.545606, -97.941834 30.546198, -97.941991 30.546723, -97.942317 30.547807, -97.942644 30.548685, -97.942863 30.549256, -97.943165 30.549957, -97.943322 30.550183, -97.943376 30.550261, -97.943495 30.550527, -97.943673 30.551136, -97.943688 30.551207, -97.943864 30.55201, -97.944052 30.552864, -97.944241 30.553085, -97.944371 30.553256, -97.944799 30.553821, -97.945374 30.554663, -97.946012 30.555709, -97.94624 30.556362, -97.946173 30.557244))",46.3,351.0,123244.0,9.0,0.0,11808375.575490508,2.9724664307640793e-05
"POLYGON ((-97.918066 30.555065, -97.917685 30.555293, -97.917081 30.555218, -97.916828 30.555267, -97.916728 30.555485, -97.917031 30.556107, -97.917024 30.556159, -97.917008 30.556307, -97.91668 30.556786, -97.916289 30.557241, -97.916151 30.557706, -97.915977 30.559119, -97.915955 30.559214, -97.915919 30.559381, -97.915894 30.559497, -97.915813 30.559869, -97.915805 30.559451, -97.915804 30.559415, -97.915804 30.559127, -97.915804 30.559011, -97.915804 30.558789, -97.915829 30.558485, -97.915849 30.558267, -97.915849 30.558187, -97.915841 30.558148, -97.915822 30.558111, -97.915781 30.558076, -97.915722 30.558049, -97.914692 30.557801, -97.914963 30.556925, -97.915104 30.556467, -97.915162 30.556245, -97.915186 30.556031, -97.91517 30.555899, -97.915129 30.555734, -97.915013 30.555479, -97.912782 30.550942, -97.912641 30.550688, -97.912617 30.550645, -97.912518 30.550514, -97.912329 30.550316, -97.912115 30.550143, -97.911876 30.549987, -97.911571 30.549855, -97.908195 30.54876, -97.90775 30.54862, -97.907503 30.548587, -97.907158 30.548611, -97.906853 30.548677, -97.906598 30.548809, -97.906301 30.549023, -97.906087 30.549294, -97.905997 30.549225, -97.905799 30.549143, -97.905601 30.549077, -97.905371 30.549044, -97.90505 30.549036, -97.904687 30.549036, -97.904308 30.548994, -97.903781 30.548912, -97.903271 30.548838, -97.902942 30.548756, -97.902579 30.548624, -97.902251 30.548455, -97.902081 30.548342, -97.901968 30.548248, -97.901818 30.548104, -97.901717 30.547979, -97.901586 30.547803, -97.901504 30.547646, -97.901435 30.547477, -97.901273 30.547032, -97.901229 30.546883, -97.901208 30.54679, -97.90119 30.546698, -97.901177 30.546592, -97.901157 30.546417, -97.901156 30.546322, -97.901173 30.54604, -97.901179 30.545945, -97.901196 30.545747, -97.901203 30.545649, -97.901207 30.545552, -97.901213 30.545358, -97.901215 30.54526, -97.901212 30.545162, -97.901199 30.544974, -97.901195 30.544876, -97.901186 30.544686, -97.901179 30.544595, -97.90117 30.544301, -97.901167 30.544199, -97.901159 30.543978, -97.901147 30.543624, -97.901147 30.543503, -97.901151 30.54338, -97.901159 30.5432, -97.901145 30.54304, -97.901148 30.542952, -97.90117 30.542607, -97.901175 30.542326, -97.901189 30.542149, -97.901189 30.541932, -97.901205 30.54171, -97.901223 30.541412, -97.901214 30.541195, -97.901195 30.541045, -97.90117 30.540922, -97.901148 30.540803, -97.901101 30.540663, -97.901077 30.540532, -97.901043 30.540437, -97.900971 30.540252, -97.900931 30.54016, -97.900841 30.539978, -97.900793 30.539884, -97.900742 30.539791, -97.900634 30.539607, -97.900576 30.53952, -97.9004 30.53927, -97.900343 30.539194, -97.900234 30.539058, -97.90018 30.538994, -97.900124 30.538929, -97.900007 30.538803, -97.899948 30.538742, -97.899889 30.538683, -97.899771 30.538568, -97.899711 30.538513, -97.89965 30.538459, -97.899616 30.538429, -97.899457 30.538288, -97.899386 30.538228, -97.89931 30.538167, -97.899229 30.538107, -97.899046 30.537992, -97.898942 30.53794, -97.898829 30.537893, -97.898591 30.537826, -97.898464 30.537803, -97.898337 30.537788, -97.898072 30.537788, -97.897931 30.537802, -97.897624 30.537852, -97.897471 30.537881, -97.897186 30.537938, -97.897055 30.537955, -97.896929 30.537958, -97.896521 30.537915, -97.896367 30.537885, -97.896239 30.537826, -97.895958 30.537718, -97.89578 30.537567, -97.895672 30.537416, -97.895635 30.537343, -97.895605 30.537273, -97.895578 30.537203, -97.895556 30.537143, -97.895527 30.537062, -97.89544 30.536838, -97.895409 30.536757, -97.895343 30.536577, -97.8953 30.536479, -97.895239 30.536378, -97.89506 30.536212, -97.895038 30.536191, -97.894791 30.536048, -97.894759 30.53603, -97.89461 30.535957, -97.894463 30.535887, -97.894373 30.535844, -97.894182 30.535754, -97.894052 30.535691, -97.893762 30.535545, -97.893699 30.535513, -97.893588 30.535458, -97.893479 30.535403, -97.893374 30.535345, -97.893185 30.535213, -97.893102 30.535137, -97.893042 30.535072, -97.893024 30.535053, -97.892887 30.534861, -97.892822 30.534759, -97.892751 30.534663, -97.892579 30.534513, -97.892478 30.534461, -97.892375 30.53442, -97.892173 30.534356, -97.892078 30.534332, -97.891989 30.53431, -97.891908 30.534288, -97.891833 30.534263, -97.891681 30.534195, -97.891599 30.534148, -97.891516 30.534092, -97.891437 30.534029, -97.891252 30.533806, -97.89115 30.533665, -97.891104 30.533596, -97.891081 30.533564, -97.891058 30.533532, -97.890952 30.533411, -97.890932 30.533392, -97.89089 30.533352, -97.89082 30.533291, -97.890751 30.533238, -97.890663 30.53317, -97.89058 30.533112, -97.890497 30.533055, -97.890416 30.532997, -97.890334 30.532941, -97.890087 30.532783, -97.889924 30.532676, -97.889763 30.53257, -97.889619 30.532473, -97.889554 30.532433, -97.889493 30.532394, -97.889434 30.532358, -97.889334 30.532297, -97.889405 30.532215, -97.889472 30.532132, -97.889539 30.532045, -97.889671 30.531865, -97.889734 30.531773, -97.889794 30.531681, -97.889904 30.531493, -97.889956 30.531395, -97.890008 30.531293, -97.890103 30.531092, -97.890156 30.530993, -97.890271 30.5308, -97.890327 30.530707, -97.890388 30.530618, -97.89052 30.530444, -97.890662 30.530277, -97.890739 30.530198, -97.890818 30.530119, -97.890975 30.529972, -97.891143 30.529832, -97.891231 30.529764, -97.891321 30.529697, -97.891414 30.529632, -97.891607 30.529509, -97.891706 30.529453, -97.891805 30.5294, -97.891903 30.529352, -97.892097 30.529263, -97.89219 30.529219, -97.892282 30.529175, -97.892373 30.529131, -97.892553 30.529045, -97.892642 30.529003, -97.89273 30.528961, -97.892818 30.52892, -97.892992 30.528839, -97.893078 30.528798, -97.893164 30.528758, -97.89325 30.528718, -97.893412 30.528642, -97.89349 30.528608, -97.893567 30.528574, -97.893641 30.52854, -97.893709 30.528507, -97.893862 30.528431, -97.894803 30.528029, -97.894938 30.527971, -97.895057 30.527931, -97.895156 30.527918, -97.895366 30.527918, -97.895685 30.527933, -97.895951 30.527946, -97.895728 30.528192, -97.895685 30.528252, -97.895568 30.528414, -97.895485 30.52854, -97.895474 30.528573, -97.89547 30.528633, -97.89551 30.528952, -97.895529 30.529039, -97.895581 30.529192, -97.895674 30.529375, -97.895752 30.529508, -97.895832 30.529611, -97.895891 30.529667, -97.896044 30.529766, -97.89639 30.529949, -97.896564 30.530063, -97.896626 30.530115, -97.896791 30.530291, -97.896855 30.530362, -97.896901 30.530422, -97.896944 30.530501, -97.896973 30.530577, -97.896987 30.53066, -97.896989 30.530735, -97.896981 30.530793, -97.896942 30.530925, -97.896787 30.531363, -97.896757 30.531485, -97.896741 30.531597, -97.896739 30.531698, -97.896755 30.531776, -97.896786 30.531841, -97.896822 30.531879, -97.896856 30.531903, -97.896897 30.531911, -97.896953 30.531904, -97.897156 30.531844, -97.897448 30.531783, -97.897502 30.531765, -97.897557 30.531733, -97.89768 30.531627, -97.897761 30.531583, -97.897849 30.531544, -97.897923 30.531521, -97.897989 30.531519, -97.898126 30.531551, -97.898219 30.531585, -97.898267 30.531617, -97.898313 30.531675, -97.898347 30.531743, -97.898374 30.531819, -97.898401 30.53196, -97.898404 30.532053, -97.898396 30.532175, -97.898363 30.532431, -97.89828 30.532924, -97.898201 30.533539, -97.898101 30.534352, -97.898034 30.534632, -97.897989 30.534836, -97.897965 30.534893, -97.897928 30.534959, -97.897874 30.535024, -97.897816 30.535071, -97.897754 30.535101, -97.897618 30.535133, -97.897396 30.53518, -97.897317 30.535197, -97.897268 30.535215, -97.897218 30.535247, -97.897142 30.535313, -97.897071 30.535392, -97.897008 30.535482, -97.896959 30.535571, -97.896927 30.53565, -97.896909 30.535731, -97.896896 30.535837, -97.896899 30.535912, -97.896912 30.535981, -97.89694 30.53605, -97.896986 30.536121, -97.897073 30.536221, -97.897138 30.53628, -97.897253 30.536347, -97.897463 30.536438, -97.897635 30.536499, -97.897719 30.536515, -97.897845 30.536522, -97.89835 30.536534, -97.898856 30.536547, -97.899007 30.536562, -97.899624 30.536654, -97.899812 30.536695, -97.899922 30.536727, -97.900017 30.536769, -97.900087 30.536817, -97.900149 30.53688, -97.900208 30.536961, -97.900245 30.53703, -97.900275 30.537108, -97.900291 30.537171, -97.900302 30.537303, -97.900296 30.537452, -97.900315 30.537519, -97.900344 30.537569, -97.900411 30.537654, -97.900446 30.537691, -97.900637 30.537864, -97.900971 30.538124, -97.90127 30.538357, -97.901411 30.538471, -97.901528 30.53858, -97.901833 30.538916, -97.90195 30.539073, -97.902049 30.539223, -97.902111 30.539328, -97.90223 30.539577, -97.902434 30.539928, -97.902535 30.540085, -97.902573 30.540122, -97.902614 30.54014, -97.902682 30.540148, -97.902722 30.540145, -97.902836 30.540112, -97.903017 30.540042, -97.9031 30.540016, -97.903176 30.540002, -97.903215 30.539999, -97.903533 30.540001, -97.903641 30.540013, -97.903717 30.540034, -97.903992 30.540141, -97.904063 30.540178, -97.904115 30.540219, -97.904163 30.540275, -97.90424 30.540407, -97.904352 30.540624, -97.904388 30.540715, -97.904513 30.54123, -97.904547 30.541327, -97.904589 30.54141, -97.904637 30.541472, -97.904695 30.541522, -97.904763 30.541563, -97.90491 30.54163, -97.905089 30.541683, -97.905576 30.541866, -97.905669 30.541907, -97.905895 30.542024, -97.906112 30.542153, -97.906262 30.542251, -97.906456 30.542389, -97.906518 30.54244, -97.906587 30.542514, -97.90668 30.542648, -97.906767 30.542762, -97.906838 30.542842, -97.906949 30.542941, -97.907308 30.543218, -97.907504 30.543342, -97.907576 30.543405, -97.907703 30.543539, -97.907798 30.543665, -97.90787 30.543784, -97.907898 30.543856, -97.907934 30.544022, -97.907957 30.544077, -97.908013 30.544158, -97.908076 30.544217, -97.908142 30.544257, -97.908181 30.544273, -97.908281 30.544292, -97.908418 30.544305, -97.908579 30.544309, -97.9088 30.544303, -97.908873 30.544294, -97.90896 30.544272, -97.909059 30.544234, -97.909133 30.544193, -97.909197 30.544145, -97.90929 30.544065, -97.909367 30.544007, -97.909404 30.543987, -97.909512 30.543941, -97.909582 30.543922, -97.909654 30.543914, -97.909721 30.54392, -97.909758 30.543932, -97.909793 30.543952, -97.909848 30.544003, -97.90988 30.544049, -97.909942 30.544174, -97.909987 30.544292, -97.910013 30.544388, -97.910035 30.544567, -97.910074 30.544685, -97.910107 30.544749, -97.910162 30.544814, -97.910257 30.544898, -97.910392 30.545, -97.910533 30.54509, -97.910588 30.545115, -97.910663 30.545137, -97.910708 30.545144, -97.910782 30.545143, -97.910863 30.545129, -97.910918 30.54511, -97.911004 30.545065, -97.911061 30.545041, -97.911171 30.545018, -97.911212 30.545019, -97.911316 30.545048, -97.911371 30.545059, -97.911419 30.545062, -97.911447 30.545052, -97.911505 30.545007, -97.911561 30.544983, -97.91162 30.544969, -97.91173 30.544962, -97.911928 30.544967, -97.911969 30.544979, -97.91219 30.545145, -97.91222 30.544815, -97.912336 30.54461, -97.91245 30.544576, -97.913221 30.54435, -97.913454 30.544431, -97.913693 30.54436, -97.91439 30.544226, -97.914638 30.544332, -97.914963 30.544493, -97.915521 30.545133, -97.916089 30.545715, -97.916857 30.546686, -97.916689 30.546856, -97.916648 30.546898, -97.916498 30.547051, -97.916469 30.547081, -97.91645 30.5471, -97.916208 30.547444, -97.91613 30.547605, -97.915927 30.547974, -97.915863 30.548191, -97.915887 30.548408, -97.916036 30.548848, -97.91616 30.549217, -97.916145 30.549714, -97.916099 30.551071, -97.916086 30.551439, -97.915932 30.551941, -97.915978 30.552105, -97.916003 30.552196, -97.916035 30.552311, -97.916475 30.552552, -97.916991 30.552834, -97.917112 30.55299, -97.917235 30.553148, -97.917341 30.553284, -97.917565 30.553361, -97.917701 30.553408, -97.917837 30.553455, -97.917918 30.554025, -97.918017 30.554724, -97.918066 30.555065))",51.0,515.0,180000.0,15.0,0.0,1806768.5323013763,0.00028503927912891937
"POLYGON ((-97.927985 30.526848, -97.927887 30.52708, -97.927857 30.5271, -97.927693 30.527135, -97.92765 30.527151, -97.927609 30.52719, -97.927568 30.527259, -97.927553 30.527317, -97.927555 30.527352, -97.927578 30.527418, -97.92765 30.527567, -97.927693 30.527626, -97.927734 30.527707, -97.927804 30.527828, -97.927812 30.527872, -97.927807 30.527959, -97.92778 30.528111, -97.92778 30.528197, -97.927812 30.528455, -97.927818 30.528592, -97.927777 30.529099, -97.927786 30.529142, -97.927858 30.52929, -97.927888 30.529338, -97.927924 30.529374, -97.927938 30.529383, -97.926476 30.53167, -97.923596 30.536122, -97.92356 30.536178, -97.923392 30.536092, -97.921483 30.535115, -97.921297 30.535155, -97.921304 30.53522, -97.921254 30.535292, -97.921199 30.53535, -97.921168 30.535368, -97.921125 30.535378, -97.920993 30.535401, -97.920651 30.535437, -97.920501 30.535459, -97.920438 30.535463, -97.920275 30.535462, -97.920033 30.535453, -97.919874 30.535456, -97.91976 30.535471, -97.919366 30.535548, -97.919247 30.535556, -97.919131 30.535558, -97.919159 30.53564, -97.91917 30.535692, -97.919173 30.535774, -97.919159 30.535855, -97.919117 30.53597, -97.919087 30.53603, -97.918991 30.536188, -97.918925 30.536271, -97.9188 30.536369, -97.918743 30.53644, -97.918702 30.53651, -97.918673 30.536595, -97.918669 30.536631, -97.918675 30.536677, -97.918708 30.536753, -97.918785 30.536872, -97.91885 30.536952, -97.919021 30.537107, -97.919083 30.537152, -97.919142 30.537182, -97.919245 30.537213, -97.919515 30.537294, -97.9196 30.537324, -97.919625 30.537343, -97.91968 30.53743, -97.919705 30.53748, -97.919716 30.537523, -97.919711 30.537646, -97.91972 30.537761, -97.91971 30.537821, -97.919712 30.537852, -97.91973 30.537912, -97.919761 30.537966, -97.919807 30.538014, -97.920075 30.538266, -97.920228 30.538442, -97.920368 30.538618, -97.920565 30.538816, -97.920655 30.538892, -97.920708 30.538943, -97.920747 30.539006, -97.920904 30.539368, -97.920924 30.53941, -97.920965 30.539479, -97.921274 30.539874, -97.921317 30.539952, -97.921378 30.540072, -97.921493 30.540224, -97.921509 30.540264, -97.92151 30.54035, -97.921535 30.540454, -97.921583 30.540618, -97.921568 30.540742, -97.921424 30.540971, -97.921308 30.541078, -97.921199 30.541178, -97.921089 30.541279, -97.92098 30.541379, -97.920839 30.541508, -97.92081 30.541535, -97.920742 30.541678, -97.920682 30.541805, -97.920621 30.541932, -97.92056 30.542059, -97.9205 30.542186, -97.920439 30.542313, -97.920378 30.542441, -97.920318 30.542568, -97.920257 30.542695, -97.920196 30.542822, -97.920136 30.542949, -97.920075 30.543076, -97.920014 30.543203, -97.919936 30.543368, -97.919875 30.543495, -97.919789 30.543676, -97.919703 30.543829, -97.919621 30.543978, -97.919576 30.544058, -97.919535 30.544126, -97.919446 30.544272, -97.919402 30.544344, -97.919417 30.545198, -97.919475 30.5456, -97.919317 30.546007, -97.919295 30.546094, -97.919244 30.546176, -97.919142 30.546336, -97.919012 30.546562, -97.918831 30.546801, -97.918188 30.547069, -97.917786 30.547102, -97.917494 30.547143, -97.917262 30.547137, -97.917202 30.547128, -97.917108 30.547098, -97.917041 30.547067, -97.91698 30.547021, -97.916885 30.546938, -97.916828 30.546905, -97.916689 30.546856, -97.916857 30.546686, -97.916089 30.545715, -97.915521 30.545133, -97.914963 30.544493, -97.914638 30.544332, -97.91439 30.544226, -97.913693 30.54436, -97.913454 30.544431, -97.913221 30.54435, -97.91245 30.544576, -97.912336 30.54461, -97.91222 30.544815, -97.91219 30.545145, -97.911969 30.544979, -97.911928 30.544967, -97.91173 30.544962, -97.91162 30.544969, -97.911561 30.544983, -97.911505 30.545007, -97.911447 30.545052, -97.911419 30.545062, -97.911371 30.545059, -97.911316 30.545048, -97.911212 30.545019, -97.911171 30.545018, -97.911061 30.545041, -97.911004 30.545065, -97.910918 30.54511, -97.910863 30.545129, -97.910782 30.545143, -97.910708 30.545144, -97.910663 30.545137, -97.910588 30.545115, -97.910533 30.54509, -97.910392 30.545, -97.910257 30.544898, -97.910162 30.544814, -97.910107 30.544749, -97.910074 30.544685, -97.910035 30.544567, -97.910013 30.544388, -97.909987 30.544292, -97.909942 30.544174, -97.90988 30.544049, -97.909848 30.544003, -97.909793 30.543952, -97.909758 30.543932, -97.909721 30.54392, -97.909654 30.543914, -97.909582 30.543922, -97.909512 30.543941, -97.909404 30.543987, -97.909367 30.544007, -97.90929 30.544065, -97.909197 30.544145, -97.909133 30.544193, -97.909059 30.544234, -97.90896 30.544272, -97.908873 30.544294, -97.9088 30.544303, -97.908579 30.544309, -97.908418 30.544305, -97.908281 30.544292, -97.908181 30.544273, -97.908142 30.544257, -97.908076 30.544217, -97.908013 30.544158, -97.907957 30.544077, -97.907934 30.544022, -97.907898 30.543856, -97.90787 30.543784, -97.907798 30.543665, -97.907703 30.543539, -97.907576 30.543405, -97.907504 30.543342, -97.907308 30.543218, -97.906949 30.542941, -97.906838 30.542842, -97.906767 30.542762, -97.90668 30.542648, -97.906587 30.542514, -97.906518 30.54244, -97.906456 30.542389, -97.906262 30.542251, -97.906112 30.542153, -97.905895 30.542024, -97.905669 30.541907, -97.905576 30.541866, -97.905089 30.541683, -97.90491 30.54163, -97.904763 30.541563, -97.904695 30.541522, -97.904637 30.541472, -97.904589 30.54141, -97.904547 30.541327, -97.904513 30.54123, -97.904388 30.540715, -97.904352 30.540624, -97.90424 30.540407, -97.904163 30.540275, -97.904115 30.540219, -97.904063 30.540178, -97.903992 30.540141, -97.903717 30.540034, -97.903641 30.540013, -97.903533 30.540001, -97.903215 30.539999, -97.903176 30.540002, -97.9031 30.540016, -97.903017 30.540042, -97.902836 30.540112, -97.902722 30.540145, -97.902682 30.540148, -97.902614 30.54014, -97.902573 30.540122, -97.902535 30.540085, -97.902434 30.539928, -97.90223 30.539577, -97.902111 30.539328, -97.902049 30.539223, -97.90195 30.539073, -97.901833 30.538916, -97.901528 30.53858, -97.901411 30.538471, -97.90127 30.538357, -97.900971 30.538124, -97.900637 30.537864, -97.900446 30.537691, -97.900411 30.537654, -97.900344 30.537569, -97.900315 30.537519, -97.900296 30.537452, -97.900302 30.537303, -97.900291 30.537171, -97.900275 30.537108, -97.900245 30.53703, -97.900208 30.536961, -97.900149 30.53688, -97.900087 30.536817, -97.900017 30.536769, -97.899922 30.536727, -97.899812 30.536695, -97.899624 30.536654, -97.899007 30.536562, -97.898856 30.536547, -97.89835 30.536534, -97.897845 30.536522, -97.897719 30.536515, -97.897635 30.536499, -97.897463 30.536438, -97.897253 30.536347, -97.897138 30.53628, -97.897073 30.536221, -97.896986 30.536121, -97.89694 30.53605, -97.896912 30.535981, -97.896899 30.535912, -97.896896 30.535837, -97.896909 30.535731, -97.896927 30.53565, -97.896959 30.535571, -97.897008 30.535482, -97.897071 30.535392, -97.897142 30.535313, -97.897218 30.535247, -97.897268 30.535215, -97.897317 30.535197, -97.897396 30.53518, -97.897618 30.535133, -97.897754 30.535101, -97.897816 30.535071, -97.897874 30.535024, -97.897928 30.534959, -97.897965 30.534893, -97.897989 30.534836, -97.898034 30.534632, -97.898101 30.534352, -97.898201 30.533539, -97.89828 30.532924, -97.898363 30.532431, -97.898396 30.532175, -97.898404 30.532053, -97.898401 30.53196, -97.898374 30.531819, -97.898347 30.531743, -97.898313 30.531675, -97.898267 30.531617, -97.898219 30.531585, -97.898126 30.531551, -97.897989 30.531519, -97.897923 30.531521, -97.897849 30.531544, -97.897761 30.531583, -97.89768 30.531627, -97.897557 30.531733, -97.897502 30.531765, -97.897448 30.531783, -97.897156 30.531844, -97.896953 30.531904, -97.896897 30.531911, -97.896856 30.531903, -97.896822 30.531879, -97.896786 30.531841, -97.896755 30.531776, -97.896739 30.531698, -97.896741 30.531597, -97.896757 30.531485, -97.896787 30.531363, -97.896942 30.530925, -97.896981 30.530793, -97.896989 30.530735, -97.896987 30.53066, -97.896973 30.530577, -97.896944 30.530501, -97.896901 30.530422, -97.896855 30.530362, -97.896791 30.530291, -97.896626 30.530115, -97.896564 30.530063, -97.89639 30.529949, -97.896044 30.529766, -97.895891 30.529667, -97.895832 30.529611, -97.895752 30.529508, -97.895674 30.529375, -97.895581 30.529192, -97.895529 30.529039, -97.89551 30.528952, -97.89547 30.528633, -97.895474 30.528573, -97.895485 30.52854, -97.895568 30.528414, -97.895685 30.528252, -97.895728 30.528192, -97.895951 30.527946, -97.895958 30.527932, -97.896012 30.52786, -97.896101 30.527711, -97.896132 30.527624, -97.896162 30.527448, -97.896175 30.527295, -97.896172 30.527149, -97.896156 30.526859, -97.89613 30.526707, -97.896007 30.52626, -97.895943 30.525992, -97.895847 30.525684, -97.895785 30.525525, -97.895713 30.525368, -97.895547 30.525048, -97.895484 30.524914, -97.895451 30.524826, -97.895427 30.524763, -97.895394 30.524615, -97.895377 30.524454, -97.895374 30.524226, -97.895383 30.524067, -97.895398 30.524012, -97.895428 30.523967, -97.89549 30.523899, -97.895596 30.523792, -97.895637 30.523733, -97.895732 30.523544, -97.895806 30.523374, -97.895864 30.523212, -97.895927 30.522985, -97.89597 30.522794, -97.896034 30.522403, -97.896065 30.522306, -97.896206 30.521977, -97.89628 30.521807, -97.896332 30.521676, -97.896405 30.521532, -97.896586 30.521213, -97.896608 30.521149, -97.896699 30.520702, -97.896865 30.519846, -97.896916 30.519683, -97.897103 30.519773, -97.897299 30.519847, -97.897575 30.519914, -97.897756 30.519928, -97.8979 30.519939, -97.898237 30.519945, -97.898549 30.519902, -97.898849 30.519822, -97.899242 30.5197, -97.899879 30.519485, -97.900198 30.519377, -97.900406 30.519307, -97.900841 30.519185, -97.90138 30.519052, -97.901858 30.518954, -97.902707 30.518778, -97.903238 30.518649, -97.904032 30.518455, -97.904462 30.51836, -97.904783 30.518283, -97.904912 30.518253, -97.905075 30.518215, -97.905353 30.518143, -97.905721 30.518, -97.905809 30.517964, -97.905929 30.517908, -97.906096 30.517819, -97.906288 30.517713, -97.906571 30.517553, -97.90693 30.517349, -97.907033 30.517276, -97.908137 30.516664, -97.908734 30.516302, -97.909045 30.516137, -97.909258 30.516002, -97.909446 30.515859, -97.909561 30.515746, -97.909679 30.515597, -97.909836 30.515362, -97.91025 30.514383, -97.910633 30.513489, -97.911432 30.511694, -97.911677 30.51115, -97.91232 30.511415, -97.912664 30.511747, -97.913221 30.512287, -97.913845 30.512615, -97.914862 30.513149, -97.916671 30.514454, -97.916807 30.514533, -97.917655 30.515025, -97.917927 30.515183, -97.917982 30.515215, -97.918005 30.515185, -97.918932 30.515688, -97.91949 30.515991, -97.919724 30.516118, -97.92022 30.516391, -97.920532 30.516563, -97.920703 30.516666, -97.921202 30.516904, -97.921269 30.516922, -97.921334 30.516941, -97.921389 30.516956, -97.921514 30.516979, -97.921646 30.517012, -97.922014 30.517159, -97.922166 30.517225, -97.922608 30.517482, -97.922807 30.517649, -97.923197 30.518145, -97.923804 30.518951, -97.92461 30.520021, -97.92492 30.520562, -97.925162 30.52105, -97.925266 30.521294, -97.925326 30.521459, -97.925357 30.52157, -97.925861 30.523457, -97.926114 30.523766, -97.926246 30.523896, -97.926476 30.524099, -97.926803 30.524381, -97.926994 30.524542, -97.927101 30.524605, -97.927451 30.524986, -97.927499 30.525137, -97.927517 30.525175, -97.927542 30.525229, -97.927565 30.525282, -97.927586 30.525335, -97.927607 30.5254, -97.927624 30.525465, -97.927641 30.52553, -97.927656 30.525599, -97.927667 30.525661, -97.92768 30.525738, -97.927709 30.525908, -97.927877 30.526537, -97.928022 30.526816, -97.927985 30.526848))",39.2,3355.0,219175.0,75.0,27.0,7655479.103254939,0.00043824820821123116
"POLYGON ((-97.787666 30.197347, -97.787201 30.198074, -97.786954 30.19846, -97.785677 30.200544, -97.783794 30.199671, -97.782628 30.199106, -97.781802 30.198594, -97.780476 30.197721, -97.779206 30.197464, -97.778424 30.197281, -97.777123 30.197027, -97.778566 30.193732, -97.778846 30.193092, -97.77895 30.193129, -97.779575 30.193352, -97.779921 30.19353, -97.78001 30.193581, -97.780095 30.193617, -97.780936 30.194031, -97.781008 30.194066, -97.78111 30.194109, -97.781524 30.194276, -97.781927 30.194369, -97.782938 30.194508, -97.78315 30.194572, -97.783245 30.194602, -97.783339 30.194642, -97.783848 30.194859, -97.784225 30.19507, -97.784421 30.195184, -97.78496 30.195645, -97.785028 30.1957, -97.785118 30.195773, -97.785389 30.19598, -97.785873 30.196264, -97.787084 30.196868, -97.787661 30.197144, -97.787767 30.19719, -97.787666 30.197347))",44.7,579.0,67962.0,0.0,0.0,408564.5213218949,0.0014171568253813808
"POLYGON ((-97.670706 30.469875, -97.670509 30.469859, -97.670333 30.469845, -97.670305 30.469843, -97.670207 30.469835, -97.670168 30.469721, -97.67004 30.469742, -97.669999 30.469749, -97.669886 30.469767, -97.669518 30.469826, -97.669241 30.469815, -97.669207 30.469814, -97.668837 30.469701, -97.668669 30.469628, -97.668601 30.469599, -97.668509 30.469559, -97.667388 30.468994, -97.66606 30.468337, -97.665123 30.467885, -97.664186 30.467432, -97.663823 30.467257, -97.663004 30.466869, -97.662852 30.466816, -97.662756 30.466789, -97.662652 30.466756, -97.662453 30.466707, -97.662235 30.466643, -97.662096 30.466618, -97.661823 30.466533, -97.661687 30.466514, -97.661574 30.466512, -97.661118 30.466545, -97.65951 30.46713, -97.659389 30.467172, -97.659011 30.467311, -97.658848 30.467361, -97.657993 30.467685, -97.657712 30.467761, -97.657479 30.467806, -97.657169 30.467822, -97.65688 30.467816, -97.656742 30.467792, -97.656592 30.467765, -97.656297 30.467679, -97.656072 30.467595, -97.655565 30.46731, -97.654694 30.466874, -97.654382 30.466772, -97.654263 30.466746, -97.653549 30.466685, -97.652339 30.466596, -97.652244 30.46659, -97.652114 30.46659, -97.651576 30.466643, -97.650923 30.466817, -97.65026 30.466994, -97.649596 30.46717, -97.648716 30.467411, -97.648414 30.467511, -97.648047 30.467598, -97.647859 30.46763, -97.647587 30.467656, -97.647562 30.467656, -97.647484 30.467657, -97.647426 30.467658, -97.647342 30.46766, -97.647021 30.46766, -97.646749 30.467624, -97.646523 30.467579, -97.64626 30.467505, -97.646093 30.467449, -97.645741 30.467305, -97.644899 30.466892, -97.644347 30.46662, -97.644208 30.466552, -97.644656 30.465825, -97.645281 30.464809, -97.64579 30.463983, -97.646309 30.46314, -97.647542 30.461364, -97.648169 30.460923, -97.648214 30.460879, -97.648155 30.460835, -97.648299 30.460728, -97.648392 30.460647, -97.648748 30.460296, -97.648806 30.460226, -97.649017 30.459949, -97.649068 30.459853, -97.64908 30.459835, -97.649111 30.459789, -97.649155 30.459723, -97.64921 30.459634, -97.649253 30.459555, -97.649407 30.459324, -97.64951 30.459154, -97.649529 30.459124, -97.649551 30.459089, -97.649592 30.459024, -97.649859 30.458608, -97.650105 30.458212, -97.650127 30.458178, -97.650146 30.458148, -97.650189 30.458081, -97.650335 30.457844, -97.650557 30.457504, -97.650575 30.457487, -97.650773 30.457148, -97.650816 30.45709, -97.650863 30.457113, -97.65076 30.457325, -97.650821 30.457264, -97.650844 30.457242, -97.650922 30.45718, -97.650957 30.457158, -97.651006 30.457112, -97.651047 30.457074, -97.651096 30.457034, -97.651204 30.456949, -97.651337 30.456861, -97.651524 30.456745, -97.651706 30.456656, -97.651928 30.456558, -97.652055 30.456482, -97.652324 30.456406, -97.652574 30.456343, -97.652737 30.456314, -97.652931 30.456285, -97.653057 30.456273, -97.653266 30.456272, -97.653482 30.456281, -97.653799 30.456314, -97.653962 30.45635, -97.654221 30.456428, -97.654575 30.456548, -97.654678 30.456579, -97.654877 30.456629, -97.655194 30.456721, -97.655803 30.456896, -97.656004 30.456932, -97.656244 30.456961, -97.656537 30.456974, -97.656848 30.456971, -97.657193 30.456929, -97.657578 30.456835, -97.657765 30.456777, -97.658012 30.456681, -97.658147 30.456624, -97.65839 30.4565, -97.658605 30.456396, -97.658832 30.456295, -97.659003 30.456229, -97.659201 30.456166, -97.659429 30.456111, -97.659776 30.456046, -97.659947 30.456015, -97.660117 30.455997, -97.660487 30.455926, -97.660803 30.455901, -97.661047 30.455901, -97.661279 30.455911, -97.66157 30.455948, -97.661848 30.456021, -97.662249 30.456138, -97.662928 30.456348, -97.663242 30.456411, -97.663533 30.456438, -97.663677 30.456434, -97.663833 30.45643, -97.664099 30.456424, -97.664219 30.456411, -97.664256 30.456409, -97.664309 30.456405, -97.664386 30.456389, -97.66442 30.456382, -97.664528 30.456364, -97.664567 30.456357, -97.664925 30.456315, -97.665048 30.456301, -97.66547 30.456245, -97.665638 30.456161, -97.666319 30.456051, -97.666346 30.456243, -97.66653 30.456223, -97.666593 30.456645, -97.666611 30.456709, -97.666958 30.45799, -97.667387 30.459353, -97.667432 30.459496, -97.667852 30.460821, -97.667932 30.461073, -97.668456 30.462733, -97.66881 30.463853, -97.6694 30.465645, -97.669595 30.466265, -97.669795 30.466902, -97.669919 30.467313, -97.669997 30.467588, -97.670163 30.468125, -97.670546 30.469358, -97.670582 30.469475, -97.670706 30.469875))",39.1,1767.0,72911.0,34.0,0.0,2466183.6467800546,0.0007164916539395045
"POLYGON ((-97.697897 30.348608, -97.69743 30.349435, -97.697058 30.349826, -97.696934 30.349914, -97.696624 30.350133, -97.697395 30.352483, -97.696922 30.352832, -97.696811 30.352685, -97.696781 30.352654, -97.69669 30.352581, -97.696592 30.352485, -97.696511 30.352417, -97.696441 30.35237, -97.696384 30.352344, -97.696288 30.35233, -97.696268 30.352324, -97.696159 30.352275, -97.695987 30.352173, -97.69587 30.352105, -97.69576 30.35206, -97.695458 30.351963, -97.695347 30.351937, -97.69531 30.351936, -97.695243 30.351952, -97.695184 30.351972, -97.695149 30.351968, -97.695108 30.351953, -97.695072 30.351928, -97.695011 30.35186, -97.694941 30.351748, -97.694832 30.351556, -97.69476 30.351449, -97.694709 30.351354, -97.694639 30.351191, -97.694583 30.351027, -97.694478 30.350813, -97.694376 30.350545, -97.694246 30.35021, -97.694203 30.350133, -97.694148 30.350067, -97.694044 30.349967, -97.693947 30.349888, -97.693845 30.34982, -97.693759 30.349779, -97.69369 30.349746, -97.693602 30.349704, -97.69393 30.349172, -97.694557 30.348203, -97.694896 30.347658, -97.694901 30.34765, -97.695074 30.347371, -97.695229 30.34744, -97.69533 30.347483, -97.695422 30.347524, -97.695652 30.347625, -97.696061 30.347804, -97.696475 30.347985, -97.696899 30.348171, -97.697333 30.348361, -97.697492 30.348427, -97.697897 30.348608))",31.7,839.0,35098.0,0.0,35.0,133093.6491316824,0.006303831966992627
"POLYGON ((-97.70036 30.357309, -97.700108 30.357647, -97.699923 30.357908, -97.699707 30.358266, -97.699175 30.358016, -97.697892 30.357403, -97.697049 30.356987, -97.697528 30.356245, -97.696438 30.355698, -97.695085 30.355057, -97.694838 30.35541, -97.694211 30.355084, -97.695397 30.353207, -97.695523 30.352743, -97.695987 30.352173, -97.696159 30.352275, -97.696268 30.352324, -97.696288 30.35233, -97.696384 30.352344, -97.696441 30.35237, -97.696511 30.352417, -97.696592 30.352485, -97.69669 30.352581, -97.696781 30.352654, -97.696811 30.352685, -97.696922 30.352832, -97.69694 30.352869, -97.696993 30.352946, -97.69708 30.353129, -97.697105 30.353204, -97.697159 30.353335, -97.697187 30.353378, -97.697229 30.353415, -97.697371 30.353512, -97.697571 30.353623, -97.697681 30.353665, -97.69774 30.353692, -97.697864 30.35375, -97.697951 30.353796, -97.698016 30.35384, -97.698156 30.353955, -97.698197 30.353993, -97.698209 30.354018, -97.698232 30.354028, -97.698277 30.354079, -97.698396 30.354209, -97.698572 30.354384, -97.698968 30.354757, -97.699057 30.354824, -97.699154 30.354915, -97.699209 30.35498, -97.699302 30.355114, -97.699388 30.355252, -97.699456 30.355381, -97.699509 30.355503, -97.699542 30.355605, -97.699625 30.355855, -97.699636 30.355913, -97.699646 30.355943, -97.699693 30.356028, -97.699781 30.356211, -97.699795 30.356266, -97.6998 30.356322, -97.699792 30.356371, -97.699794 30.356413, -97.699847 30.356545, -97.699912 30.356759, -97.699962 30.356886, -97.700004 30.356958, -97.70014 30.357084, -97.700228 30.357199, -97.700278 30.35725, -97.70036 30.357309))",55.2,355.0,150872.0,0.0,0.0,165818.13922268525,0.002140899672762901
"POLYGON ((-97.693602 30.349704, -97.693362 30.350093, -97.692562 30.35135, -97.691775 30.352486, -97.691201 30.353354, -97.691118 30.353487, -97.691076 30.353555, -97.690437 30.354593, -97.68972 30.355722, -97.689122 30.356659, -97.688973 30.356892, -97.688609 30.357462, -97.688288 30.357962, -97.688206 30.358098, -97.688152 30.358191, -97.688109 30.358259, -97.687942 30.358177, -97.687539 30.35798, -97.687474 30.357948, -97.68741 30.35792, -97.686565 30.357544, -97.686467 30.3575, -97.686402 30.357459, -97.68439 30.356064, -97.68431 30.356007, -97.684341 30.355967, -97.684368 30.355932, -97.684414 30.355873, -97.684429 30.355856, -97.684463 30.355817, -97.68454 30.355727, -97.68459 30.355669, -97.685196 30.354967, -97.685269 30.354882, -97.685758 30.354354, -97.685877 30.354227, -97.685939 30.354161, -97.685975 30.354114, -97.686027 30.354037, -97.68607 30.353962, -97.686112 30.353863, -97.686137 30.353799, -97.686153 30.353708, -97.68617 30.353585, -97.686186 30.353486, -97.686212 30.353393, -97.686237 30.353312, -97.686285 30.353215, -97.686362 30.353085, -97.686736 30.352519, -97.687504 30.351296, -97.687877 30.350702, -97.688766 30.349291, -97.688976 30.348991, -97.689079 30.349018, -97.689362 30.349098, -97.689525 30.349156, -97.689565 30.349179, -97.689649 30.349251, -97.689744 30.349325, -97.689838 30.349385, -97.690061 30.349487, -97.690124 30.34951, -97.690175 30.349519, -97.690364 30.349519, -97.690527 30.349508, -97.691205 30.349387, -97.691365 30.349373, -97.692215 30.349387, -97.692306 30.349379, -97.692366 30.349348, -97.692611 30.34933, -97.692726 30.349318, -97.69279 30.349323, -97.692897 30.349352, -97.69297 30.349383, -97.693006 30.349401, -97.693107 30.349468, -97.693181 30.349503, -97.693384 30.3496, -97.693602 30.349704))",40.5,772.0,55960.0,0.0,0.0,421895.28326733725,0.0018298379494108166
"POLYGON ((-97.852173 30.161875, -97.851979 30.163015, -97.851937 30.163496, -97.852121 30.164291, -97.851642 30.164455, -97.850661 30.164733, -97.850741 30.165725, -97.850955 30.16612, -97.850767 30.166468, -97.850737 30.167053, -97.850764 30.167758, -97.850306 30.167772, -97.850276 30.167773, -97.850289 30.168343, -97.850303 30.169494, -97.850206 30.169455, -97.85009 30.169409, -97.849979 30.169353, -97.849892 30.169298, -97.849811 30.169228, -97.849745 30.16916, -97.849585 30.168927, -97.849455 30.168759, -97.849329 30.168528, -97.849248 30.168424, -97.849124 30.168304, -97.848783 30.16801, -97.84869 30.167885, -97.848678 30.167871, -97.848401 30.167553, -97.848347 30.167484, -97.848301 30.167369, -97.848099 30.167146, -97.848057 30.167091, -97.848037 30.167046, -97.848025 30.166922, -97.848012 30.166871, -97.847992 30.166841, -97.847936 30.166795, -97.847775 30.166682, -97.847727 30.166634, -97.847684 30.166576, -97.847596 30.166476, -97.847503 30.166339, -97.847429 30.166197, -97.847388 30.166099, -97.847352 30.166046, -97.847152 30.165787, -97.847006 30.16563, -97.846892 30.165526, -97.846868 30.16552, -97.846791 30.165527, -97.846747 30.165521, -97.846705 30.165505, -97.84669 30.165491, -97.84666 30.165444, -97.846558 30.16519, -97.84637 30.16481, -97.84628 30.164658, -97.846149 30.164481, -97.846036 30.164346, -97.845941 30.164263, -97.845861 30.164214, -97.845819 30.164199, -97.845728 30.164193, -97.845659 30.164157, -97.845541 30.164075, -97.845513 30.16405, -97.845505 30.164015, -97.845433 30.163917, -97.845243 30.1637, -97.845186 30.163644, -97.84486 30.163383, -97.844697 30.163223, -97.844552 30.163073, -97.844131 30.162706, -97.84401 30.16261, -97.843669 30.162311, -97.843575 30.162253, -97.843481 30.162175, -97.84337 30.162091, -97.843299 30.162017, -97.843194 30.161881, -97.843139 30.161827, -97.843087 30.161792, -97.842981 30.161742, -97.845103 30.159896, -97.845599 30.15987, -97.845726 30.159364, -97.845757 30.159239, -97.845817 30.159066, -97.845904 30.158914, -97.845989 30.158774, -97.845991 30.158448, -97.845983 30.157815, -97.845972 30.157013, -97.845968 30.156813, -97.845953 30.156097, -97.845935 30.15525, -97.845928 30.15476, -97.845915 30.154296, -97.845901 30.153592, -97.845892 30.153198, -97.845879 30.152567, -97.846111 30.152561, -97.846372 30.152555, -97.847236 30.152548, -97.847285 30.154337, -97.847312 30.155102, -97.849114 30.155053, -97.849267 30.155058, -97.849443 30.155081, -97.849673 30.15513, -97.84979 30.15517, -97.849908 30.155217, -97.850073 30.155297, -97.850204 30.155376, -97.850311 30.155455, -97.850469 30.155585, -97.850927 30.15596, -97.85098 30.155999, -97.851114 30.156076, -97.85128 30.156154, -97.85146 30.156212, -97.851543 30.156233, -97.851797 30.156282, -97.851747 30.156468, -97.851724 30.15663, -97.851696 30.157193, -97.851736 30.158456, -97.85175 30.158885, -97.851752 30.158949, -97.851765 30.159337, -97.851779 30.160291, -97.851997 30.161156, -97.852173 30.161875))",30.7,1117.0,144856.0,71.0,23.0,832662.4696791583,0.0013414799401615912
"POLYGON ((-97.704172 30.333018, -97.702729 30.335253, -97.702383 30.335765, -97.702141 30.336156, -97.701262 30.337579, -97.701013 30.337978, -97.700485 30.338825, -97.700363 30.339002, -97.700293 30.339113, -97.700259 30.339168, -97.700221 30.339224, -97.70016 30.339315, -97.700054 30.339251, -97.699958 30.339195, -97.699625 30.338999, -97.699512 30.338932, -97.699422 30.338879, -97.699395 30.338863, -97.699005 30.338616, -97.697076 30.337672, -97.695464 30.33687, -97.693271 30.335828, -97.692363 30.335368, -97.692259 30.335321, -97.691179 30.334831, -97.691309 30.334629, -97.691445 30.334416, -97.692249 30.333155, -97.692913 30.332141, -97.693021 30.331975, -97.693028 30.331964, -97.693037 30.331952, -97.69305 30.331931, -97.69312 30.331825, -97.693211 30.331684, -97.693698 30.330928, -97.693751 30.330844, -97.693887 30.330629, -97.69439 30.329836, -97.695146 30.32858, -97.696172 30.329075, -97.697206 30.329638, -97.69827 30.330138, -97.699319 30.33063, -97.700368 30.33113, -97.703705 30.332579, -97.703968 30.332695, -97.703988 30.332703, -97.704068 30.332738, -97.704123 30.332756, -97.704275 30.332831, -97.704172 30.333018))",27.7,2185.0,62278.0,14.0,0.0,786820.7135174706,0.002776998574722301
"POLYGON ((-97.69439 30.329836, -97.693887 30.330629, -97.693751 30.330844, -97.693698 30.330928, -97.693211 30.331684, -97.69312 30.331825, -97.69305 30.331931, -97.693037 30.331952, -97.693028 30.331964, -97.693021 30.331975, -97.692913 30.332141, -97.692249 30.333155, -97.691445 30.334416, -97.691309 30.334629, -97.691179 30.334831, -97.689387 30.333988, -97.688487 30.333574, -97.687358 30.333055, -97.686712 30.332777, -97.686384 30.332617, -97.686526 30.332411, -97.686576 30.33236, -97.686643 30.332275, -97.686708 30.332192, -97.686917 30.331926, -97.687489 30.331198, -97.687826 30.33077, -97.688286 30.330466, -97.68926 30.330082, -97.68958 30.329943, -97.689951 30.329678, -97.690378 30.329186, -97.690459 30.329062, -97.691292 30.327788, -97.69148 30.32746, -97.691725 30.3271, -97.692377 30.326105, -97.692967 30.326437, -97.69375 30.327798, -97.69426 30.328158, -97.695146 30.32858, -97.69439 30.329836))",24.5,2151.0,44796.0,406.0,0.0,358992.84466156794,0.00599176287769135
"POLYGON ((-97.712486 30.305964, -97.712423 30.306487, -97.711825 30.307417, -97.710885 30.308911, -97.710448 30.30959, -97.71024 30.309453, -97.710058 30.309315, -97.710008 30.309278, -97.709755 30.309108, -97.709 30.308696, -97.706501 30.307514, -97.706412 30.307472, -97.702802 30.305765, -97.702687 30.30571, -97.701187 30.305, -97.700804 30.304819, -97.698876 30.303907, -97.69986 30.302289, -97.700017 30.302026, -97.700083 30.301899, -97.700169 30.301645, -97.700218 30.301508, -97.700257 30.301382, -97.700292 30.301217, -97.700319 30.301056, -97.700336 30.300891, -97.700349 30.300772, -97.70035 30.300639, -97.700379 30.299987, -97.701274 30.299959, -97.702061 30.299937, -97.702896 30.29992, -97.702851 30.298621, -97.702807 30.297306, -97.702799 30.296548, -97.70281 30.296536, -97.702811 30.296482, -97.702809 30.296412, -97.702806 30.29635, -97.702805 30.296327, -97.702799 30.296232, -97.702794 30.296128, -97.702789 30.296023, -97.702785 30.295924, -97.702781 30.29584, -97.702778 30.295772, -97.702773 30.295699, -97.702769 30.295629, -97.702852 30.295628, -97.703071 30.295626, -97.703183 30.295624, -97.703529 30.295617, -97.703647 30.295613, -97.703767 30.295609, -97.703886 30.295604, -97.704002 30.295599, -97.704115 30.295594, -97.704225 30.295586, -97.704332 30.295572, -97.704432 30.295548, -97.70452 30.295514, -97.704597 30.29547, -97.704734 30.295373, -97.704796 30.295326, -97.704855 30.295273, -97.704909 30.295212, -97.704956 30.295145, -97.704995 30.295072, -97.705027 30.294992, -97.705076 30.294824, -97.70509 30.294733, -97.705098 30.294643, -97.705098 30.294555, -97.705094 30.294389, -97.705092 30.294316, -97.705089 30.294249, -97.705086 30.294169, -97.707114 30.294153, -97.707536 30.294149, -97.707773 30.294134, -97.70779 30.294262, -97.707939 30.295608, -97.707992 30.295881, -97.708152 30.296498, -97.708218 30.296666, -97.70831 30.296902, -97.708819 30.297776, -97.708882 30.29785, -97.709005 30.298016, -97.709605 30.298689, -97.709743 30.298787, -97.708825 30.301005, -97.709121 30.301388, -97.709318 30.301774, -97.709211 30.302643, -97.710748 30.304546, -97.712078 30.306192, -97.712462 30.305621, -97.712541 30.305504, -97.712486 30.305964))",27.9,2897.0,119347.0,226.0,235.0,1117119.1895708637,0.0025932774470671027
"POLYGON ((-97.896865 30.519846, -97.896699 30.520702, -97.896608 30.521149, -97.896586 30.521213, -97.896405 30.521532, -97.896332 30.521676, -97.89628 30.521807, -97.896206 30.521977, -97.896065 30.522306, -97.896034 30.522403, -97.89597 30.522794, -97.895927 30.522985, -97.895864 30.523212, -97.895806 30.523374, -97.895732 30.523544, -97.895637 30.523733, -97.895596 30.523792, -97.89549 30.523899, -97.895428 30.523967, -97.895398 30.524012, -97.895383 30.524067, -97.895374 30.524226, -97.895377 30.524454, -97.895394 30.524615, -97.895427 30.524763, -97.895451 30.524826, -97.895484 30.524914, -97.895547 30.525048, -97.895713 30.525368, -97.895785 30.525525, -97.895847 30.525684, -97.895943 30.525992, -97.896007 30.52626, -97.89613 30.526707, -97.896156 30.526859, -97.896172 30.527149, -97.896175 30.527295, -97.896162 30.527448, -97.896132 30.527624, -97.896101 30.527711, -97.896012 30.52786, -97.895958 30.527932, -97.895951 30.527946, -97.895685 30.527933, -97.895366 30.527918, -97.895156 30.527918, -97.895057 30.527931, -97.894938 30.527971, -97.894803 30.528029, -97.893862 30.528431, -97.893709 30.528507, -97.893641 30.52854, -97.893567 30.528574, -97.89349 30.528608, -97.893412 30.528642, -97.89325 30.528718, -97.893164 30.528758, -97.893078 30.528798, -97.892992 30.528839, -97.892818 30.52892, -97.89273 30.528961, -97.892642 30.529003, -97.892553 30.529045, -97.892373 30.529131, -97.892282 30.529175, -97.89219 30.529219, -97.892097 30.529263, -97.891903 30.529352, -97.891805 30.5294, -97.891706 30.529453, -97.891607 30.529509, -97.891414 30.529632, -97.891321 30.529697, -97.891231 30.529764, -97.891143 30.529832, -97.890975 30.529972, -97.890818 30.530119, -97.890739 30.530198, -97.890662 30.530277, -97.89052 30.530444, -97.890388 30.530618, -97.890327 30.530707, -97.890271 30.5308, -97.890156 30.530993, -97.890103 30.531092, -97.890008 30.531293, -97.889956 30.531395, -97.889904 30.531493, -97.889794 30.531681, -97.889734 30.531773, -97.889671 30.531865, -97.889539 30.532045, -97.889472 30.532132, -97.889405 30.532215, -97.889334 30.532297, -97.889284 30.532356, -97.889269 30.532375, -97.889121 30.532533, -97.889041 30.532612, -97.888956 30.532693, -97.888862 30.532777, -97.888763 30.532863, -97.888598 30.532994, -97.888551 30.533033, -97.888336 30.533192, -97.888126 30.533333, -97.888024 30.533396, -97.887924 30.533455, -97.887825 30.53351, -97.887627 30.533614, -97.887426 30.533715, -97.887327 30.533764, -97.88723 30.533813, -97.887043 30.533906, -97.886953 30.533951, -97.886864 30.533996, -97.886774 30.534041, -97.886586 30.534133, -97.886491 30.534178, -97.8864 30.534223, -97.88635 30.534247, -97.886312 30.534267, -97.886229 30.534314, -97.886079 30.534412, -97.88601 30.534466, -97.885887 30.53458, -97.885835 30.534631, -97.885787 30.534678, -97.885696 30.534757, -97.885509 30.534872, -97.885341 30.534945, -97.885189 30.535001, -97.884917 30.535075, -97.884777 30.535124, -97.884615 30.535173, -97.884527 30.535229, -97.884438 30.535298, -97.884355 30.535381, -97.884296 30.535457, -97.884243 30.535545, -97.884194 30.535667, -97.884151 30.535799, -97.884052 30.536033, -97.883878 30.53631, -97.883664 30.536669, -97.883505 30.536939, -97.883308 30.537248, -97.88312 30.537528, -97.882909 30.537851, -97.882712 30.53819, -97.882613 30.538375, -97.882534 30.538638, -97.882514 30.538744, -97.882488 30.538882, -97.882484 30.539109, -97.882504 30.539284, -97.882557 30.539518, -97.882672 30.539946, -97.882698 30.540035, -97.882708 30.54016, -97.882722 30.540345, -97.882741 30.540519, -97.882754 30.540581, -97.882784 30.540717, -97.882827 30.540845, -97.882896 30.540997, -97.882982 30.541148, -97.883084 30.541339, -97.883143 30.541474, -97.883235 30.541774, -97.883281 30.541949, -97.883328 30.542173, -97.883354 30.542433, -97.883354 30.542713, -97.883328 30.542989, -97.883272 30.54323, -97.883193 30.543474, -97.883041 30.543833, -97.882929 30.54406, -97.882751 30.544366, -97.882504 30.544788, -97.882306 30.545127, -97.882244 30.545233, -97.881931 30.545753, -97.881773 30.546043, -97.881605 30.546333, -97.881427 30.546629, -97.881213 30.547005, -97.881055 30.547222, -97.880857 30.547439, -97.88064 30.54764, -97.880445 30.547789, -97.880277 30.547894, -97.880027 30.548029, -97.879754 30.548134, -97.879549 30.5482, -97.879464 30.548227, -97.8792 30.548296, -97.878795 30.548418, -97.878528 30.548467, -97.878255 30.548493, -97.877939 30.54849, -97.877458 30.548447, -97.877106 30.548444, -97.876976 30.54845, -97.876778 30.548476, -97.876602 30.54851, -97.876147 30.548579, -97.875874 30.548642, -97.875627 30.548721, -97.875287 30.548866, -97.874843 30.54907, -97.87452 30.549208, -97.874214 30.549314, -97.874107 30.549341, -97.873878 30.549399, -97.873648 30.549441, -97.873603 30.549418, -97.873392 30.549311, -97.872663 30.548939, -97.871997 30.5486, -97.871431 30.548313, -97.871302 30.548247, -97.868845 30.546997, -97.868448 30.546795, -97.868013 30.546574, -97.867866 30.546499, -97.868046 30.545307, -97.868233 30.544062, -97.868262 30.543868, -97.868522 30.542146, -97.868596 30.541638, -97.868691 30.540978, -97.86903 30.53865, -97.869069 30.538395, -97.869106 30.538147, -97.869304 30.536842, -97.869622 30.534739, -97.869637 30.534642, -97.86994 30.532604, -97.870021 30.532053, -97.870039 30.531934, -97.870053 30.531838, -97.870071 30.531719, -97.870108 30.531471, -97.870135 30.531293, -97.870226 30.530683, -97.870285 30.530281, -97.870343 30.529895, -97.870352 30.529835, -97.870355 30.529816, -97.870363 30.529764, -97.870489 30.528914, -97.870719 30.527375, -97.870861 30.526421, -97.871112 30.524743, -97.871126 30.524646, -97.871139 30.524561, -97.87118 30.524286, -97.871201 30.524148, -97.871235 30.523922, -97.87127 30.523685, -97.871313 30.5234, -97.871416 30.522714, -97.869224 30.519897, -97.868782 30.519329, -97.86721 30.517309, -97.864792 30.515695, -97.859729 30.512315, -97.859401 30.511916, -97.859878 30.511792, -97.860505 30.511684, -97.861144 30.511665, -97.861622 30.511692, -97.861907 30.511726, -97.862211 30.511787, -97.862537 30.511887, -97.862765 30.511957, -97.863181 30.512115, -97.863651 30.512327, -97.864125 30.512639, -97.864363 30.512826, -97.865 30.513488, -97.8656 30.514101, -97.865923 30.514397, -97.866193 30.514614, -97.866456 30.514805, -97.86668 30.514957, -97.866852 30.515049, -97.867459 30.515308, -97.86791 30.515442, -97.868322 30.515557, -97.868811 30.515653, -97.86931 30.515708, -97.869712 30.515703, -97.870209 30.51569, -97.870321 30.515677, -97.870433 30.515662, -97.870545 30.515645, -97.870656 30.515626, -97.870776 30.515603, -97.870876 30.515581, -97.870986 30.515555, -97.871094 30.515528, -97.871202 30.515498, -97.871309 30.515466, -97.871416 30.515432, -97.87257 30.51505, -97.873049 30.514893, -97.874585 30.514384, -97.875732 30.514005, -97.876644 30.513705, -97.876719 30.513677, -97.876759 30.513663, -97.878493 30.513089, -97.87921 30.51285, -97.881438 30.512115, -97.881644 30.512048, -97.881741 30.51202, -97.881838 30.511993, -97.881937 30.511969, -97.882208 30.511908, -97.882286 30.51189, -97.882599 30.511851, -97.883258 30.511854, -97.883491 30.511872, -97.883746 30.511903, -97.884098 30.511967, -97.884389 30.512037, -97.884711 30.512154, -97.885003 30.5123, -97.885892 30.512861, -97.886297 30.513267, -97.886567 30.513582, -97.886792 30.513976, -97.887006 30.514426, -97.887141 30.514809, -97.887287 30.515113, -97.887389 30.515338, -97.887535 30.515533, -97.887631 30.51564, -97.887734 30.515756, -97.888007 30.516061, -97.88822 30.516264, -97.889119 30.517125, -97.889462 30.517388, -97.889787 30.517584, -97.890075 30.517719, -97.890388 30.517829, -97.890712 30.517909, -97.891619 30.518068, -97.89309 30.518307, -97.8935 30.518387, -97.893892 30.518473, -97.894352 30.518601, -97.894919 30.518782, -97.895539 30.519057, -97.896602 30.519528, -97.896916 30.519683, -97.896865 30.519846))",42.0,5713.0,239223.0,108.0,48.0,7277086.653840508,0.0007850669191887312
"POLYGON ((-97.915616 30.560828, -97.915496 30.562806, -97.915517 30.562988, -97.915579 30.563009, -97.915555 30.563101, -97.915481 30.563257, -97.91537 30.563407, -97.914877 30.564039, -97.914486 30.564584, -97.913876 30.565372, -97.912485 30.567101, -97.911352 30.568217, -97.911289 30.568331, -97.911163 30.56838, -97.906325 30.570275, -97.90588 30.570449, -97.904271 30.570568, -97.904058 30.570656, -97.90402 30.570672, -97.903942 30.570704, -97.9039 30.570721, -97.903277 30.570977, -97.902456 30.571328, -97.900129 30.568914, -97.899943 30.56872, -97.899698 30.568467, -97.898679 30.567412, -97.898363 30.567086, -97.898298 30.566973, -97.89822 30.566888, -97.897064 30.565616, -97.896813 30.565479, -97.896238 30.564884, -97.895785 30.564917, -97.894955 30.564971, -97.894276 30.565013, -97.893324 30.565074, -97.892824 30.565171, -97.891455 30.566518, -97.890668 30.566121, -97.890331 30.565951, -97.890039 30.565803, -97.889986 30.565777, -97.888747 30.565151, -97.888632 30.564219, -97.888596 30.563925, -97.888509 30.563214, -97.888479 30.562974, -97.887886 30.55816, -97.887695 30.556612, -97.886785 30.555843, -97.890573 30.551795, -97.892972 30.549222, -97.89349 30.54868, -97.898219 30.548641, -97.898451 30.548639, -97.898438 30.549129, -97.898646 30.549361, -97.899267 30.549687, -97.899551 30.549836, -97.90013 30.550507, -97.900424 30.550847, -97.900961 30.551468, -97.901201 30.551744, -97.902606 30.553361, -97.903444 30.553647, -97.904036 30.553848, -97.904191 30.554841, -97.904074 30.555012, -97.905721 30.556725, -97.906636 30.557051, -97.910627 30.55789, -97.91253 30.558359, -97.913476 30.558567, -97.91404 30.558701, -97.914392 30.558813, -97.914533 30.558864, -97.915482 30.559286, -97.915478 30.559371, -97.915463 30.559702, -97.915679 30.559818, -97.915616 30.560828))",59.2,301.0,144669.0,25.0,0.0,4072860.475945862,7.390383289034648e-05
"POLYGON ((-97.753582 30.439614, -97.752877 30.439862, -97.752602 30.439965, -97.752436 30.440095, -97.750611 30.440818, -97.749654 30.441171, -97.749638 30.44114, -97.749605 30.441078, -97.748875 30.439719, -97.748812 30.439633, -97.748761 30.439581, -97.748671 30.439512, -97.748447 30.439366, -97.747375 30.438809, -97.747255 30.438759, -97.747151 30.438723, -97.747035 30.438692, -97.746914 30.438684, -97.746195 30.438928, -97.745789 30.439277, -97.744663 30.439937, -97.744501 30.439557, -97.74432 30.438464, -97.744176 30.43795, -97.744034 30.437446, -97.744 30.43703, -97.743618 30.435501, -97.744247 30.434521, -97.744525 30.434202, -97.744718 30.434002, -97.744889 30.434102, -97.745069 30.434206, -97.745833 30.43465, -97.745996 30.434745, -97.753293 30.438995, -97.75407 30.439446, -97.753582 30.439614))",39.4,1011.0,57427.0,61.0,0.0,345047.79309144727,0.0029300288836568702
"POLYGON ((-97.749654 30.441171, -97.748091 30.441807, -97.747723 30.441956, -97.746416 30.442429, -97.746295 30.442484, -97.744619 30.443103, -97.744499 30.443164, -97.7444 30.443192, -97.742758 30.443794, -97.742559 30.443867, -97.742537 30.443875, -97.742433 30.443913, -97.742289 30.443966, -97.742227 30.443828, -97.742037 30.443401, -97.741578 30.442507, -97.74132 30.442101, -97.740966 30.441638, -97.740806 30.441402, -97.740628 30.441165, -97.740343 30.440844, -97.739853 30.440357, -97.739411 30.439946, -97.738896 30.439545, -97.738941 30.439501, -97.739055 30.439389, -97.739087 30.439358, -97.739177 30.43927, -97.739311 30.439184, -97.739422 30.439124, -97.739476 30.439109, -97.739499 30.439102, -97.739553 30.439088, -97.739694 30.439066, -97.739965 30.439042, -97.740947 30.438956, -97.741007 30.438949, -97.741105 30.438925, -97.741215 30.438891, -97.741688 30.4387, -97.74227 30.438452, -97.742414 30.438397, -97.742683 30.438327, -97.743213 30.438201, -97.74368 30.438078, -97.744042 30.437993, -97.744176 30.43795, -97.74432 30.438464, -97.744501 30.439557, -97.744663 30.439937, -97.745789 30.439277, -97.746195 30.438928, -97.746914 30.438684, -97.747035 30.438692, -97.747151 30.438723, -97.747255 30.438759, -97.747375 30.438809, -97.748447 30.439366, -97.748671 30.439512, -97.748761 30.439581, -97.748812 30.439633, -97.748875 30.439719, -97.749605 30.441078, -97.749638 30.44114, -97.749654 30.441171))",28.8,1661.0,54427.0,146.0,0.0,363848.9393506327,0.004565081330082793
"POLYGON ((-97.746223 30.449417, -97.744377 30.449454, -97.743964 30.449468, -97.74361 30.449476, -97.742717 30.449496, -97.739299 30.449571, -97.738983 30.449578, -97.733685 30.449701, -97.731054 30.450994, -97.729986 30.451519, -97.72317 30.454871, -97.722242 30.455327, -97.721984 30.455454, -97.721685 30.455601, -97.721285 30.455801, -97.721149 30.455835, -97.721166 30.455608, -97.721229 30.455193, -97.721237 30.455112, -97.721243 30.454949, -97.721246 30.454881, -97.721243 30.454826, -97.721234 30.45465, -97.721203 30.454418, -97.721151 30.454191, -97.721099 30.454023, -97.721036 30.453859, -97.720962 30.453696, -97.720907 30.45359, -97.720783 30.453383, -97.720723 30.453298, -97.720718 30.453129, -97.720979 30.4527, -97.72156 30.451543, -97.721929 30.450857, -97.722316 30.450101, -97.722628 30.449475, -97.722646 30.449445, -97.722659 30.449413, -97.722696 30.449343, -97.722919 30.448918, -97.723018 30.448729, -97.723383 30.447984, -97.723458 30.447831, -97.726791 30.441035, -97.726998 30.440608, -97.727423 30.439676, -97.727632 30.43896, -97.727736 30.438611, -97.727761 30.438525, -97.727798 30.438391, -97.727913 30.437824, -97.727951 30.437717, -97.727961 30.437641, -97.728033 30.437133, -97.728157 30.436472, -97.728267 30.435897, -97.7286 30.434056, -97.728882 30.432699, -97.729521 30.433023, -97.729842 30.433196, -97.730419 30.433568, -97.731149 30.434067, -97.731678 30.434426, -97.733844 30.43594, -97.735883 30.437358, -97.735996 30.437437, -97.736764 30.437995, -97.737359 30.43843, -97.738896 30.439545, -97.739411 30.439946, -97.739853 30.440357, -97.740343 30.440844, -97.740628 30.441165, -97.740806 30.441402, -97.740966 30.441638, -97.74132 30.442101, -97.741578 30.442507, -97.742037 30.443401, -97.742227 30.443828, -97.742289 30.443966, -97.742832 30.445043, -97.743116 30.445602, -97.743341 30.445977, -97.743692 30.446597, -97.743792 30.446758, -97.744288 30.447433, -97.744776 30.448038, -97.74521 30.448497, -97.745765 30.449027, -97.746223 30.449417))",32.1,3051.0,112276.0,77.0,24.0,2710969.0388784753,0.0011254278290327487
"POLYGON ((-97.759248 30.419864, -97.759056 30.419962, -97.758913 30.419953, -97.758697 30.420029, -97.75812 30.420479, -97.758012 30.420774, -97.757864 30.420909, -97.757493 30.421352, -97.757354 30.421418, -97.756723 30.421433, -97.75644 30.421452, -97.756003 30.421586, -97.755774 30.421758, -97.755735 30.421821, -97.755568 30.422089, -97.755296 30.422406, -97.754684 30.421917, -97.754213 30.421476, -97.753923 30.421195, -97.753343 30.420548, -97.753236 30.420428, -97.751837 30.418859, -97.751324 30.418404, -97.750035 30.417286, -97.749744 30.417011, -97.749989 30.416671, -97.750211 30.416338, -97.75013 30.416291, -97.750802 30.41541, -97.751398 30.414629, -97.751738 30.414182, -97.752038 30.413788, -97.752482 30.413764, -97.752942 30.41384, -97.753317 30.413901, -97.753459 30.414534, -97.753489 30.414585, -97.753531 30.414625, -97.753572 30.414636, -97.75363 30.414632, -97.753774 30.414589, -97.754448 30.414393, -97.754701 30.414328, -97.754854 30.4143, -97.755039 30.414309, -97.755206 30.414344, -97.755396 30.414409, -97.755544 30.414504, -97.755656 30.414595, -97.755882 30.414806, -97.755683 30.414941, -97.754623 30.415782, -97.752647 30.417341, -97.752798 30.417508, -97.752989 30.417621, -97.753167 30.417687, -97.753344 30.417742, -97.753456 30.417793, -97.753569 30.417871, -97.753638 30.417919, -97.753755 30.418035, -97.754717 30.417287, -97.756577 30.419109, -97.757314 30.418018, -97.758439 30.418871, -97.758972 30.419256, -97.759449 30.419519, -97.759248 30.419864))",29.6,842.0,127368.0,0.0,52.0,365840.2676126728,0.002301550907707768
"POLYGON ((-97.648169 30.460923, -97.647542 30.461364, -97.646309 30.46314, -97.645384 30.462685, -97.644912 30.462444, -97.644255 30.46212, -97.643573 30.462003, -97.642302 30.461993, -97.641727 30.46201, -97.64073 30.462009, -97.640385 30.461987, -97.639894 30.461832, -97.639159 30.461315, -97.638514 30.4607, -97.638196 30.460542, -97.638159 30.460525, -97.638097 30.46062, -97.638051 30.460693, -97.637966 30.460825, -97.637797 30.461094, -97.637718 30.461199, -97.637571 30.461421, -97.637142 30.462117, -97.637053 30.462253, -97.636879 30.462562, -97.63668 30.462891, -97.635441 30.464845, -97.633352 30.468109, -97.633221 30.468304, -97.633134 30.468432, -97.633086 30.468504, -97.632307 30.468138, -97.630677 30.46737, -97.629883 30.467009, -97.630128 30.466627, -97.630262 30.466417, -97.630394 30.466244, -97.630592 30.466037, -97.630752 30.465881, -97.630934 30.465723, -97.631122 30.465578, -97.6314 30.465387, -97.632409 30.46483, -97.632567 30.464711, -97.632739 30.464615, -97.632873 30.464533, -97.63321 30.464287, -97.633427 30.464093, -97.633594 30.463911, -97.633721 30.46376, -97.633811 30.463642, -97.633839 30.463603, -97.633962 30.463428, -97.634059 30.463262, -97.634161 30.463057, -97.634263 30.462824, -97.634304 30.462698, -97.634353 30.462517, -97.63438 30.462386, -97.634406 30.462315, -97.634454 30.46205, -97.634451 30.461784, -97.634442 30.461592, -97.634428 30.461472, -97.6343 30.460593, -97.634298 30.4605, -97.634174 30.459162, -97.634176 30.458914, -97.634213 30.458784, -97.634305 30.458275, -97.634459 30.457918, -97.634681 30.457514, -97.634927 30.457106, -97.635455 30.456271, -97.635958 30.455484, -97.636071 30.455528, -97.636219 30.455587, -97.636356 30.455628, -97.636492 30.455686, -97.636609 30.455723, -97.636932 30.45576, -97.637089 30.455785, -97.637225 30.455796, -97.637361 30.455813, -97.637387 30.455818, -97.637495 30.455862, -97.637553 30.455876, -97.637777 30.455978, -97.637858 30.456029, -97.638035 30.456174, -97.638101 30.456218, -97.638371 30.45637, -97.638495 30.456431, -97.638701 30.456544, -97.638831 30.456613, -97.638907 30.45666, -97.639053 30.456774, -97.639108 30.456816, -97.639164 30.456856, -97.639276 30.456925, -97.639348 30.456958, -97.639406 30.456976, -97.639461 30.456984, -97.639507 30.45698, -97.639552 30.456967, -97.639664 30.456906, -97.639791 30.456866, -97.639932 30.456804, -97.640053 30.456761, -97.640104 30.456746, -97.640191 30.456729, -97.640306 30.456723, -97.640429 30.456724, -97.640529 30.456726, -97.640591 30.45673, -97.640623 30.456735, -97.640657 30.456743, -97.640693 30.456754, -97.640734 30.45677, -97.640834 30.456812, -97.640886 30.456832, -97.640937 30.456851, -97.64096 30.456869, -97.640976 30.456883, -97.641014 30.456939, -97.641042 30.456982, -97.641085 30.457005, -97.641126 30.45703, -97.641163 30.457058, -97.641194 30.457063, -97.641223 30.457076, -97.64125 30.457087, -97.641279 30.457097, -97.641309 30.457106, -97.641342 30.457114, -97.641373 30.45712, -97.641436 30.457129, -97.641467 30.457131, -97.641524 30.457131, -97.641576 30.457128, -97.641604 30.457125, -97.64169 30.457112, -97.641754 30.457108, -97.641828 30.457107, -97.641865 30.457108, -97.641904 30.457112, -97.641945 30.457118, -97.642021 30.457133, -97.642089 30.457154, -97.642167 30.457184, -97.642195 30.457197, -97.64222 30.457211, -97.642241 30.457225, -97.642277 30.457258, -97.642315 30.457299, -97.642353 30.457351, -97.642373 30.457373, -97.642396 30.45739, -97.642433 30.457409, -97.642486 30.45743, -97.642545 30.457451, -97.642663 30.457488, -97.642691 30.457498, -97.642749 30.457523, -97.642781 30.45754, -97.642804 30.457554, -97.642824 30.45757, -97.64284 30.457589, -97.642852 30.457608, -97.64286 30.457629, -97.642866 30.457651, -97.642869 30.457675, -97.64287 30.4577, -97.642869 30.457727, -97.642865 30.457748, -97.64286 30.457767, -97.642853 30.457784, -97.642841 30.457802, -97.642828 30.457818, -97.642812 30.457832, -97.642777 30.457853, -97.642704 30.457891, -97.642613 30.457942, -97.642591 30.457957, -97.642577 30.457976, -97.642569 30.458007, -97.642566 30.45805, -97.642566 30.458092, -97.642568 30.458132, -97.64257 30.458154, -97.642574 30.458176, -97.642586 30.458222, -97.642606 30.458279, -97.642631 30.458334, -97.642688 30.458441, -97.642744 30.458542, -97.642771 30.458582, -97.642786 30.458601, -97.642824 30.45864, -97.642861 30.458672, -97.642946 30.458726, -97.643008 30.458763, -97.643088 30.458807, -97.643517 30.458992, -97.643645 30.459042, -97.644005 30.4592, -97.644136 30.459245, -97.644205 30.459275, -97.644313 30.459338, -97.6444 30.459401, -97.644613 30.459486, -97.644687 30.459528, -97.644937 30.459643, -97.645163 30.459733, -97.645265 30.45979, -97.645332 30.459845, -97.645389 30.45988, -97.645471 30.459911, -97.645523 30.459923, -97.64562 30.459931, -97.645761 30.45997, -97.645787 30.459984, -97.645998 30.460195, -97.646043 30.460216, -97.646099 30.460223, -97.646225 30.460217, -97.646342 30.460226, -97.646418 30.460243, -97.646465 30.460268, -97.646765 30.460553, -97.646849 30.460599, -97.6469 30.460615, -97.647137 30.46061, -97.64728 30.460617, -97.647336 30.460623, -97.647387 30.460637, -97.64743 30.460676, -97.647534 30.460701, -97.64758 30.460704, -97.647603 30.460689, -97.647647 30.460609, -97.647683 30.460578, -97.647709 30.460569, -97.647767 30.460565, -97.64782 30.460573, -97.647857 30.46059, -97.647899 30.460623, -97.647962 30.460689, -97.648037 30.460752, -97.648155 30.460835, -97.648214 30.460879, -97.648169 30.460923))",37.2,1982.0,98750.0,91.0,48.0,798807.3376362751,0.0024811990408912265
"POLYGON ((-97.621046 30.471913, -97.620973 30.472027, -97.619482 30.474347, -97.619193 30.474811, -97.619104 30.474954, -97.618515 30.4759, -97.617289 30.477871, -97.615728 30.480427, -97.615321 30.481144, -97.614774 30.481965, -97.6141 30.482966, -97.614048 30.482946, -97.611949 30.481957, -97.610423 30.48131, -97.607133 30.479987, -97.605771 30.479501, -97.60545 30.479347, -97.603373 30.478351, -97.602703 30.478029, -97.602279 30.477825, -97.601263 30.477338, -97.601144 30.477281, -97.599487 30.476486, -97.598734 30.476125, -97.598528 30.476026, -97.596596 30.475099, -97.595733 30.474685, -97.59568 30.47466, -97.595197 30.474428, -97.594694 30.47422, -97.593903 30.47379, -97.593638 30.473647, -97.592853 30.473127, -97.59258 30.47296, -97.592534 30.472931, -97.592467 30.472881, -97.592053 30.472529, -97.591969 30.472451, -97.591662 30.47218, -97.591784 30.471896, -97.591865 30.471708, -97.591951 30.471507, -97.592101 30.471157, -97.592787 30.46937, -97.59316 30.467924, -97.5932 30.467641, -97.593364 30.466838, -97.593504 30.46611, -97.593561 30.465723, -97.59359 30.465336, -97.59363 30.464909, -97.594108 30.464895, -97.59474 30.464877, -97.594963 30.464895, -97.595158 30.464895, -97.595325 30.464886, -97.595753 30.46483, -97.596134 30.464672, -97.596533 30.464421, -97.596897 30.464084, -97.597588 30.462977, -97.59767 30.462848, -97.598502 30.461517, -97.598792 30.461056, -97.601267 30.457133, -97.602064 30.455899, -97.602374 30.45607, -97.602535 30.456147, -97.602868 30.456282, -97.603146 30.456373, -97.603389 30.456438, -97.603567 30.456476, -97.603747 30.456508, -97.603929 30.456533, -97.604111 30.456552, -97.604294 30.456563, -97.604478 30.456568, -97.604662 30.456566, -97.604845 30.456557, -97.605117 30.45652, -97.605794 30.456354, -97.606838 30.45605, -97.607135 30.455966, -97.607383 30.455901, -97.607614 30.455853, -97.607791 30.455831, -97.607947 30.455815, -97.60824 30.455801, -97.608512 30.455819, -97.60875 30.45585, -97.609002 30.455899, -97.609254 30.45597, -97.609642 30.456106, -97.60979 30.456172, -97.611346 30.456915, -97.616037 30.459154, -97.616804 30.460984, -97.617156 30.461628, -97.617474 30.462569, -97.61764 30.463064, -97.619043 30.466653, -97.61991 30.468869, -97.620041 30.469202, -97.620121 30.469407, -97.620282 30.469821, -97.62093 30.471477, -97.62094 30.471494, -97.621115 30.471806, -97.621046 30.471913))",35.0,4953.0,118385.0,246.0,21.0,5400687.930479686,0.0009171053880093526
"POLYGON ((-97.733537 30.319415, -97.731879 30.322182, -97.731865 30.322262, -97.731645 30.322151, -97.731183 30.321936, -97.729393 30.321087, -97.730291 30.319607, -97.730818 30.318694, -97.731133 30.318265, -97.733255 30.319323, -97.733468 30.319394, -97.733537 30.319415))",37.1,505.0,52230.0,28.0,69.0,94230.89908547621,0.005359176288256763
"POLYGON ((-97.723143 30.296542, -97.723134 30.296585, -97.722946 30.297267, -97.722637 30.298581, -97.722386 30.299682, -97.722353 30.299747, -97.721551 30.301488, -97.720984 30.302657, -97.720556 30.303335, -97.72049 30.303452, -97.720169 30.303946, -97.720118 30.304036, -97.720095 30.304091, -97.719615 30.304854, -97.718717 30.304412, -97.717807 30.303959, -97.717343 30.30374, -97.717132 30.303678, -97.716836 30.303608, -97.71663 30.303579, -97.716442 30.303593, -97.716303 30.303601, -97.716231 30.303605, -97.716209 30.303607, -97.715981 30.303624, -97.715838 30.303088, -97.715713 30.302755, -97.715685 30.302694, -97.715628 30.302591, -97.715382 30.302184, -97.715345 30.302123, -97.71529 30.302037, -97.715267 30.302011, -97.715329 30.301911, -97.715352 30.301874, -97.716422 30.300222, -97.716574 30.29999, -97.717293 30.298849, -97.718081 30.297611, -97.719719 30.294945, -97.72013 30.294284, -97.720174 30.294304, -97.721036 30.294731, -97.722932 30.295625, -97.723286 30.295792, -97.723143 30.296542))",34.0,550.0,41955.0,88.0,15.0,488562.8131725045,0.0011257508454819768
"POLYGON ((-97.778846 30.193092, -97.778566 30.193732, -97.777123 30.197027, -97.776856 30.197778, -97.776799 30.197939, -97.77674 30.198134, -97.776526 30.198077, -97.77622 30.197967, -97.775234 30.197586, -97.774996 30.197501, -97.774547 30.197342, -97.774017 30.197154, -97.773723 30.196953, -97.773111 30.196861, -97.772414 30.196989, -97.772274 30.197014, -97.77171 30.197119, -97.770638 30.197411, -97.770167 30.197356, -97.768487 30.198624, -97.768403 30.198541, -97.767959 30.198246, -97.767669 30.198062, -97.767282 30.197916, -97.766912 30.197804, -97.766286 30.197695, -97.76583 30.197653, -97.765454 30.197478, -97.765028 30.197527, -97.765525 30.196887, -97.766356 30.195818, -97.767447 30.194454, -97.767803 30.194007, -97.769063 30.192435, -97.769864 30.191389, -97.770518 30.190537, -97.77062 30.190589, -97.770795 30.190679, -97.770857 30.190721, -97.771587 30.190955, -97.772273 30.191174, -97.773277 30.191495, -97.773579 30.191591, -97.773787 30.191636, -97.774191 30.191715, -97.774394 30.191747, -97.774535 30.191776, -97.77478 30.191832, -97.774935 30.191876, -97.775074 30.19193, -97.775361 30.192028, -97.775521 30.192086, -97.775839 30.192225, -97.776254 30.192382, -97.776539 30.192511, -97.776912 30.192623, -97.777385 30.192748, -97.77758 30.192788, -97.777668 30.192816, -97.778753 30.193071, -97.778846 30.193092))",35.1,1269.0,81250.0,98.0,0.0,667342.1909376244,0.0019015731617643395
"POLYGON ((-97.712785 30.232772, -97.71275 30.232948, -97.712673 30.233186, -97.712596 30.233467, -97.712589 30.2336, -97.712589 30.23374, -97.712634 30.233911, -97.712595 30.233917, -97.712538 30.233936, -97.711934 30.234169, -97.711053 30.234482, -97.710901 30.234536, -97.710233 30.234801, -97.709891 30.234627, -97.709849 30.234606, -97.709718 30.234556, -97.709454 30.234566, -97.709307 30.234597, -97.709184 30.234584, -97.709101 30.234541, -97.708925 30.234539, -97.708836 30.234553, -97.708517 30.234678, -97.708319 30.234742, -97.708084 30.234783, -97.707966 30.23483, -97.707726 30.234841, -97.707615 30.234859, -97.707553 30.234901, -97.707518 30.234961, -97.70724 30.23498, -97.706973 30.234993, -97.70695 30.234975, -97.706609 30.234993, -97.706426 30.235029, -97.706372 30.235033, -97.706309 30.235035, -97.706194 30.235051, -97.70612 30.235057, -97.705953 30.235049, -97.705789 30.234973, -97.705713 30.234875, -97.705619 30.234663, -97.705578 30.234471, -97.705503 30.23435, -97.705183 30.234143, -97.705015 30.234007, -97.704918 30.233928, -97.705031 30.233752, -97.705665 30.23277, -97.705857 30.232448, -97.705983 30.232217, -97.706089 30.231982, -97.706164 30.231772, -97.706205 30.23154, -97.706216 30.231461, -97.706242 30.231277, -97.706218 30.23051, -97.706202 30.230359, -97.706217 30.230216, -97.706218 30.230152, -97.70622 30.230107, -97.706242 30.229932, -97.706303 30.229695, -97.706381 30.229444, -97.706522 30.229161, -97.707285 30.227902, -97.70763 30.227377, -97.707708 30.227258, -97.707839 30.227067, -97.707891 30.227091, -97.707954 30.22712, -97.707969 30.227127, -97.708082 30.227184, -97.708437 30.227355, -97.708728 30.227495, -97.708997 30.22759, -97.710885 30.228564, -97.711238 30.228754, -97.711608 30.228952, -97.711755 30.229031, -97.712473 30.22947, -97.712619 30.229564, -97.712571 30.22963, -97.712435 30.229816, -97.712197 30.230145, -97.712174 30.230651, -97.712405 30.231346, -97.712701 30.232015, -97.712771 30.232345, -97.712792 30.232464, -97.712785 30.232772))",40.7,593.0,63906.0,0.0,0.0,451232.1061180558,0.0013141795363401146
"POLYGON ((-97.647684 30.191873, -97.647639 30.192207, -97.64757 30.192649, -97.64748 30.192963, -97.647315 30.193358, -97.647115 30.193717, -97.646694 30.194334, -97.646675 30.194361, -97.646651 30.194396, -97.646637 30.194412, -97.646054 30.194902, -97.645139 30.195671, -97.645021 30.195777, -97.643747 30.196923, -97.641457 30.198978, -97.64081 30.199561, -97.64075 30.199614, -97.64056 30.199783, -97.639981 30.200305, -97.639648 30.200604, -97.639106 30.201091, -97.638609 30.201538, -97.638247 30.201882, -97.638179 30.20195, -97.637896 30.202247, -97.637727 30.20244, -97.637694 30.20243, -97.63759 30.202375, -97.637513 30.202338, -97.637409 30.202284, -97.636196 30.201685, -97.636124 30.201649, -97.636028 30.201602, -97.63444 30.200772, -97.633862 30.200532, -97.632898 30.200171, -97.632359 30.19996, -97.631406 30.199607, -97.630105 30.199052, -97.629091 30.198583, -97.628144 30.198095, -97.627398 30.197636, -97.626499 30.197062, -97.625734 30.196469, -97.625246 30.196106, -97.624758 30.195685, -97.624356 30.195312, -97.624088 30.195092, -97.623664 30.194727, -97.623438 30.194528, -97.622902 30.194068, -97.622414 30.193628, -97.622156 30.19337, -97.621754 30.192844, -97.621391 30.192308, -97.621194 30.19197, -97.621019 30.191696, -97.619408 30.190209, -97.619202 30.190019, -97.61846 30.189335, -97.617949 30.18886, -97.61795 30.188657, -97.617885 30.188543, -97.616756 30.187492, -97.61667 30.18742, -97.616577 30.187347, -97.616199 30.18706, -97.615619 30.186741, -97.615096 30.186492, -97.615064 30.186477, -97.614918 30.18643, -97.614045 30.186181, -97.613454 30.186068, -97.612992 30.186026, -97.612473 30.186011, -97.611954 30.186026, -97.611224 30.186083, -97.610448 30.186139, -97.609476 30.186213, -97.609445 30.185371, -97.609474 30.18502, -97.609529 30.184774, -97.609602 30.184561, -97.60971 30.184331, -97.609799 30.184144, -97.609927 30.183949, -97.610079 30.183745, -97.610263 30.183567, -97.610526 30.183331, -97.610791 30.183137, -97.61117 30.182907, -97.61159 30.18268, -97.611894 30.182499, -97.612121 30.182366, -97.612273 30.182263, -97.612373 30.182188, -97.612519 30.182065, -97.612665 30.181917, -97.612781 30.181777, -97.61325 30.181091, -97.61353 30.180645, -97.614415 30.179261, -97.614765 30.178752, -97.61482 30.178686, -97.614865 30.178633, -97.615191 30.178297, -97.615697 30.177947, -97.616082 30.177753, -97.616974 30.177358, -97.617253 30.177235, -97.61782 30.176969, -97.618075 30.176837, -97.618271 30.176723, -97.618451 30.176584, -97.618826 30.17625, -97.618867 30.176186, -97.619186 30.17568, -97.620205 30.174069, -97.620236 30.174022, -97.620722 30.173275, -97.621415 30.172213, -97.621577 30.171965, -97.62263 30.17018, -97.623117 30.169415, -97.623181 30.169445, -97.62754 30.171507, -97.627574 30.171523, -97.627598 30.171535, -97.627959 30.171707, -97.629441 30.172391, -97.635926 30.175506, -97.636394 30.175731, -97.636784 30.175918, -97.637341 30.176185, -97.637795 30.176403, -97.638695 30.176836, -97.639331 30.177158, -97.63964 30.177315, -97.639726 30.177358, -97.640009 30.177494, -97.642074 30.178488, -97.642872 30.178868, -97.643729 30.179263, -97.644159 30.179462, -97.644557 30.179646, -97.645517 30.180106, -97.645763 30.180244, -97.646561 30.180623, -97.645914 30.182274, -97.645765 30.183293, -97.645778 30.183621, -97.645798 30.184056, -97.645845 30.184363, -97.645963 30.184891, -97.646099 30.185386, -97.646151 30.185612, -97.646254 30.18606, -97.646284 30.186193, -97.64654 30.187038, -97.646895 30.188389, -97.647396 30.190328, -97.647564 30.190924, -97.64763 30.191298, -97.647664 30.191599, -97.647684 30.191873))",39.9,1469.0,57722.0,67.0,0.0,7495023.99629759,0.00019599670404333062
"POLYGON ((-97.849708 30.248129, -97.849359 30.248651, -97.849068 30.24908, -97.84872 30.249592, -97.846201 30.253318, -97.845843 30.253828, -97.84503 30.255122, -97.844896 30.255335, -97.844647 30.255684, -97.844444 30.256015, -97.844354 30.256255, -97.844259 30.256713, -97.844185 30.257416, -97.84415 30.257698, -97.844088 30.257986, -97.843998 30.258226, -97.843878 30.258405, -97.843757 30.258587, -97.843597 30.258793, -97.843446 30.258961, -97.843166 30.259178, -97.843013 30.259273, -97.842916 30.259333, -97.842741 30.259398, -97.842595 30.259434, -97.842434 30.259461, -97.842322 30.259467, -97.842244 30.259471, -97.842156 30.259469, -97.842017 30.259455, -97.841795 30.25941, -97.841729 30.259389, -97.841535 30.259317, -97.840646 30.258824, -97.840523 30.258728, -97.840414 30.258621, -97.840328 30.258512, -97.840261 30.258406, -97.8402 30.258273, -97.840165 30.258168, -97.840134 30.258007, -97.840128 30.257884, -97.840141 30.25773, -97.840198 30.257416, -97.84026 30.257078, -97.840287 30.256773, -97.840235 30.256516, -97.840192 30.256329, -97.840078 30.256145, -97.839965 30.256011, -97.839897 30.255952, -97.839716 30.255797, -97.839513 30.255672, -97.838628 30.255275, -97.838443 30.255181, -97.838326 30.255107, -97.838228 30.255039, -97.838023 30.254856, -97.837538 30.254181, -97.83749 30.254131, -97.837402 30.254052, -97.837306 30.253981, -97.837038 30.253828, -97.836292 30.253403, -97.83548 30.252956, -97.835667 30.252778, -97.835864 30.252614, -97.836065 30.252469, -97.836181 30.252394, -97.836421 30.252253, -97.836637 30.252145, -97.836837 30.252058, -97.83714 30.251948, -97.837376 30.251879, -97.837694 30.251808, -97.838202 30.251733, -97.838362 30.251716, -97.838488 30.251716, -97.83859 30.251721, -97.838727 30.251737, -97.839183 30.251823, -97.839303 30.251842, -97.839417 30.251852, -97.839531 30.251855, -97.839657 30.251849, -97.839808 30.251833, -97.83998 30.251795, -97.840124 30.251751, -97.84017 30.251732, -97.840191 30.251727, -97.840338 30.251655, -97.840453 30.251588, -97.840593 30.251495, -97.840698 30.251399, -97.84121 30.250856, -97.841781 30.250257, -97.842139 30.249755, -97.842177 30.249593, -97.842269 30.249188, -97.8423 30.248762, -97.841793 30.247933, -97.839987 30.24674, -97.839706 30.246554, -97.838506 30.245759, -97.837361 30.245181, -97.837115 30.245056, -97.836919 30.244969, -97.836777 30.244887, -97.836601 30.244749, -97.837401 30.244849, -97.837904 30.244829, -97.83865 30.244708, -97.839384 30.244437, -97.840048 30.244165, -97.840776 30.244119, -97.841531 30.244344, -97.841976 30.244533, -97.842618 30.244585, -97.844596 30.245572, -97.846331 30.246422, -97.847646 30.247079, -97.849243 30.247878, -97.849378 30.247946, -97.84954 30.248027, -97.849633 30.248089, -97.849667 30.248107, -97.849708 30.248129))",32.2,1097.0,74739.0,0.0,18.0,1040624.9241243589,0.001054174251037739
"POLYGON ((-97.728116 30.402932, -97.727287 30.403619, -97.725854 30.404846, -97.724428 30.405676, -97.722498 30.406761, -97.7213 30.407342, -97.720665 30.407596, -97.719591 30.407959, -97.718574 30.408222, -97.717545 30.408335, -97.716232 30.408554, -97.716149 30.408568, -97.71599 30.40858, -97.715924 30.408277, -97.715908 30.408206, -97.715855 30.407834, -97.715853 30.407816, -97.715745 30.407419, -97.715655 30.406979, -97.715617 30.406651, -97.715607 30.406131, -97.715689 30.405729, -97.715868 30.40524, -97.716028 30.404968, -97.716042 30.404944, -97.717609 30.402276, -97.718448 30.400848, -97.718661 30.400228, -97.719319 30.398324, -97.719476 30.398377, -97.720013 30.398556, -97.720672 30.398803, -97.7215 30.39904, -97.722517 30.399403, -97.723159 30.399668, -97.723269 30.399714, -97.723778 30.399863, -97.725044 30.400237, -97.725181 30.400261, -97.725762 30.400366, -97.7262 30.400387, -97.72672 30.400541, -97.726961 30.400633, -97.727579 30.401666, -97.727792 30.402133, -97.728046 30.40209, -97.72806 30.402234, -97.72806 30.402428, -97.728071 30.402694, -97.728116 30.402932))",31.0,1931.0,123377.0,43.0,43.0,799820.4854082038,0.0024142917507476405
"POLYGON ((-97.603501 30.497231, -97.601799 30.498598, -97.601609 30.498695, -97.600238 30.499394, -97.59725 30.500917, -97.596162 30.501481, -97.595922 30.501375, -97.595639 30.501272, -97.593828 30.500609, -97.593523 30.500497, -97.593339 30.50043, -97.592989 30.500447, -97.592887 30.500503, -97.592087 30.50071, -97.591314 30.500909, -97.59124 30.50054, -97.591209 30.500082, -97.591149 30.49917, -97.591125 30.498751, -97.591117 30.498618, -97.59111 30.498504, -97.591109 30.498483, -97.591055 30.497564, -97.591015 30.49753, -97.590886 30.497286, -97.590596 30.49718, -97.590306 30.49718, -97.589855 30.497397, -97.589315 30.497656, -97.589203 30.49771, -97.588793 30.497915, -97.588371 30.498, -97.587881 30.498006, -97.587862 30.49819, -97.587845 30.498196, -97.586838 30.498564, -97.586283 30.498769, -97.585922 30.498898, -97.584638 30.499367, -97.58375 30.499704, -97.58342 30.499842, -97.581899 30.50046, -97.581265 30.500715, -97.581177 30.500751, -97.581182 30.500712, -97.581278 30.500344, -97.581301 30.500258, -97.581388 30.499927, -97.581517 30.499175, -97.5816 30.498695, -97.581711 30.498058, -97.581887 30.497035, -97.582511 30.494187, -97.582427 30.493912, -97.582686 30.493905, -97.582926 30.493898, -97.583519 30.49388, -97.583785 30.493873, -97.583971 30.493868, -97.584061 30.493865, -97.58439 30.493856, -97.58442 30.493856, -97.585556 30.493836, -97.586026 30.493828, -97.587633 30.493801, -97.589855 30.493763, -97.591168 30.493742, -97.592119 30.493726, -97.592513 30.493859, -97.592625 30.494004, -97.592678 30.494129, -97.592698 30.49428, -97.59277 30.496784, -97.592773 30.496986, -97.592799 30.497147, -97.592875 30.497351, -97.592935 30.4975, -97.593379 30.497342, -97.59361 30.497296, -97.593933 30.497264, -97.594944 30.497233, -97.596334 30.497204, -97.600274 30.497195, -97.603374 30.497186, -97.603536 30.497184, -97.603501 30.497231))",42.3,1375.0,61373.0,209.0,9.0,912522.2526034894,0.0015068125693121776
"POLYGON ((-97.634343 30.469836, -97.633891 30.470566, -97.633598 30.470787, -97.633113 30.471005, -97.632289 30.471361, -97.631865 30.47158, -97.63151 30.471863, -97.631075 30.472444, -97.630512 30.473323, -97.630268 30.473239, -97.629744 30.473183, -97.629628 30.473207, -97.629229 30.473291, -97.628814 30.473518, -97.628705 30.473622, -97.628447 30.473864, -97.628301 30.474328, -97.628185 30.474958, -97.628062 30.475561, -97.628004 30.475867, -97.627979 30.47618, -97.628028 30.47658, -97.628096 30.47683, -97.628207 30.477101, -97.628507 30.477586, -97.628956 30.478236, -97.62925 30.478777, -97.62938 30.479245, -97.629399 30.479482, -97.629399 30.47975, -97.629352 30.480043, -97.629311 30.480197, -97.62923 30.480464, -97.629149 30.480736, -97.628979 30.481226, -97.628161 30.481071, -97.62755 30.480974, -97.627009 30.48095, -97.626186 30.480991, -97.625746 30.481, -97.625554 30.480639, -97.625444 30.480662, -97.625362 30.480481, -97.625212 30.480195, -97.624942 30.479614, -97.624848 30.479423, -97.624417 30.478505, -97.624327 30.478306, -97.623852 30.47732, -97.62354 30.476643, -97.623456 30.476478, -97.623281 30.47609, -97.623184 30.475904, -97.622949 30.475397, -97.62284 30.475187, -97.622793 30.475065, -97.622745 30.474969, -97.622675 30.474846, -97.622364 30.474183, -97.621999 30.473423, -97.621953 30.473291, -97.621115 30.471806, -97.621254 30.47159, -97.621708 30.470961, -97.621783 30.470862, -97.621797 30.470847, -97.622011 30.470583, -97.622161 30.470444, -97.622312 30.470317, -97.622427 30.470247, -97.622497 30.470206, -97.622707 30.470108, -97.622964 30.469995, -97.623206 30.469918, -97.623442 30.469868, -97.625669 30.469445, -97.627113 30.469175, -97.628139 30.468795, -97.628782 30.468402, -97.629264 30.468002, -97.629739 30.467303, -97.629883 30.467009, -97.630677 30.46737, -97.632307 30.468138, -97.633086 30.468504, -97.633511 30.468705, -97.634703 30.469288, -97.634343 30.469836))",36.8,2154.0,106890.0,139.0,21.0,926846.8529624344,0.002324008538320303
"POLYGON ((-97.591606 30.472291, -97.591402 30.472611, -97.589484 30.475828, -97.589444 30.475895, -97.588468 30.477434, -97.587235 30.479378, -97.585988 30.481271, -97.585552 30.481938, -97.585508 30.482005, -97.584469 30.483637, -97.584252 30.484252, -97.584117 30.484783, -97.58406 30.484773, -97.584003 30.484764, -97.583905 30.48475, -97.582803 30.484581, -97.582566 30.484551, -97.581618 30.484431, -97.580617 30.484305, -97.579735 30.484178, -97.578268 30.483985, -97.578282 30.483866, -97.578295 30.483739, -97.578363 30.483442, -97.578489 30.483238, -97.578753 30.482943, -97.578892 30.482757, -97.578973 30.48257, -97.579017 30.482365, -97.579022 30.482184, -97.578946 30.481862, -97.578829 30.481684, -97.578768 30.481591, -97.578688 30.481501, -97.57864 30.481448, -97.578482 30.481301, -97.57825 30.481123, -97.578114 30.48099, -97.57808 30.48094, -97.578012 30.480822, -97.577967 30.480714, -97.577875 30.480428, -97.577877 30.480299, -97.577921 30.479772, -97.577914 30.479634, -97.577897 30.479524, -97.577867 30.479424, -97.577825 30.479338, -97.577782 30.479268, -97.577565 30.478996, -97.57733 30.478763, -97.577852 30.478391, -97.578044 30.478237, -97.578147 30.478153, -97.578359 30.477922, -97.578497 30.477714, -97.578576 30.477571, -97.578625 30.477465, -97.57868 30.477332, -97.578592 30.477296, -97.578605 30.47725, -97.578702 30.477277, -97.578738 30.477163, -97.578943 30.476681, -97.579275 30.476246, -97.579951 30.475829, -97.580152 30.475589, -97.580189 30.475546, -97.580366 30.475163, -97.580496 30.474635, -97.580799 30.474288, -97.581273 30.4738, -97.581491 30.473457, -97.582046 30.472584, -97.582344 30.472116, -97.582455 30.471757, -97.582376 30.470926, -97.582526 30.470608, -97.582775 30.47037, -97.583422 30.470086, -97.583695 30.469915, -97.584027 30.469468, -97.584272 30.469011, -97.584582 30.468433, -97.584997 30.467722, -97.587029 30.468705, -97.587083 30.468731, -97.588847 30.469583, -97.589805 30.470047, -97.589883 30.470186, -97.590912 30.471454, -97.591098 30.471655, -97.591662 30.47218, -97.591606 30.472291))",36.9,2211.0,164926.0,43.0,0.0,1386478.57463125,0.0015946874625076995
"POLYGON ((-97.646345 30.299494, -97.646305 30.299371, -97.645754 30.300721, -97.64559 30.301122, -97.645347 30.301629, -97.645148 30.302013, -97.645138 30.302031, -97.64494 30.302393, -97.644721 30.302771, -97.644334 30.303388, -97.644088 30.303751, -97.643746 30.304228, -97.643295 30.30481, -97.642927 30.305246, -97.642817 30.305377, -97.642519 30.305709, -97.642408 30.30583, -97.642215 30.306019, -97.642009 30.306196, -97.641788 30.306359, -97.641555 30.306508, -97.641391 30.306599, -97.641332 30.306632, -97.64131 30.306644, -97.641269 30.306663, -97.641121 30.306733, -97.640925 30.306817, -97.640725 30.30689, -97.640521 30.306954, -97.640313 30.30701, -97.64003 30.307068, -97.639745 30.307109, -97.639529 30.307129, -97.639384 30.307136, -97.639094 30.307139, -97.63895 30.307133, -97.638804 30.307122, -97.638589 30.307098, -97.637529 30.306933, -97.634053 30.306391, -97.633654 30.306329, -97.633632 30.306328, -97.63357 30.306324, -97.633061 30.306332, -97.632722 30.306372, -97.632214 30.306561, -97.631998 30.30665, -97.631798 30.306742, -97.631575 30.306847, -97.631293 30.307025, -97.631038 30.307225, -97.630781 30.30746, -97.630527 30.307755, -97.630378 30.307963, -97.630199 30.307876, -97.627533 30.306579, -97.627934 30.305677, -97.622388 30.303006, -97.626622 30.301854, -97.627038 30.301742, -97.6276 30.301588, -97.627831 30.301524, -97.628085 30.301455, -97.6285 30.301341, -97.628711 30.301282, -97.629053 30.301186, -97.629494 30.301067, -97.630366 30.300827, -97.63324 30.300038, -97.63384 30.299883, -97.635899 30.299305, -97.637121 30.297325, -97.63767 30.296532, -97.637706 30.296481, -97.637752 30.296414, -97.63779 30.296359, -97.637826 30.296306, -97.637841 30.296285, -97.637954 30.296098, -97.638212 30.296224, -97.639299 30.296756, -97.640188 30.29719, -97.640878 30.297528, -97.6411 30.297589, -97.64174 30.297766, -97.643689 30.29823, -97.6442 30.298419, -97.644597 30.298566, -97.645582 30.299016, -97.645707 30.299072, -97.646305 30.299344, -97.646357 30.299369, -97.646345 30.299494))",35.2,2711.0,98750.0,146.0,1.0,1527873.7377465512,0.0017743612793544264
"POLYGON ((-97.688727 30.436046, -97.68863 30.436214, -97.688229 30.436908, -97.688115 30.437255, -97.688098 30.437863, -97.688092 30.438087, -97.688158 30.438173, -97.68809 30.438249, -97.688091 30.439237, -97.68799 30.439593, -97.687815 30.439919, -97.687279 30.440495, -97.68727 30.44053, -97.687291 30.440587, -97.687241 30.440637, -97.687185 30.440691, -97.687082 30.440793, -97.686975 30.440697, -97.686403 30.440187, -97.685806 30.439548, -97.685441 30.439, -97.685412 30.438954, -97.685392 30.438922, -97.685339 30.438832, -97.684886 30.438063, -97.684698 30.437745, -97.684165 30.437073, -97.68413 30.437042, -97.684339 30.436922, -97.684527 30.436815, -97.685189 30.436438, -97.685581 30.436262, -97.686047 30.435714, -97.686239 30.435541, -97.686335 30.435464, -97.686709 30.434902, -97.687098 30.435093, -97.687629 30.435352, -97.688866 30.435956, -97.688727 30.436046))",39.3,516.0,55282.0,7.0,0.0,153649.473484079,0.003358293317246332
"POLYGON ((-97.707773 30.294134, -97.707536 30.294149, -97.707114 30.294153, -97.705086 30.294169, -97.705089 30.294249, -97.705092 30.294316, -97.705094 30.294389, -97.705098 30.294555, -97.705098 30.294643, -97.70509 30.294733, -97.705076 30.294824, -97.705027 30.294992, -97.704995 30.295072, -97.704956 30.295145, -97.704909 30.295212, -97.704855 30.295273, -97.704796 30.295326, -97.704734 30.295373, -97.704597 30.29547, -97.70452 30.295514, -97.704432 30.295548, -97.704332 30.295572, -97.704225 30.295586, -97.704115 30.295594, -97.704002 30.295599, -97.703886 30.295604, -97.703767 30.295609, -97.703647 30.295613, -97.703529 30.295617, -97.703183 30.295624, -97.703071 30.295626, -97.702852 30.295628, -97.702769 30.295629, -97.702773 30.295699, -97.702778 30.295772, -97.702781 30.29584, -97.702785 30.295924, -97.702789 30.296023, -97.702794 30.296128, -97.702799 30.296232, -97.702805 30.296327, -97.702806 30.29635, -97.702809 30.296412, -97.702811 30.296482, -97.70281 30.296536, -97.702799 30.296548, -97.702807 30.297306, -97.702851 30.298621, -97.702896 30.29992, -97.702061 30.299937, -97.701274 30.299959, -97.700379 30.299987, -97.700372 30.298684, -97.700352 30.297365, -97.700339 30.296608, -97.700327 30.296409, -97.700318 30.296327, -97.700313 30.296238, -97.700311 30.29614, -97.70031 30.296036, -97.700307 30.295926, -97.700304 30.295812, -97.7003 30.295693, -97.700297 30.295647, -97.700294 30.295572, -97.700289 30.29545, -97.700285 30.295329, -97.700283 30.295208, -97.700281 30.295088, -97.700275 30.294848, -97.700273 30.294727, -97.700271 30.294606, -97.70027 30.294484, -97.700268 30.29436, -97.700266 30.29431, -97.700264 30.294237, -97.700259 30.294114, -97.700252 30.29399, -97.700243 30.293866, -97.700229 30.293743, -97.70021 30.293622, -97.700186 30.293502, -97.700158 30.293382, -97.700127 30.293263, -97.700094 30.293152, -97.700052 30.29303, -97.700007 30.292915, -97.699956 30.292803, -97.699899 30.292694, -97.699837 30.292589, -97.699773 30.292486, -97.699707 30.292383, -97.699641 30.292282, -97.699577 30.292181, -97.699513 30.292077, -97.69948 30.292021, -97.700164 30.291623, -97.700266 30.291579, -97.700368 30.29154, -97.700473 30.291511, -97.700695 30.291482, -97.700805 30.291478, -97.700916 30.291476, -97.701016 30.291477, -97.701139 30.291474, -97.701474 30.291471, -97.701691 30.291469, -97.701796 30.291466, -97.701815 30.291465, -97.701898 30.291462, -97.701998 30.291458, -97.70214 30.291451, -97.702201 30.291449, -97.702302 30.291445, -97.702403 30.291441, -97.702575 30.291435, -97.7026 30.291434, -97.702695 30.291431, -97.702788 30.291427, -97.702878 30.291423, -97.703056 30.291418, -97.703147 30.291416, -97.703241 30.291415, -97.703337 30.291416, -97.703377 30.291416, -97.704202 30.291393, -97.705038 30.291381, -97.706824 30.29133, -97.706907 30.291327, -97.7071 30.29132, -97.707145 30.291318, -97.707189 30.291317, -97.7073 30.291313, -97.707389 30.291309, -97.70741 30.291461, -97.707428 30.291579, -97.707437 30.291661, -97.707764 30.294051, -97.707773 30.294134))",39.8,2435.0,163220.0,0.0,38.0,409754.38241198513,0.005942584398162076
"POLYGON ((-97.700379 30.299987, -97.70035 30.300639, -97.700349 30.300772, -97.700336 30.300891, -97.700319 30.301056, -97.700292 30.301217, -97.700257 30.301382, -97.700218 30.301508, -97.700169 30.301645, -97.700083 30.301899, -97.700017 30.302026, -97.69986 30.302289, -97.698876 30.303907, -97.698738 30.30365, -97.698457 30.303318, -97.698255 30.303056, -97.698046 30.302848, -97.697745 30.302613, -97.697419 30.30241, -97.696962 30.302195, -97.696246 30.301944, -97.695361 30.301562, -97.695134 30.301549, -97.694986 30.30154, -97.694837 30.301532, -97.692986 30.30143, -97.692148 30.301383, -97.691136 30.301327, -97.690232 30.300942, -97.689763 30.300297, -97.6894 30.299679, -97.685908 30.300152, -97.687059 30.298182, -97.687632 30.296876, -97.688001 30.296133, -97.688333 30.295824, -97.688863 30.295331, -97.689203 30.29462, -97.689208 30.294487, -97.689243 30.293455, -97.689275 30.292534, -97.689289 30.291566, -97.68943 30.29108, -97.689487 30.290885, -97.689845 30.290365, -97.690351 30.289913, -97.691137 30.289586, -97.692021 30.289499, -97.692723 30.289696, -97.693744 30.289983, -97.694923 30.29016, -97.695212 30.290203, -97.696675 30.289927, -97.696696 30.28992, -97.697724 30.289466, -97.698518 30.289116, -97.698568 30.289089, -97.698793 30.290118, -97.698798 30.290135, -97.69883 30.290262, -97.698859 30.29039, -97.698888 30.290518, -97.698915 30.290646, -97.698971 30.290903, -97.699032 30.291156, -97.699079 30.291281, -97.699183 30.291525, -97.699241 30.291643, -97.699372 30.291867, -97.699444 30.291973, -97.69948 30.292021, -97.699513 30.292077, -97.699577 30.292181, -97.699641 30.292282, -97.699707 30.292383, -97.699773 30.292486, -97.699837 30.292589, -97.699899 30.292694, -97.699956 30.292803, -97.700007 30.292915, -97.700052 30.29303, -97.700094 30.293152, -97.700127 30.293263, -97.700158 30.293382, -97.700186 30.293502, -97.70021 30.293622, -97.700229 30.293743, -97.700243 30.293866, -97.700252 30.29399, -97.700259 30.294114, -97.700264 30.294237, -97.700266 30.29431, -97.700268 30.29436, -97.70027 30.294484, -97.700271 30.294606, -97.700273 30.294727, -97.700275 30.294848, -97.700281 30.295088, -97.700283 30.295208, -97.700285 30.295329, -97.700289 30.29545, -97.700294 30.295572, -97.700297 30.295647, -97.7003 30.295693, -97.700304 30.295812, -97.700307 30.295926, -97.70031 30.296036, -97.700311 30.29614, -97.700313 30.296238, -97.700318 30.296327, -97.700327 30.296409, -97.700339 30.296608, -97.700352 30.297365, -97.700372 30.298684, -97.700379 30.299987))",36.8,3291.0,90000.0,105.0,103.0,1466366.2031272594,0.002244323411833564
"POLYGON ((-97.675726 30.446496, -97.673969 30.449103, -97.673896 30.449205, -97.673632 30.449637, -97.673492 30.449857, -97.673084 30.449621, -97.672304 30.449208, -97.671461 30.448789, -97.670591 30.448419, -97.669773 30.448012, -97.668972 30.447607, -97.668003 30.447122, -97.667812 30.447053, -97.667596 30.446974, -97.667346 30.446919, -97.667384 30.44673, -97.667525 30.446004, -97.667752 30.444673, -97.667875 30.444031, -97.668078 30.443073, -97.668135 30.442739, -97.668488 30.442914, -97.668749 30.443043, -97.66874 30.443095, -97.66893 30.443181, -97.669583 30.443492, -97.669895 30.443644, -97.670954 30.444153, -97.672646 30.444985, -97.67489 30.446083, -97.674933 30.446104, -97.675084 30.446179, -97.675239 30.446256, -97.675373 30.446322, -97.675496 30.446383, -97.675596 30.446432, -97.675671 30.44647, -97.675726 30.446496))",27.1,809.0,80000.0,168.0,0.0,323220.80000398733,0.0025029329795298446
"POLYGON ((-97.842685 30.428782, -97.841888 30.430973, -97.841726 30.431538, -97.841464 30.432456, -97.841367 30.432797, -97.841349 30.432836, -97.841238 30.43308, -97.840853 30.433019, -97.837387 30.432633, -97.836717 30.432559, -97.836475 30.432532, -97.833725 30.432131, -97.833765 30.431701, -97.833757 30.431512, -97.83367 30.43084, -97.834578 30.430841, -97.834944 30.4308, -97.83527 30.430746, -97.835991 30.430609, -97.836289 30.430527, -97.836572 30.430419, -97.837211 30.429959, -97.837316 30.429867, -97.837917 30.429391, -97.838396 30.428998, -97.839213 30.428585, -97.839572 30.428483, -97.839748 30.428438, -97.839883 30.428408, -97.840044 30.428386, -97.840314 30.428371, -97.840559 30.428375, -97.840808 30.428393, -97.841043 30.428427, -97.841236 30.428467, -97.841491 30.428527, -97.841726 30.428589, -97.842266 30.42873, -97.842685 30.428782))",44.4,548.0,64252.0,22.0,0.0,272103.22554823547,0.002013941580059868
"POLYGON ((-97.847345 30.416766, -97.846092 30.419297, -97.845645 30.420226, -97.845611 30.420317, -97.845282 30.421207, -97.845009 30.421938, -97.844268 30.42418, -97.84407 30.424742, -97.843417 30.426534, -97.842685 30.428782, -97.842266 30.42873, -97.841726 30.428589, -97.841491 30.428527, -97.841236 30.428467, -97.841043 30.428427, -97.840808 30.428393, -97.840559 30.428375, -97.840314 30.428371, -97.840044 30.428386, -97.839883 30.428408, -97.839748 30.428438, -97.839572 30.428483, -97.839213 30.428585, -97.838396 30.428998, -97.837917 30.429391, -97.837316 30.429867, -97.837211 30.429959, -97.836961 30.4299, -97.836877 30.429868, -97.836811 30.429827, -97.836761 30.429814, -97.836507 30.429784, -97.836406 30.42976, -97.836307 30.429725, -97.836221 30.429703, -97.836174 30.429698, -97.836117 30.429703, -97.836026 30.429721, -97.835967 30.429746, -97.835933 30.429771, -97.835757 30.429982, -97.835661 30.429958, -97.83557 30.429958, -97.835509 30.429935, -97.835298 30.42991, -97.835242 30.429891, -97.835151 30.429874, -97.834941 30.429858, -97.834741 30.429852, -97.834651 30.429861, -97.834602 30.429876, -97.834496 30.429927, -97.83437 30.430001, -97.834288 30.430039, -97.834187 30.430068, -97.834005 30.430089, -97.833903 30.430092, -97.833781 30.43011, -97.833723 30.430125, -97.83357 30.430126, -97.833538 30.430117, -97.833492 30.430094, -97.833368 30.430057, -97.833307 30.430046, -97.833267 30.43004, -97.833236 30.430038, -97.83303 30.430049, -97.832689 30.430026, -97.832545 30.430011, -97.83245 30.430008, -97.832301 30.429991, -97.832263 30.42998, -97.832236 30.42996, -97.832071 30.429742, -97.832011 30.429686, -97.831841 30.429562, -97.831725 30.429491, -97.831673 30.429472, -97.831498 30.429436, -97.831444 30.429418, -97.831301 30.429347, -97.831065 30.429272, -97.831006 30.42924, -97.830938 30.429226, -97.830881 30.429225, -97.830798 30.429238, -97.83047 30.429329, -97.830332 30.429386, -97.830204 30.42943, -97.830162 30.429437, -97.830112 30.429432, -97.830019 30.429411, -97.829913 30.429378, -97.829739 30.429306, -97.829652 30.429255, -97.829561 30.429196, -97.829523 30.429179, -97.829364 30.429131, -97.82931 30.429126, -97.829205 30.429128, -97.829083 30.429122, -97.829042 30.429128, -97.828935 30.429152, -97.828814 30.429164, -97.828775 30.429163, -97.828714 30.429143, -97.828624 30.429098, -97.828515 30.429032, -97.828399 30.428975, -97.828269 30.428925, -97.828196 30.428884, -97.828096 30.428843, -97.827728 30.428708, -97.827579 30.428649, -97.827475 30.428596, -97.827407 30.428555, -97.827361 30.428509, -97.827305 30.428466, -97.827026 30.428351, -97.82698 30.428345, -97.826921 30.428356, -97.826416 30.428494, -97.826352 30.428498, -97.826249 30.428491, -97.826038 30.428457, -97.825872 30.428439, -97.825692 30.428439, -97.825598 30.428453, -97.82549 30.428489, -97.825403 30.428538, -97.825265 30.428662, -97.825204 30.428701, -97.825146 30.42872, -97.825036 30.428727, -97.824947 30.428715, -97.824862 30.428694, -97.824781 30.428666, -97.824677 30.428633, -97.824402 30.428592, -97.824306 30.428584, -97.824253 30.428595, -97.824176 30.428622, -97.824035 30.428688, -97.823969 30.428702, -97.823803 30.428705, -97.823672 30.428701, -97.823541 30.428688, -97.82348 30.428661, -97.823428 30.428615, -97.823383 30.428536, -97.823326 30.428449, -97.823308 30.428424, -97.823231 30.428349, -97.823164 30.428304, -97.823082 30.428239, -97.823002 30.428151, -97.822937 30.428037, -97.82291 30.427999, -97.82287 30.427959, -97.822809 30.427921, -97.822704 30.427874, -97.822602 30.427842, -97.822517 30.427837, -97.822338 30.427854, -97.8223 30.427851, -97.82226 30.427834, -97.822154 30.427772, -97.822093 30.427747, -97.822024 30.427732, -97.821924 30.427729, -97.821844 30.427735, -97.821415 30.42778, -97.821192 30.427787, -97.821119 30.427797, -97.820922 30.427856, -97.820842 30.427867, -97.820755 30.427864, -97.820684 30.42785, -97.820584 30.427811, -97.820314 30.427674, -97.820242 30.427632, -97.820134 30.427557, -97.820001 30.42748, -97.81941 30.427208, -97.819299 30.427169, -97.818858 30.427065, -97.818739 30.42704, -97.818645 30.427026, -97.818063 30.42697, -97.818009 30.426959, -97.817125 30.426432, -97.816997 30.426406, -97.816775 30.426339, -97.816735 30.426318, -97.816652 30.426262, -97.816586 30.426203, -97.816518 30.426109, -97.816457 30.426049, -97.816375 30.425988, -97.816194 30.425865, -97.816058 30.425757, -97.816008 30.425729, -97.815774 30.425559, -97.815732 30.425524, -97.815577 30.425381, -97.815509 30.425335, -97.815446 30.425301, -97.815234 30.4252, -97.815158 30.425153, -97.815108 30.425112, -97.815061 30.425062, -97.815 30.424982, -97.814925 30.424868, -97.814833 30.42475, -97.81476 30.424679, -97.814715 30.424657, -97.814678 30.424577, -97.814624 30.424498, -97.814464 30.42433, -97.814397 30.424253, -97.814239 30.424044, -97.814108 30.423841, -97.814056 30.42377, -97.813985 30.423649, -97.813952 30.423577, -97.813938 30.423497, -97.813958 30.42345, -97.813965 30.423413, -97.813961 30.423371, -97.813947 30.423325, -97.813883 30.423201, -97.813839 30.423126, -97.81366 30.422945, -97.813576 30.422904, -97.81346 30.422856, -97.812954 30.422687, -97.812644 30.422606, -97.812514 30.422559, -97.812442 30.422528, -97.812366 30.422488, -97.81226 30.422421, -97.812164 30.422371, -97.812105 30.422349, -97.811867 30.422284, -97.811762 30.422257, -97.81176 30.422239, -97.811745 30.422239, -97.811547 30.422133, -97.811435 30.422095, -97.811318 30.422086, -97.811271 30.422087, -97.810787 30.422129, -97.810654 30.422128, -97.810574 30.422118, -97.810348 30.422124, -97.810254 30.422133, -97.81008 30.422163, -97.809984 30.422186, -97.809854 30.422228, -97.809841 30.422228, -97.809832 30.422234, -97.809748 30.422248, -97.809676 30.42225, -97.809637 30.422246, -97.809549 30.422221, -97.809507 30.4222, -97.809449 30.42216, -97.809406 30.422111, -97.809363 30.422021, -97.809293 30.421856, -97.809289 30.421847, -97.809147 30.421724, -97.809101 30.42172, -97.809074 30.42173, -97.809033 30.421754, -97.808972 30.421798, -97.808857 30.421794, -97.808756 30.421786, -97.808696 30.421772, -97.808617 30.421733, -97.808545 30.421667, -97.808498 30.421614, -97.808422 30.421555, -97.808344 30.421519, -97.80807 30.421391, -97.808001 30.421363, -97.807893 30.421293, -97.807831 30.421231, -97.807803 30.421195, -97.807784 30.42116, -97.807774 30.421112, -97.807771 30.42103, -97.80778 30.420948, -97.807806 30.420805, -97.80787 30.420665, -97.807904 30.420577, -97.807926 30.42048, -97.807934 30.420395, -97.807934 30.420346, -97.807934 30.420301, -97.80792 30.420078, -97.80791 30.419825, -97.807916 30.419754, -97.807941 30.419662, -97.807972 30.419594, -97.808064 30.419467, -97.808105 30.41943, -97.808123 30.419395, -97.808137 30.41934, -97.808137 30.419279, -97.808108 30.419154, -97.808071 30.419097, -97.808143 30.419083, -97.80821 30.419063, -97.808377 30.419028, -97.808445 30.419014, -97.808664 30.418927, -97.808746 30.418907, -97.808821 30.4189, -97.808854 30.418906, -97.808936 30.418948, -97.808996 30.418997, -97.809063 30.419037, -97.809133 30.41906, -97.809206 30.419076, -97.80935 30.419097, -97.809431 30.419118, -97.809452 30.419124, -97.809552 30.419157, -97.809658 30.419192, -97.810201 30.41934, -97.810235 30.419344, -97.810408 30.419338, -97.81064 30.41934, -97.810841 30.419356, -97.811019 30.419339, -97.811219 30.419298, -97.811685 30.419183, -97.812031 30.419146, -97.812656 30.419021, -97.812772 30.419006, -97.814883 30.420043, -97.815368 30.420432, -97.815854 30.42082, -97.816045 30.420843, -97.81616 30.420878, -97.816353 30.420963, -97.816612 30.421101, -97.816714 30.42119, -97.816927 30.421301, -97.817118 30.421362, -97.81742 30.421472, -97.817528 30.421532, -97.817576 30.421554, -97.817623 30.421568, -97.817675 30.421574, -97.817739 30.421571, -97.817761 30.421561, -97.817787 30.421532, -97.817817 30.42147, -97.817851 30.421331, -97.817858 30.42126, -97.817877 30.421181, -97.817908 30.421125, -97.817949 30.421075, -97.817998 30.421035, -97.818018 30.421026, -97.818057 30.421, -97.818097 30.420961, -97.818127 30.4209, -97.818156 30.420865, -97.818183 30.420847, -97.818223 30.420828, -97.818332 30.420788, -97.818378 30.420778, -97.818443 30.420779, -97.818509 30.420801, -97.818593 30.420858, -97.818747 30.420998, -97.818789 30.421029, -97.818866 30.421074, -97.818969 30.421125, -97.819077 30.421173, -97.81929 30.421255, -97.819514 30.421368, -97.819748 30.421459, -97.819861 30.421472, -97.819947 30.421466, -97.820027 30.421456, -97.820086 30.421439, -97.820106 30.421427, -97.820147 30.421385, -97.820198 30.421314, -97.820247 30.421231, -97.820319 30.421122, -97.820427 30.420916, -97.820459 30.420881, -97.8205 30.420847, -97.820541 30.420822, -97.82062 30.420787, -97.820656 30.420778, -97.820715 30.420755, -97.82084 30.420668, -97.820867 30.420655, -97.820925 30.420639, -97.820986 30.420635, -97.821086 30.42064, -97.821424 30.420676, -97.821618 30.420687, -97.821934 30.420732, -97.822101 30.420774, -97.822293 30.420816, -97.822415 30.42083, -97.822766 30.420835, -97.822909 30.420824, -97.823162 30.420829, -97.823196 30.420836, -97.823282 30.420872, -97.82343 30.420926, -97.823529 30.420934, -97.823601 30.420932, -97.823688 30.420923, -97.823786 30.420902, -97.823969 30.420856, -97.824114 30.420812, -97.824214 30.420786, -97.824372 30.420751, -97.824523 30.420704, -97.824715 30.420655, -97.82482 30.420636, -97.824904 30.420625, -97.824996 30.420607, -97.825064 30.420581, -97.825094 30.420562, -97.825248 30.420434, -97.825293 30.42041, -97.825355 30.420363, -97.825408 30.420285, -97.825446 30.420221, -97.825484 30.420176, -97.825533 30.420143, -97.825568 30.420125, -97.825798 30.419994, -97.82584 30.419959, -97.825887 30.419882, -97.825915 30.419813, -97.825929 30.419795, -97.825973 30.419772, -97.826041 30.419756, -97.82613 30.419744, -97.826227 30.419738, -97.826346 30.419722, -97.826525 30.419689, -97.826845 30.419688, -97.826934 30.419696, -97.827079 30.419689, -97.827373 30.419687, -97.8275 30.419703, -97.827579 30.419707, -97.82776 30.419681, -97.827905 30.419648, -97.828056 30.419601, -97.828152 30.419565, -97.828335 30.419507, -97.828432 30.41946, -97.828638 30.419394, -97.828796 30.419328, -97.828965 30.419276, -97.829094 30.419254, -97.829258 30.41924, -97.829334 30.419246, -97.829446 30.419283, -97.82952 30.419285, -97.829758 30.419246, -97.83001 30.419213, -97.830188 30.419173, -97.830335 30.419123, -97.83052 30.419093, -97.830615 30.419089, -97.830686 30.41909, -97.830746 30.419082, -97.830779 30.419065, -97.830827 30.419011, -97.830852 30.418983, -97.830922 30.41894, -97.830988 30.418911, -97.831035 30.418902, -97.831101 30.418901, -97.831193 30.418919, -97.831249 30.418934, -97.831337 30.418969, -97.831445 30.419023, -97.831617 30.419113, -97.83168 30.419135, -97.831765 30.41915, -97.83236 30.419173, -97.832545 30.419209, -97.832733 30.419252, -97.832838 30.41926, -97.832895 30.419274, -97.83297 30.419301, -97.833052 30.41934, -97.833139 30.419372, -97.8332 30.419379, -97.833248 30.419374, -97.833524 30.419366, -97.833628 30.419357, -97.833725 30.419339, -97.833791 30.419333, -97.833906 30.419332, -97.833995 30.419341, -97.834046 30.419359, -97.834121 30.419397, -97.834193 30.419424, -97.834224 30.419429, -97.834324 30.419434, -97.83437 30.419426, -97.834397 30.419416, -97.834469 30.419361, -97.834498 30.419352, -97.834657 30.419379, -97.834721 30.419373, -97.83484 30.419344, -97.834974 30.419268, -97.835014 30.419222, -97.835073 30.419093, -97.835081 30.419076, -97.835097 30.419011, -97.835099 30.418846, -97.835122 30.418778, -97.835144 30.418746, -97.835173 30.418716, -97.835288 30.418636, -97.835312 30.418613, -97.8354 30.418555, -97.835525 30.41849, -97.835589 30.418427, -97.835618 30.418391, -97.835655 30.418377, -97.835703 30.418352, -97.835763 30.418328, -97.835837 30.418274, -97.835872 30.418262, -97.835987 30.418205, -97.836053 30.418159, -97.836088 30.418127, -97.836127 30.418074, -97.83619 30.417952, -97.836231 30.417837, -97.836347 30.41746, -97.836381 30.417315, -97.836394 30.417227, -97.836424 30.417107, -97.836468 30.416982, -97.836508 30.416918, -97.836562 30.41686, -97.836654 30.41673, -97.83671 30.41666, -97.836956 30.416375, -97.837023 30.416286, -97.837054 30.416235, -97.837139 30.416117, -97.83722 30.415984, -97.837281 30.415849, -97.837305 30.415823, -97.837352 30.415798, -97.837399 30.415759, -97.837503 30.415651, -97.837648 30.415453, -97.837712 30.415367, -97.837762 30.415317, -97.837856 30.415235, -97.837909 30.415177, -97.837945 30.415157, -97.837976 30.415149, -97.83805 30.415139, -97.83813 30.415164, -97.838178 30.415173, -97.838302 30.415153, -97.838409 30.41514, -97.838574 30.415135, -97.838751 30.415118, -97.83881 30.415107, -97.838876 30.415078, -97.838955 30.415034, -97.839015 30.414985, -97.839054 30.414935, -97.839089 30.414867, -97.839126 30.414773, -97.839189 30.414589, -97.839211 30.414498, -97.839258 30.414366, -97.839348 30.414202, -97.839449 30.414067, -97.839513 30.414, -97.839578 30.413939, -97.83961 30.413918, -97.83963 30.413912, -97.839689 30.413882, -97.839841 30.413826, -97.839965 30.413775, -97.840297 30.413601, -97.840424 30.413519, -97.840514 30.413477, -97.840572 30.413433, -97.840624 30.413377, -97.840815 30.413208, -97.842739 30.414118, -97.842955 30.41422, -97.843147 30.414231, -97.843396 30.414301, -97.843651 30.414422, -97.843863 30.414549, -97.84409 30.414727, -97.844317 30.414918, -97.844615 30.415216, -97.844962 30.415528, -97.845217 30.415769, -97.845409 30.415925, -97.845579 30.416045, -97.846025 30.416258, -97.84655 30.416463, -97.847345 30.416766))",28.9,1688.0,70409.0,249.0,0.0,3435513.9855257124,0.0004913384160599473
"POLYGON ((-97.925205 30.1924, -97.924434 30.193337, -97.924105 30.193669, -97.923508 30.194499, -97.9232 30.194945, -97.922497 30.196033, -97.921172 30.198106, -97.921081 30.198359, -97.919906 30.200053, -97.919577 30.200566, -97.919527 30.200644, -97.919035 30.200422, -97.918671 30.200248, -97.918398 30.200149, -97.917959 30.199998, -97.91758 30.199892, -97.917292 30.19974, -97.916951 30.19952, -97.916719 30.1993, -97.916549 30.199062, -97.915901 30.197664, -97.915458 30.1968, -97.9151 30.196459, -97.914702 30.196186, -97.914162 30.195908, -97.91348 30.195527, -97.91244 30.194976, -97.912082 30.194749, -97.911906 30.194578, -97.911434 30.193851, -97.911133 30.193362, -97.911036 30.193225, -97.910932 30.193129, -97.910729 30.192975, -97.910314 30.192794, -97.910127 30.192731, -97.909653 30.192578, -97.908954 30.192323, -97.908717 30.19219, -97.908571 30.192074, -97.908408 30.191926, -97.908142 30.191587, -97.907853 30.191214, -97.907654 30.191066, -97.907461 30.190975, -97.907245 30.190895, -97.907012 30.190776, -97.906808 30.190651, -97.90666 30.190492, -97.906536 30.1903, -97.906359 30.189929, -97.906347 30.189696, -97.906393 30.189509, -97.906455 30.189207, -97.906457 30.189026, -97.906347 30.188736, -97.906135 30.188327, -97.906047 30.188227, -97.905875 30.188116, -97.90537 30.187838, -97.904976 30.187593, -97.904776 30.187428, -97.904703 30.187303, -97.904634 30.187184, -97.904565 30.186967, -97.904557 30.186769, -97.904545 30.186476, -97.904553 30.186321, -97.904584 30.186224, -97.904688 30.18601, -97.905024 30.185323, -97.905132 30.185195, -97.90532 30.184982, -97.905387 30.184895, -97.905667 30.184425, -97.905718 30.1843, -97.906083 30.183523, -97.90787 30.184109, -97.909842 30.184771, -97.911328 30.185375, -97.913616 30.186426, -97.913866 30.186541, -97.918724 30.18924, -97.918924 30.189351, -97.924709 30.192165, -97.924957 30.192283, -97.925205 30.1924))",40.1,1581.0,250001.0,6.0,25.0,1653568.6598846617,0.0009561139119014729
"POLYGON ((-97.567316 30.438172, -97.567274 30.438245, -97.567089 30.438573, -97.56681 30.439009, -97.565831 30.440534, -97.564259 30.442985, -97.564249 30.443001, -97.563335 30.444427, -97.562812 30.445243, -97.562338 30.445983, -97.561514 30.447268, -97.561222 30.447721, -97.560519 30.448819, -97.559265 30.450775, -97.558082 30.452618, -97.557954 30.452818, -97.556839 30.454558, -97.555292 30.456901, -97.555077 30.457105, -97.554819 30.45719, -97.554581 30.457147, -97.553855 30.456807, -97.552766 30.456296, -97.551399 30.455656, -97.548512 30.454306, -97.547741 30.453945, -97.545742 30.453011, -97.543766 30.452088, -97.542799 30.45164, -97.542091 30.451313, -97.541621 30.451095, -97.541197 30.450863, -97.540742 30.450542, -97.540521 30.450205, -97.540489 30.450116, -97.540363 30.449964, -97.540024 30.449448, -97.539286 30.449056, -97.537647 30.448301, -97.537387 30.448181, -97.5366 30.447819, -97.535858 30.447477, -97.534759 30.446971, -97.529859 30.444652, -97.524485 30.442109, -97.523778 30.441774, -97.523036 30.441423, -97.522954 30.44111, -97.522961 30.440888, -97.523424 30.44017, -97.525766 30.436539, -97.526855 30.43485, -97.527668 30.433518, -97.52776 30.43338, -97.527794 30.433328, -97.527802 30.433315, -97.52994 30.430127, -97.530621 30.429052, -97.531956 30.42695, -97.532862 30.425523, -97.535077 30.426601, -97.538039 30.428006, -97.538129 30.428037, -97.538392 30.428089, -97.538512 30.428088, -97.538649 30.428077, -97.53877 30.428043, -97.538866 30.427995, -97.538997 30.427912, -97.539077 30.42785, -97.539166 30.427766, -97.53927 30.427617, -97.539808 30.426761, -97.540572 30.425521, -97.540671 30.425387, -97.540789 30.425244, -97.541047 30.425073, -97.541214 30.425023, -97.541509 30.42499, -97.541599 30.424999, -97.541801 30.425036, -97.542017 30.425112, -97.546275 30.427139, -97.547993 30.427937, -97.548968 30.428363, -97.549785 30.428709, -97.55014 30.428878, -97.550592 30.429117, -97.551004 30.42929, -97.551205 30.429348, -97.551622 30.429368, -97.551741 30.429385, -97.551971 30.429447, -97.552107 30.429512, -97.552245 30.429597, -97.552413 30.42978, -97.552648 30.430124, -97.552783 30.430855, -97.553114 30.431195, -97.553739 30.431508, -97.554167 30.431715, -97.55683 30.43301, -97.557672 30.433455, -97.558034 30.433629, -97.566352 30.437616, -97.566934 30.437895, -97.567056 30.437953, -97.567146 30.437996, -97.567261 30.438052, -97.567357 30.438098, -97.567316 30.438172))",35.6,4930.0,123500.0,119.0,55.0,8485404.22853289,0.000580997659890198
"POLYGON ((-97.626423 30.424898, -97.624478 30.428177, -97.624235 30.428587, -97.62344 30.429683, -97.623357 30.429796, -97.62323 30.42993, -97.622716 30.430478, -97.622679 30.430518, -97.622455 30.430716, -97.622436 30.430733, -97.622081 30.431048, -97.622006 30.431103, -97.62124 30.431666, -97.620382 30.432195, -97.619774 30.432523, -97.619408 30.432721, -97.615428 30.434952, -97.615308 30.435017, -97.615217 30.435073, -97.61501 30.435231, -97.61482 30.435403, -97.614577 30.435664, -97.61434 30.436034, -97.614035 30.436508, -97.613931 30.436602, -97.613553 30.436411, -97.611853 30.435602, -97.610504 30.434952, -97.610846 30.434385, -97.611446 30.433405, -97.613504 30.430296, -97.614432 30.428877, -97.614562 30.428671, -97.61592 30.426554, -97.616191 30.426154, -97.616251 30.426063, -97.616365 30.425896, -97.616585 30.425546, -97.616823 30.42517, -97.618265 30.422883, -97.619215 30.421447, -97.619629 30.421651, -97.624434 30.423958, -97.626029 30.424682, -97.626291 30.424825, -97.626423 30.424898))",40.8,2919.0,96684.0,350.0,0.0,1133379.0287744026,0.002575484393033553
"POLYGON ((-97.734547 30.291095, -97.734356 30.29146, -97.73422 30.291721, -97.734104 30.2919, -97.733606 30.292674, -97.73297 30.293692, -97.732879 30.293844, -97.732467 30.294535, -97.731781 30.295535, -97.731469 30.296049, -97.731164 30.296552, -97.730901 30.296931, -97.730546 30.297515, -97.730354 30.297795, -97.729778 30.298707, -97.728929 30.298233, -97.728537 30.298082, -97.728117 30.297868, -97.727282 30.297486, -97.72736 30.297392, -97.727527 30.297318, -97.727565 30.297246, -97.72761 30.297182, -97.727626 30.297143, -97.727631 30.297107, -97.727619 30.297049, -97.727579 30.296959, -97.727534 30.296893, -97.727478 30.296831, -97.727411 30.296769, -97.727383 30.296725, -97.727365 30.296672, -97.72735 30.296577, -97.727337 30.296409, -97.727341 30.296362, -97.727358 30.296331, -97.727445 30.2963, -97.727476 30.296272, -97.727518 30.296191, -97.727561 30.296087, -97.727622 30.295902, -97.727656 30.295822, -97.727679 30.295729, -97.727694 30.29552, -97.727696 30.295488, -97.727678 30.29538, -97.727621 30.295121, -97.727618 30.29501, -97.727627 30.294929, -97.727671 30.294764, -97.727695 30.294716, -97.727734 30.294667, -97.727958 30.294422, -97.727997 30.294385, -97.72811 30.2943, -97.728181 30.294259, -97.728275 30.294181, -97.728341 30.29411, -97.728389 30.294041, -97.728403 30.294004, -97.728437 30.293819, -97.72846 30.293738, -97.728468 30.293483, -97.728491 30.293397, -97.728652 30.293075, -97.728852 30.29271, -97.728872 30.29265, -97.728915 30.292454, -97.728966 30.292292, -97.729056 30.292049, -97.729072 30.292009, -97.729097 30.291946, -97.729147 30.291815, -97.729176 30.291717, -97.729189 30.291592, -97.729189 30.291395, -97.729199 30.291339, -97.729215 30.291312, -97.729321 30.291199, -97.729406 30.291082, -97.729428 30.291057, -97.72946 30.291025, -97.729565 30.290928, -97.729587 30.290921, -97.729836 30.29092, -97.729926 30.290901, -97.730014 30.290873, -97.730117 30.290828, -97.730196 30.290776, -97.730246 30.290723, -97.730262 30.290695, -97.730281 30.290661, -97.730292 30.290618, -97.730302 30.29055, -97.730325 30.290497, -97.730351 30.290466, -97.730385 30.290446, -97.730516 30.290408, -97.730747 30.29035, -97.730816 30.29032, -97.730871 30.290282, -97.730918 30.290237, -97.730949 30.290186, -97.730977 30.290127, -97.731013 30.290074, -97.731042 30.290037, -97.731072 30.289932, -97.731127 30.289843, -97.731176 30.289789, -97.731209 30.289768, -97.731276 30.289746, -97.731433 30.289717, -97.731563 30.289704, -97.731628 30.28971, -97.731692 30.289732, -97.731974 30.289813, -97.732067 30.289829, -97.732246 30.289839, -97.732361 30.289836, -97.732416 30.289823, -97.732464 30.289804, -97.732639 30.289677, -97.732712 30.289638, -97.732723 30.289634, -97.732875 30.28959, -97.732938 30.289563, -97.732969 30.28954, -97.733022 30.289472, -97.733194 30.289352, -97.733223 30.289332, -97.73327 30.289299, -97.733341 30.28925, -97.73338 30.289223, -97.733463 30.289165, -97.733613 30.28906, -97.733692 30.288969, -97.733712 30.288931, -97.733707 30.288873, -97.733688 30.288771, -97.733685 30.28872, -97.733696 30.288645, -97.733723 30.288586, -97.733767 30.288537, -97.733936 30.288378, -97.734046 30.288287, -97.734096 30.28818, -97.73446 30.2887, -97.734688 30.289326, -97.734458 30.290051, -97.73453 30.290429, -97.734735 30.290956, -97.734547 30.291095))",29.9,565.0,116593.0,46.0,42.0,393758.6601733428,0.0014348890758396839
"POLYGON ((-97.74845 30.42897, -97.748351 30.429337, -97.748303 30.429439, -97.748243 30.429523, -97.748178 30.429591, -97.748064 30.429694, -97.748024 30.429737, -97.747867 30.429887, -97.74768 30.430113, -97.747565 30.430359, -97.747486 30.430777, -97.747393 30.431095, -97.747331 30.431486, -97.747149 30.431768, -97.747036 30.431882, -97.746909 30.43201, -97.746808 30.432072, -97.746468 30.432282, -97.746011 30.432413, -97.745538 30.43246, -97.745196 30.432396, -97.745029 30.432365, -97.74467 30.432212, -97.744352 30.431998, -97.744138 30.431797, -97.743921 30.431417, -97.743827 30.43109, -97.743788 30.430716, -97.743385 30.430662, -97.743199 30.430629, -97.743049 30.430585, -97.742906 30.430525, -97.742715 30.430415, -97.742598 30.430321, -97.742476 30.430234, -97.742381 30.430173, -97.741978 30.430025, -97.741261 30.429689, -97.741211 30.429663, -97.741228 30.429634, -97.741269 30.429584, -97.741303 30.429543, -97.741318 30.429524, -97.741333 30.429506, -97.741491 30.429212, -97.741635 30.428974, -97.741793 30.428797, -97.742204 30.428503, -97.742554 30.428315, -97.742991 30.428164, -97.743327 30.428085, -97.743606 30.428047, -97.743968 30.428025, -97.744258 30.428028, -97.745 30.428164, -97.745143 30.428201, -97.745211 30.428217, -97.746971 30.428578, -97.747598 30.428708, -97.748332 30.42887, -97.748475 30.4289, -97.74845 30.42897))",30.3,1539.0,128983.0,58.0,116.0,207455.87267522633,0.007418445089811054
"POLYGON ((-97.924205 30.179323, -97.923963 30.17949, -97.923693 30.179654, -97.92351 30.179856, -97.923276 30.180189, -97.923191 30.180383, -97.923157 30.180533, -97.92314 30.180733, -97.923152 30.181629, -97.923181 30.182199, -97.923173 30.182412, -97.923058 30.182736, -97.922965 30.183006, -97.922628 30.183844, -97.92225 30.184828, -97.922121 30.185077, -97.922058 30.18516, -97.921887 30.185353, -97.921845 30.185404, -97.921406 30.186058, -97.921221 30.186307, -97.921134 30.186424, -97.921081 30.186592, -97.920941 30.186828, -97.920846 30.18698, -97.920737 30.187065, -97.920629 30.187151, -97.920408 30.187286, -97.920197 30.187408, -97.920102 30.18747, -97.919974 30.187559, -97.919862 30.187664, -97.919773 30.18778, -97.919681 30.187911, -97.919598 30.188142, -97.91953 30.188423, -97.919445 30.188718, -97.919408 30.188839, -97.919375 30.188917, -97.919311 30.189026, -97.919217 30.189152, -97.919158 30.189245, -97.919108 30.18929, -97.918924 30.189351, -97.918724 30.18924, -97.913866 30.186541, -97.913616 30.186426, -97.911328 30.185375, -97.909842 30.184771, -97.90787 30.184109, -97.906083 30.183523, -97.904639 30.18305, -97.902957 30.182398, -97.902733 30.182295, -97.901262 30.181563, -97.900797 30.181327, -97.900372 30.181153, -97.900322 30.181126, -97.900432 30.180957, -97.900547 30.18075, -97.900618 30.180612, -97.900707 30.18048, -97.900751 30.180422, -97.900954 30.180174, -97.901062 30.180083, -97.901339 30.179876, -97.901647 30.179681, -97.902107 30.179439, -97.902598 30.179189, -97.902816 30.179078, -97.903224 30.178842, -97.903466 30.178712, -97.903643 30.178612, -97.903842 30.178508, -97.905222 30.17773, -97.906772 30.176916, -97.90732 30.176572, -97.907562 30.176343, -97.907803 30.176012, -97.908115 30.175483, -97.908803 30.174131, -97.909038 30.173656, -97.909236 30.173291, -97.909277 30.173214, -97.909452 30.172972, -97.910025 30.172301, -97.910242 30.172027, -97.91042 30.17174, -97.910522 30.171492, -97.910633 30.17105, -97.910728 30.170741, -97.910891 30.1704, -97.911301 30.169671, -97.912821 30.170741, -97.916072 30.17303, -97.916613 30.173411, -97.917968 30.174365, -97.918425 30.174687, -97.918772 30.174931, -97.919063 30.175136, -97.919301 30.175303, -97.919347 30.175335, -97.919365 30.175348, -97.919411 30.17538, -97.921133 30.176593, -97.922816 30.177818, -97.92286 30.17785, -97.922904 30.177882, -97.923722 30.178477, -97.924582 30.179102, -97.924205 30.179323))",39.2,2168.0,250001.0,71.0,143.0,2458524.6294094156,0.0008818296851965216
"POLYGON ((-97.717108 30.234519, -97.717067 30.234521, -97.717027 30.234578, -97.716857 30.234658, -97.716718 30.234702, -97.716517 30.234818, -97.7163 30.234949, -97.716225 30.235005, -97.716167 30.235114, -97.716097 30.235352, -97.715878 30.235699, -97.715667 30.23606, -97.715557 30.236323, -97.715349 30.236925, -97.715258 30.237056, -97.715229 30.237122, -97.715159 30.237161, -97.715081 30.237179, -97.715041 30.237563, -97.714969 30.23788, -97.714968 30.237925, -97.714964 30.238054, -97.714904 30.238365, -97.714839 30.238606, -97.714807 30.23888, -97.714803 30.238972, -97.714736 30.239246, -97.714624 30.239529, -97.71449 30.239753, -97.714415 30.239868, -97.714143 30.239937, -97.714074 30.24001, -97.713699 30.240495, -97.71311 30.241369, -97.713076 30.241451, -97.712712 30.241406, -97.712218 30.241791, -97.710285 30.241686, -97.709654 30.241651, -97.709563 30.24153, -97.709471 30.241407, -97.709354 30.24125, -97.709236 30.241092, -97.70917 30.241003, -97.709222 30.240886, -97.709299 30.240712, -97.709377 30.240532, -97.709483 30.240298, -97.709575 30.240092, -97.70979 30.239604, -97.710117 30.238868, -97.71018 30.238717, -97.710053 30.236388, -97.709999 30.236134, -97.709968 30.235686, -97.709891 30.234627, -97.710233 30.234801, -97.710901 30.234536, -97.711053 30.234482, -97.711934 30.234169, -97.712538 30.233936, -97.712595 30.233917, -97.712634 30.233911, -97.712853 30.234155, -97.714727 30.235178, -97.715754 30.233629, -97.715871 30.233455, -97.71641 30.233025, -97.716537 30.23315, -97.716752 30.233369, -97.71688 30.233531, -97.716931 30.233668, -97.716995 30.2339, -97.71709 30.234219, -97.71715 30.234381, -97.717108 30.234519))",26.3,4468.0,61014.0,402.0,97.0,403355.8820170383,0.011077066677835791
"POLYGON ((-97.713035 30.241553, -97.712881 30.241816, -97.712756 30.241975, -97.712663 30.242137, -97.712564 30.242344, -97.71237 30.242652, -97.712189 30.242865, -97.712057 30.243124, -97.711811 30.243409, -97.71169 30.24366, -97.711493 30.243812, -97.71135 30.243911, -97.711014 30.24405, -97.710771 30.244236, -97.710447 30.244616, -97.710191 30.244987, -97.709883 30.245451, -97.70962 30.24594, -97.709538 30.246046, -97.709282 30.246378, -97.708997 30.246765, -97.708877 30.246948, -97.708712 30.247188, -97.708569 30.247594, -97.708459 30.24795, -97.708391 30.248113, -97.708357 30.248132, -97.707925 30.24826, -97.707614 30.248401, -97.706491 30.248701, -97.706041 30.248758, -97.705923 30.248765, -97.705432 30.248642, -97.704905 30.248533, -97.704173 30.248451, -97.704146 30.248461, -97.70407 30.248461, -97.703993 30.248444, -97.703953 30.248426, -97.703866 30.248371, -97.703702 30.248292, -97.703593 30.248256, -97.70335 30.248204, -97.70307 30.248154, -97.702563 30.248047, -97.702305 30.248002, -97.701982 30.247958, -97.70186 30.247961, -97.701745 30.247939, -97.701662 30.247912, -97.701524 30.247849, -97.70141 30.247785, -97.701348 30.24777, -97.70126 30.247763, -97.701132 30.247765, -97.700814 30.24779, -97.700759 30.247791, -97.70067 30.247755, -97.700574 30.247757, -97.700517 30.247773, -97.700415 30.247815, -97.700289 30.247879, -97.700237 30.247888, -97.700174 30.247877, -97.70015 30.247869, -97.700036 30.247818, -97.699833 30.247414, -97.699581 30.246909, -97.698381 30.246309, -97.697357 30.246008, -97.695625 30.245498, -97.694981 30.245309, -97.694849 30.245317, -97.694444 30.245346, -97.694469 30.245313, -97.694609 30.245057, -97.694666 30.245008, -97.694757 30.244961, -97.694894 30.2449, -97.694986 30.244858, -97.695004 30.244796, -97.69505 30.244642, -97.694991 30.244433, -97.694955 30.244341, -97.69493 30.244276, -97.694869 30.244151, -97.694792 30.244029, -97.694754 30.243993, -97.694658 30.243925, -97.694605 30.243881, -97.694566 30.243821, -97.694545 30.243762, -97.694539 30.243703, -97.694555 30.243533, -97.694576 30.243311, -97.694579 30.243048, -97.694587 30.242904, -97.694599 30.242825, -97.694609 30.242774, -97.694612 30.242735, -97.694632 30.242659, -97.694673 30.242569, -97.694705 30.242529, -97.694741 30.2425, -97.694795 30.24248, -97.694877 30.242466, -97.695 30.24246, -97.695129 30.242466, -97.69521 30.24246, -97.695287 30.242431, -97.695336 30.242401, -97.69547 30.242305, -97.695504 30.242272, -97.695605 30.24215, -97.695645 30.242107, -97.69569 30.242071, -97.695736 30.242047, -97.695794 30.24203, -97.695862 30.242022, -97.695922 30.242023, -97.696419 30.242067, -97.696548 30.242087, -97.696666 30.242116, -97.697192 30.242351, -97.697257 30.242366, -97.697304 30.24237, -97.697366 30.242365, -97.697409 30.242349, -97.69743 30.242327, -97.697486 30.241977, -97.697502 30.241934, -97.697536 30.241893, -97.697587 30.241854, -97.697657 30.241815, -97.697754 30.241777, -97.697855 30.24175, -97.69798 30.241729, -97.698098 30.241717, -97.698208 30.241719, -97.698269 30.241735, -97.698322 30.241764, -97.698392 30.241824, -97.698456 30.241899, -97.698507 30.241978, -97.698532 30.24201, -97.698561 30.242037, -97.698597 30.242063, -97.698686 30.242107, -97.698737 30.242113, -97.698777 30.242105, -97.698811 30.24209, -97.698844 30.242064, -97.698892 30.242006, -97.698967 30.241859, -97.698989 30.241799, -97.699012 30.241648, -97.699033 30.241582, -97.699067 30.241521, -97.69911 30.241463, -97.699159 30.241409, -97.699212 30.241363, -97.699268 30.241325, -97.699326 30.241297, -97.699385 30.241278, -97.699443 30.241269, -97.699593 30.241265, -97.699739 30.241275, -97.699962 30.241307, -97.700058 30.241307, -97.700133 30.241297, -97.700213 30.241273, -97.700359 30.241207, -97.7004 30.241189, -97.700434 30.241176, -97.700415 30.240927, -97.700385 30.240458, -97.700389 30.24037, -97.70049 30.238918, -97.700562 30.238578, -97.700671 30.238356, -97.700772 30.238177, -97.700791 30.238143, -97.700941 30.237949, -97.701167 30.237783, -97.701277 30.237671, -97.701312 30.237637, -97.701399 30.237558, -97.701525 30.23748, -97.702046 30.237233, -97.702131 30.237208, -97.702199 30.237166, -97.702647 30.236981, -97.702838 30.236886, -97.703026 30.236756, -97.703164 30.236621, -97.703271 30.236493, -97.703355 30.236373, -97.703396 30.236315, -97.704305 30.234878, -97.704918 30.233928, -97.705015 30.234007, -97.705183 30.234143, -97.705503 30.23435, -97.705578 30.234471, -97.705619 30.234663, -97.705713 30.234875, -97.705789 30.234973, -97.705953 30.235049, -97.70612 30.235057, -97.706194 30.235051, -97.706309 30.235035, -97.706372 30.235033, -97.706426 30.235029, -97.706609 30.234993, -97.70695 30.234975, -97.706973 30.234993, -97.70724 30.23498, -97.707518 30.234961, -97.707553 30.234901, -97.707615 30.234859, -97.707726 30.234841, -97.707966 30.23483, -97.708084 30.234783, -97.708319 30.234742, -97.708517 30.234678, -97.708836 30.234553, -97.708925 30.234539, -97.709101 30.234541, -97.709184 30.234584, -97.709307 30.234597, -97.709454 30.234566, -97.709718 30.234556, -97.709849 30.234606, -97.709891 30.234627, -97.709968 30.235686, -97.709999 30.236134, -97.710053 30.236388, -97.71018 30.238717, -97.710117 30.238868, -97.70979 30.239604, -97.709575 30.240092, -97.709483 30.240298, -97.709377 30.240532, -97.709299 30.240712, -97.709222 30.240886, -97.70917 30.241003, -97.709236 30.241092, -97.709354 30.24125, -97.709471 30.241407, -97.709563 30.24153, -97.709654 30.241651, -97.710285 30.241686, -97.712218 30.241791, -97.712712 30.241406, -97.713076 30.241451, -97.713035 30.241553))",31.0,0.0,70000.0,0.0,0.0,1578460.035034657,0.0
"POLYGON ((-97.703392 30.22499, -97.702928 30.225725, -97.70244 30.226507, -97.70194 30.227289, -97.701493 30.228001, -97.701038 30.228772, -97.700182 30.230111, -97.699757 30.230798, -97.699568 30.231055, -97.698813 30.232341, -97.697906 30.23376, -97.697315 30.234587, -97.6968 30.23536, -97.696684 30.235603, -97.696192 30.236206, -97.695287 30.237552, -97.695017 30.238118, -97.694688 30.238631, -97.694362 30.239067, -97.693575 30.240412, -97.692942 30.241354, -97.692685 30.241739, -97.692264 30.242122, -97.692161 30.242226, -97.692067 30.242312, -97.691656 30.242733, -97.691303 30.243185, -97.691141 30.243514, -97.691081 30.243934, -97.690682 30.242861, -97.690668 30.242822, -97.69038 30.242349, -97.689532 30.241454, -97.68911 30.240898, -97.688786 30.24045, -97.688325 30.239734, -97.689559 30.238853, -97.690671 30.238059, -97.691078 30.237583, -97.692537 30.235622, -97.693938 30.23375, -97.695536 30.231599, -97.697032 30.229562, -97.697654 30.228755, -97.698209 30.227991, -97.698521 30.227577, -97.698549 30.227538, -97.698899 30.227059, -97.69909 30.226799, -97.699918 30.225667, -97.700776 30.224494, -97.700983 30.224212, -97.701089 30.224082, -97.701111 30.224054, -97.702389 30.224632, -97.7028 30.224802, -97.703237 30.224924, -97.703392 30.22499))",40.1,830.0,26778.0,9.0,16.0,734287.7939144039,0.0011303469932073436
"POLYGON ((-97.73545 30.280172, -97.735111 30.280231, -97.734304 30.280372, -97.733856 30.280563, -97.733547 30.280852, -97.733403 30.28103, -97.73333 30.281175, -97.73326 30.281354, -97.733275 30.281726, -97.73331 30.281889, -97.733379 30.282089, -97.73346 30.282211, -97.733497 30.282316, -97.733568 30.282438, -97.733669 30.282573, -97.733761 30.282679, -97.733876 30.282797, -97.733934 30.282897, -97.73398 30.283002, -97.734053 30.283213, -97.734009 30.283963, -97.733695 30.285315, -97.733524 30.286145, -97.733534 30.287059, -97.733607 30.287574, -97.734042 30.288103, -97.734096 30.28818, -97.734046 30.288287, -97.733936 30.288378, -97.733767 30.288537, -97.733723 30.288586, -97.733696 30.288645, -97.733685 30.28872, -97.733688 30.288771, -97.733707 30.288873, -97.733712 30.288931, -97.733692 30.288969, -97.733613 30.28906, -97.733463 30.289165, -97.73338 30.289223, -97.733341 30.28925, -97.73327 30.289299, -97.733223 30.289332, -97.733194 30.289352, -97.733022 30.289472, -97.732969 30.28954, -97.732938 30.289563, -97.732875 30.28959, -97.732723 30.289634, -97.732712 30.289638, -97.732639 30.289677, -97.732464 30.289804, -97.732416 30.289823, -97.732361 30.289836, -97.732246 30.289839, -97.732067 30.289829, -97.731974 30.289813, -97.731692 30.289732, -97.731628 30.28971, -97.731563 30.289704, -97.731433 30.289717, -97.731276 30.289746, -97.731209 30.289768, -97.731176 30.289789, -97.731127 30.289843, -97.731072 30.289932, -97.731042 30.290037, -97.731013 30.290074, -97.730977 30.290127, -97.730949 30.290186, -97.730918 30.290237, -97.730871 30.290282, -97.730816 30.29032, -97.730747 30.29035, -97.730516 30.290408, -97.730385 30.290446, -97.730351 30.290466, -97.730325 30.290497, -97.730302 30.29055, -97.730292 30.290618, -97.730281 30.290661, -97.730262 30.290695, -97.730246 30.290723, -97.730196 30.290776, -97.730117 30.290828, -97.730014 30.290873, -97.729926 30.290901, -97.729836 30.29092, -97.729587 30.290921, -97.729565 30.290928, -97.72946 30.291025, -97.729428 30.291057, -97.729406 30.291082, -97.729321 30.291199, -97.729215 30.291312, -97.729199 30.291339, -97.729189 30.291395, -97.729189 30.291592, -97.729176 30.291717, -97.729147 30.291815, -97.729097 30.291946, -97.729072 30.292009, -97.728721 30.291835, -97.728119 30.291572, -97.727384 30.291193, -97.727153 30.291052, -97.724976 30.290025, -97.724647 30.289868, -97.723906 30.289514, -97.723456 30.289299, -97.723375 30.289242, -97.723727 30.288695, -97.724034 30.288212, -97.724165 30.287998, -97.724229 30.287895, -97.724784 30.287018, -97.725 30.286681, -97.72508 30.286556, -97.725149 30.286457, -97.725583 30.285778, -97.725798 30.285441, -97.726883 30.28384, -97.727401 30.283078, -97.727807 30.282502, -97.727938 30.282316, -97.72899 30.280654, -97.729339 30.27993, -97.730048 30.278506, -97.730183 30.278514, -97.730264 30.278521, -97.730486 30.27856, -97.732193 30.278976, -97.73451 30.279639, -97.735267 30.279852, -97.735709 30.279977, -97.73545 30.280172))",23.7,865.0,59138.0,421.0,98.0,909366.8151340111,0.0009512113105562656
"POLYGON ((-97.801555 30.152141, -97.801006 30.153176, -97.800548 30.154218, -97.800377 30.154568, -97.80026 30.15568, -97.80031 30.156753, -97.800313 30.157478, -97.800391 30.15965, -97.800482 30.161193, -97.800485 30.161244, -97.800742 30.163278, -97.79997 30.163387, -97.799824 30.163405, -97.799643 30.163415, -97.79947 30.163419, -97.799292 30.163414, -97.79913 30.163408, -97.799034 30.163406, -97.798878 30.163401, -97.798735 30.163392, -97.798623 30.163382, -97.798503 30.163369, -97.798263 30.16333, -97.797866 30.163244, -97.79767 30.163191, -97.797362 30.163099, -97.797134 30.16303, -97.796766 30.162921, -97.796434 30.162821, -97.796149 30.162735, -97.795819 30.162642, -97.795299 30.162501, -97.792909 30.161802, -97.792621 30.161727, -97.792443 30.161692, -97.792299 30.161658, -97.792146 30.161618, -97.791982 30.161574, -97.791836 30.161523, -97.791686 30.161458, -97.791557 30.161387, -97.791437 30.16131, -97.791325 30.161221, -97.791212 30.161109, -97.791159 30.16104, -97.791065 30.160883, -97.791015 30.160805, -97.790954 30.160735, -97.79089 30.160673, -97.790775 30.160596, -97.790623 30.16051, -97.790472 30.160454, -97.789769 30.160297, -97.789551 30.160226, -97.789315 30.16015, -97.789549 30.159446, -97.789787 30.158599, -97.790099 30.15756, -97.790607 30.155873, -97.791235 30.153765, -97.791371 30.153248, -97.791497 30.152819, -97.791793 30.152745, -97.7919 30.152717, -97.792008 30.152697, -97.792056 30.152691, -97.792127 30.152685, -97.792285 30.152674, -97.792889 30.152717, -97.792994 30.152708, -97.793452 30.152694, -97.793692 30.15268, -97.793885 30.152651, -97.794051 30.152638, -97.794358 30.152632, -97.794697 30.152647, -97.794853 30.152663, -97.794964 30.152696, -97.795074 30.152744, -97.79514 30.152782, -97.795198 30.152828, -97.795241 30.152872, -97.795271 30.152923, -97.795287 30.15297, -97.795289 30.153184, -97.795273 30.15345, -97.795277 30.153473, -97.795288 30.153501, -97.795302 30.153521, -97.79532 30.153548, -97.79534 30.153572, -97.795397 30.153615, -97.795428 30.153654, -97.795455 30.153715, -97.795451 30.153789, -97.795543 30.154036, -97.795595 30.154088, -97.795689 30.154222, -97.796012 30.15461, -97.796104 30.154705, -97.796151 30.154743, -97.796253 30.154813, -97.796395 30.154948, -97.796455 30.154993, -97.796507 30.155006, -97.796596 30.155008, -97.796626 30.155, -97.796698 30.154954, -97.796788 30.154862, -97.796827 30.154838, -97.797255 30.154662, -97.797421 30.154582, -97.797505 30.154532, -97.797664 30.15442, -97.797932 30.154199, -97.798228 30.153983, -97.798415 30.153818, -97.798494 30.15376, -97.798538 30.153719, -97.798576 30.153668, -97.798669 30.153578, -97.798921 30.153391, -97.799 30.153351, -97.799286 30.153163, -97.799318 30.153134, -97.799422 30.152964, -97.799448 30.152941, -97.799669 30.152803, -97.799717 30.152767, -97.799767 30.152714, -97.799789 30.152641, -97.799805 30.152626, -97.799883 30.152583, -97.799899 30.15257, -97.799944 30.152517, -97.799988 30.152478, -97.800046 30.152444, -97.800157 30.152406, -97.800489 30.152331, -97.80075 30.152287, -97.80113 30.152193, -97.801341 30.152153, -97.801443 30.152142, -97.801555 30.152141))",30.2,1433.0,85087.0,0.0,0.0,985810.3726183162,0.0014536264172124163
"POLYGON ((-97.664924 30.286895, -97.664652 30.287931, -97.664382 30.288956, -97.664243 30.289482, -97.664108 30.289996, -97.66401 30.290368, -97.663664 30.291697, -97.663527 30.292202, -97.663499 30.29229, -97.663489 30.29232, -97.663449 30.292505, -97.662394 30.296486, -97.662387 30.296512, -97.661725 30.298978, -97.661009 30.301646, -97.660866 30.302508, -97.660845 30.302622, -97.660108 30.302565, -97.659601 30.302595, -97.65902 30.302693, -97.658334 30.302817, -97.658228 30.302836, -97.657127 30.303009, -97.655374 30.303239, -97.653887 30.302908, -97.653064 30.302507, -97.653014 30.302483, -97.652473 30.30224, -97.65239 30.302203, -97.649445 30.300815, -97.64822 30.300237, -97.649952 30.29754, -97.650091 30.297324, -97.651946 30.294433, -97.652235 30.293984, -97.652622 30.293382, -97.652703 30.293255, -97.653038 30.292734, -97.653399 30.292173, -97.653827 30.291506, -97.654309 30.290592, -97.654451 30.289869, -97.654407 30.28927, -97.654194 30.288284, -97.653909 30.286968, -97.653822 30.286565, -97.653727 30.286124, -97.653624 30.285649, -97.653472 30.285491, -97.653047 30.285053, -97.652899 30.284899, -97.652749 30.284743, -97.652597 30.284253, -97.652624 30.283846, -97.65318 30.282769, -97.654181 30.283143, -97.654514 30.283268, -97.654658 30.283322, -97.654819 30.283385, -97.655641 30.283753, -97.656119 30.283909, -97.656332 30.283976, -97.656857 30.284132, -97.657223 30.284235, -97.657632 30.284335, -97.657852 30.284377, -97.659131 30.28459, -97.659822 30.284725, -97.661974 30.28507, -97.663738 30.285369, -97.664049 30.285421, -97.664791 30.285547, -97.66526 30.28562, -97.664924 30.286895))",42.4,901.0,86818.0,0.0,0.0,2164576.6840557135,0.0004162476694111935
"POLYGON ((-97.661302 30.393656, -97.661099 30.39399, -97.660328 30.393674, -97.659238 30.392812, -97.658993 30.392634, -97.658266 30.392393, -97.657895 30.393329, -97.657574 30.393746, -97.657102 30.394008, -97.656485 30.394113, -97.655608 30.393861, -97.65484 30.393455, -97.654602 30.393392, -97.654364 30.393329, -97.654204 30.393344, -97.654102 30.393354, -97.653441 30.39342, -97.653072 30.391834, -97.652947 30.391372, -97.652795 30.39081, -97.652654 30.390411, -97.652446 30.390019, -97.652282 30.389732, -97.652081 30.389431, -97.651508 30.388775, -97.651053 30.388327, -97.650916 30.388205, -97.651072 30.388013, -97.651306 30.387828, -97.651644 30.387678, -97.651989 30.38757, -97.652278 30.387504, -97.65334 30.388004, -97.654403 30.388503, -97.654793 30.388687, -97.655556 30.38911, -97.656335 30.389492, -97.657098 30.389866, -97.657781 30.390202, -97.658414 30.390513, -97.659046 30.390825, -97.660271 30.391412, -97.662103 30.392891, -97.661302 30.393656))",51.6,549.0,81250.0,16.0,0.0,355797.81442748744,0.0015430111645946822
"POLYGON ((-97.641632 30.429115, -97.641564 30.429223, -97.641457 30.429395, -97.64131 30.429631, -97.641084 30.429992, -97.640883 30.430314, -97.640766 30.430502, -97.640761 30.430518, -97.640729 30.430561, -97.64067 30.430655, -97.640613 30.430747, -97.640497 30.430933, -97.640422 30.431053, -97.640279 30.431282, -97.637889 30.434978, -97.637695 30.435315, -97.63731 30.435131, -97.637159 30.435074, -97.637052 30.435041, -97.636414 30.434885, -97.636235 30.434829, -97.636141 30.43479, -97.635287 30.434373, -97.634511 30.433993, -97.634073 30.433789, -97.634061 30.433783, -97.63401 30.433758, -97.632699 30.433166, -97.630274 30.431979, -97.628626 30.431184, -97.627735 30.430739, -97.626885 30.43033, -97.625928 30.429847, -97.625173 30.429464, -97.624506 30.428834, -97.624381 30.428717, -97.62438 30.42866, -97.62439 30.428571, -97.624417 30.428475, -97.624479 30.428304, -97.624482 30.428247, -97.624478 30.428177, -97.626423 30.424898, -97.627021 30.425206, -97.629899 30.426607, -97.630444 30.426903, -97.631218 30.427253, -97.63264 30.427956, -97.632812 30.428041, -97.633546 30.428404, -97.634117 30.428672, -97.634712 30.428924, -97.63523 30.429081, -97.636493 30.429347, -97.636673 30.429383, -97.636868 30.429425, -97.63792 30.429567, -97.638295 30.42959, -97.638687 30.429584, -97.63905 30.429562, -97.639453 30.429512, -97.640035 30.429405, -97.641254 30.429142, -97.641668 30.429055, -97.641632 30.429115))",37.2,2855.0,120750.0,176.0,0.0,811117.7735813719,0.0035198341017657216
"POLYGON ((-97.707839 30.227067, -97.707708 30.227258, -97.70763 30.227377, -97.707285 30.227902, -97.706522 30.229161, -97.706381 30.229444, -97.706303 30.229695, -97.706242 30.229932, -97.70622 30.230107, -97.706218 30.230152, -97.706198 30.23015, -97.70617 30.230148, -97.706075 30.230117, -97.705936 30.230045, -97.705793 30.229991, -97.705706 30.229971, -97.705678 30.229973, -97.705628 30.229972, -97.704282 30.229331, -97.702907 30.228693, -97.702061 30.228278, -97.701493 30.228001, -97.70194 30.227289, -97.70244 30.226507, -97.702928 30.225725, -97.703392 30.22499, -97.703602 30.225052, -97.703856 30.225151, -97.703958 30.225198, -97.704463 30.225436, -97.704831 30.225611, -97.706216 30.226277, -97.706548 30.226432, -97.70674 30.226552, -97.707722 30.227015, -97.707819 30.227057, -97.707839 30.227067))",18.2,820.0,24528.0,11.0,0.0,188377.45406021448,0.004352962535197491
"POLYGON ((-97.701089 30.224082, -97.700983 30.224212, -97.700776 30.224494, -97.699918 30.225667, -97.69909 30.226799, -97.698899 30.227059, -97.698549 30.227538, -97.698521 30.227577, -97.698209 30.227991, -97.697654 30.228755, -97.697032 30.229562, -97.695536 30.231599, -97.694693 30.231123, -97.693991 30.23072, -97.692531 30.229871, -97.692238 30.229697, -97.692212 30.229658, -97.692178 30.229604, -97.692148 30.229557, -97.692115 30.229503, -97.692083 30.229449, -97.692052 30.229395, -97.69199 30.229286, -97.691777 30.229293, -97.691178 30.229307, -97.690862 30.229325, -97.69065 30.229351, -97.690538 30.229404, -97.690501 30.229433, -97.690427 30.229521, -97.690376 30.229595, -97.690347 30.229624, -97.690297 30.229658, -97.690256 30.229668, -97.690167 30.229667, -97.689875 30.229633, -97.690067 30.229495, -97.690122 30.229449, -97.690001 30.229299, -97.689358 30.228738, -97.689476 30.228725, -97.689466 30.228707, -97.689462 30.228683, -97.689486 30.228633, -97.689528 30.228567, -97.68958 30.228511, -97.689784 30.228348, -97.691476 30.22682, -97.692965 30.225445, -97.69374 30.224755, -97.694294 30.224255, -97.694841 30.22376, -97.695485 30.223193, -97.696189 30.222561, -97.696407 30.222379, -97.696593 30.222238, -97.696705 30.22213, -97.69759 30.222537, -97.697754 30.222606, -97.697807 30.22263, -97.697982 30.222711, -97.698214 30.222811, -97.698715 30.223029, -97.699474 30.223357, -97.699666 30.223426, -97.701111 30.224054, -97.701089 30.224082))",36.3,1474.0,121848.0,36.0,14.0,556967.9317476145,0.002646471934883194
"POLYGON ((-97.776715 30.198217, -97.776635 30.198483, -97.776367 30.199455, -97.776215 30.200007, -97.776119 30.200355, -97.775944 30.200987, -97.775573 30.20233, -97.774829 30.202154, -97.772231 30.200894, -97.772149 30.200854, -97.769177 30.199412, -97.768683 30.198816, -97.768546 30.198682, -97.768487 30.198624, -97.770167 30.197356, -97.770638 30.197411, -97.77171 30.197119, -97.772274 30.197014, -97.772414 30.196989, -97.773111 30.196861, -97.773723 30.196953, -97.774017 30.197154, -97.774547 30.197342, -97.774996 30.197501, -97.775234 30.197586, -97.77622 30.197967, -97.776526 30.198077, -97.77674 30.198134, -97.776715 30.198217))",27.2,1561.0,84926.0,0.0,102.0,283634.34589561424,0.005503564792447575
"POLYGON ((-97.723847 30.225961, -97.722428 30.226614, -97.721987 30.226985, -97.721799 30.227143, -97.721313 30.226817, -97.721057 30.226316, -97.720605 30.225892, -97.719886 30.225877, -97.719399 30.226167, -97.719192 30.226617, -97.719156 30.226897, -97.719117 30.227218, -97.719277 30.228027, -97.719263 30.228455, -97.719149 30.228784, -97.719035 30.229114, -97.719082 30.229425, -97.719214 30.229689, -97.720024 30.230155, -97.720519 30.230379, -97.721071 30.230539, -97.72111 30.23055, -97.721079 30.230651, -97.720507 30.23205, -97.720463 30.23224, -97.720422 30.232319, -97.720396 30.232393, -97.720385 30.232426, -97.720377 30.232449, -97.720106 30.232337, -97.71958 30.23222, -97.718759 30.232044, -97.718002 30.231879, -97.717439 30.231715, -97.717283 30.231642, -97.716817 30.231456, -97.716234 30.231222, -97.716097 30.231149, -97.716005 30.231125, -97.71593 30.231097, -97.714495 30.230487, -97.714372 30.230435, -97.714438 30.230326, -97.714445 30.230315, -97.714707 30.229887, -97.714972 30.229465, -97.715637 30.228403, -97.718723 30.223475, -97.719224 30.222742, -97.720329 30.223282, -97.720459 30.223351, -97.721408 30.221818, -97.721498 30.221956, -97.721961 30.222664, -97.722182 30.223003, -97.722223 30.223065, -97.722912 30.224195, -97.724295 30.225656, -97.723847 30.225961))",30.9,1496.0,80408.0,32.0,28.0,438895.86880244076,0.0034085533866653715
"POLYGON ((-97.717439 30.231715, -97.717251 30.232047, -97.71699 30.23251, -97.716787 30.232723, -97.71641 30.233025, -97.715871 30.233455, -97.715754 30.233629, -97.714727 30.235178, -97.712853 30.234155, -97.712634 30.233911, -97.712589 30.23374, -97.712589 30.2336, -97.712596 30.233467, -97.712673 30.233186, -97.71275 30.232948, -97.712785 30.232772, -97.712792 30.232464, -97.712771 30.232345, -97.712701 30.232015, -97.712405 30.231346, -97.712174 30.230651, -97.712197 30.230145, -97.712435 30.229816, -97.712571 30.22963, -97.712619 30.229564, -97.712829 30.229683, -97.713551 30.230069, -97.714252 30.230382, -97.714372 30.230435, -97.714495 30.230487, -97.71593 30.231097, -97.716005 30.231125, -97.716097 30.231149, -97.716234 30.231222, -97.716817 30.231456, -97.717283 30.231642, -97.717439 30.231715))",31.1,945.0,80000.0,73.0,0.0,171181.7227824277,0.005520449173192963
"POLYGON ((-97.845652 30.397678, -97.84563 30.397853, -97.845608 30.397995, -97.845548 30.398133, -97.845473 30.398282, -97.845109 30.398826, -97.844974 30.398904, -97.844844 30.399185, -97.844407 30.3998, -97.844148 30.400158, -97.84394 30.400447, -97.844007 30.400536, -97.844035 30.400554, -97.844146 30.40074, -97.844196 30.400795, -97.844225 30.400855, -97.84427 30.400975, -97.844381 30.401228, -97.844413 30.401341, -97.844487 30.401797, -97.844481 30.401834, -97.844455 30.401909, -97.844459 30.40196, -97.844602 30.40233, -97.844611 30.402385, -97.844609 30.402484, -97.84459 30.402595, -97.844532 30.402789, -97.844459 30.402954, -97.844238 30.403361, -97.844169 30.403469, -97.844127 30.403511, -97.844064 30.403562, -97.843981 30.403666, -97.843893 30.403741, -97.843831 30.403814, -97.843785 30.403907, -97.843754 30.403982, -97.843743 30.404033, -97.843713 30.404385, -97.843692 30.404477, -97.843682 30.404559, -97.843688 30.404607, -97.843713 30.40467, -97.843908 30.404988, -97.843953 30.405097, -97.844067 30.405459, -97.844081 30.405517, -97.84409 30.405583, -97.844089 30.405696, -97.844056 30.406037, -97.844037 30.406134, -97.844011 30.406189, -97.843981 30.406223, -97.843916 30.406268, -97.843876 30.406279, -97.843826 30.406278, -97.84373 30.406266, -97.843622 30.406247, -97.843569 30.40625, -97.843474 30.406276, -97.843423 30.406303, -97.843369 30.406349, -97.843311 30.406422, -97.84315 30.406698, -97.842957 30.407048, -97.842911 30.407097, -97.842848 30.407135, -97.842464 30.407337, -97.842205 30.407437, -97.842161 30.407446, -97.84206 30.407453, -97.841868 30.407468, -97.84182 30.407465, -97.841771 30.407452, -97.841687 30.407418, -97.841552 30.407331, -97.841483 30.407281, -97.841426 30.407254, -97.841323 30.407225, -97.841268 30.40723, -97.841175 30.407251, -97.841093 30.407282, -97.84105 30.407304, -97.84097 30.407359, -97.840805 30.407497, -97.840736 30.407549, -97.840675 30.407587, -97.84056 30.407677, -97.840361 30.407809, -97.840227 30.407908, -97.840111 30.407982, -97.83992 30.408129, -97.839692 30.408313, -97.839555 30.408406, -97.839395 30.408497, -97.839354 30.408516, -97.839254 30.408542, -97.839072 30.408549, -97.839007 30.408567, -97.83893 30.408608, -97.838872 30.408652, -97.838779 30.408753, -97.838581 30.408885, -97.8385 30.408952, -97.838405 30.409038, -97.838359 30.409096, -97.838338 30.409153, -97.83832 30.409181, -97.8383 30.409198, -97.83822 30.409231, -97.838157 30.409224, -97.838008 30.409198, -97.83789 30.40919, -97.837848 30.409184, -97.837796 30.40916, -97.837759 30.409163, -97.837734 30.40917, -97.837673 30.409176, -97.837575 30.409166, -97.837411 30.409134, -97.837347 30.409131, -97.836936 30.409207, -97.836871 30.409228, -97.836824 30.409259, -97.836729 30.40934, -97.836548 30.409477, -97.836477 30.409546, -97.836427 30.409615, -97.836348 30.409764, -97.836319 30.409857, -97.836292 30.410033, -97.836273 30.410096, -97.836236 30.410167, -97.836205 30.410208, -97.836173 30.410262, -97.836175 30.410311, -97.836198 30.410368, -97.836203 30.410405, -97.836201 30.410452, -97.836189 30.41049, -97.836158 30.410531, -97.836022 30.410676, -97.835972 30.410719, -97.835864 30.410797, -97.840815 30.413208, -97.840624 30.413377, -97.840572 30.413433, -97.840514 30.413477, -97.840424 30.413519, -97.840297 30.413601, -97.839965 30.413775, -97.839841 30.413826, -97.839689 30.413882, -97.83963 30.413912, -97.83961 30.413918, -97.839578 30.413939, -97.839513 30.414, -97.839449 30.414067, -97.839348 30.414202, -97.839258 30.414366, -97.839211 30.414498, -97.839189 30.414589, -97.839126 30.414773, -97.839089 30.414867, -97.839054 30.414935, -97.839015 30.414985, -97.838955 30.415034, -97.838876 30.415078, -97.83881 30.415107, -97.838751 30.415118, -97.838574 30.415135, -97.838409 30.41514, -97.838302 30.415153, -97.838178 30.415173, -97.83813 30.415164, -97.83805 30.415139, -97.837976 30.415149, -97.837945 30.415157, -97.837909 30.415177, -97.837856 30.415235, -97.837762 30.415317, -97.837712 30.415367, -97.837648 30.415453, -97.837503 30.415651, -97.837399 30.415759, -97.837352 30.415798, -97.837305 30.415823, -97.837281 30.415849, -97.83722 30.415984, -97.837139 30.416117, -97.837054 30.416235, -97.837023 30.416286, -97.836956 30.416375, -97.83671 30.41666, -97.836654 30.41673, -97.836562 30.41686, -97.836508 30.416918, -97.836468 30.416982, -97.836424 30.417107, -97.836394 30.417227, -97.836381 30.417315, -97.836347 30.41746, -97.836231 30.417837, -97.83619 30.417952, -97.836127 30.418074, -97.836088 30.418127, -97.836053 30.418159, -97.835987 30.418205, -97.835872 30.418262, -97.835837 30.418274, -97.835763 30.418328, -97.835703 30.418352, -97.835655 30.418377, -97.835618 30.418391, -97.835589 30.418427, -97.835525 30.41849, -97.8354 30.418555, -97.835312 30.418613, -97.835288 30.418636, -97.835173 30.418716, -97.835144 30.418746, -97.835122 30.418778, -97.835099 30.418846, -97.835097 30.419011, -97.835081 30.419076, -97.835073 30.419093, -97.835014 30.419222, -97.834974 30.419268, -97.83484 30.419344, -97.834721 30.419373, -97.834657 30.419379, -97.834498 30.419352, -97.834469 30.419361, -97.834397 30.419416, -97.83437 30.419426, -97.834324 30.419434, -97.834224 30.419429, -97.834193 30.419424, -97.834121 30.419397, -97.834046 30.419359, -97.833995 30.419341, -97.833906 30.419332, -97.833791 30.419333, -97.833725 30.419339, -97.833628 30.419357, -97.833524 30.419366, -97.833248 30.419374, -97.8332 30.419379, -97.833139 30.419372, -97.833052 30.41934, -97.83297 30.419301, -97.832895 30.419274, -97.832838 30.41926, -97.832733 30.419252, -97.832545 30.419209, -97.83236 30.419173, -97.831765 30.41915, -97.83168 30.419135, -97.831617 30.419113, -97.831445 30.419023, -97.831337 30.418969, -97.831249 30.418934, -97.831193 30.418919, -97.831101 30.418901, -97.831035 30.418902, -97.830988 30.418911, -97.830922 30.41894, -97.830852 30.418983, -97.830827 30.419011, -97.830779 30.419065, -97.830746 30.419082, -97.830686 30.41909, -97.830615 30.419089, -97.83052 30.419093, -97.830335 30.419123, -97.830188 30.419173, -97.83001 30.419213, -97.829758 30.419246, -97.82952 30.419285, -97.829446 30.419283, -97.829334 30.419246, -97.829258 30.41924, -97.829094 30.419254, -97.828965 30.419276, -97.828796 30.419328, -97.828638 30.419394, -97.828432 30.41946, -97.828335 30.419507, -97.828152 30.419565, -97.828056 30.419601, -97.827905 30.419648, -97.82776 30.419681, -97.827579 30.419707, -97.8275 30.419703, -97.827373 30.419687, -97.827079 30.419689, -97.826934 30.419696, -97.826845 30.419688, -97.826525 30.419689, -97.826346 30.419722, -97.826227 30.419738, -97.82613 30.419744, -97.826041 30.419756, -97.825973 30.419772, -97.825929 30.419795, -97.825915 30.419813, -97.825887 30.419882, -97.82584 30.419959, -97.825798 30.419994, -97.825568 30.420125, -97.825533 30.420143, -97.825484 30.420176, -97.825446 30.420221, -97.825408 30.420285, -97.825355 30.420363, -97.825293 30.42041, -97.825248 30.420434, -97.825094 30.420562, -97.825064 30.420581, -97.824996 30.420607, -97.824904 30.420625, -97.82482 30.420636, -97.824715 30.420655, -97.824523 30.420704, -97.824372 30.420751, -97.824214 30.420786, -97.824114 30.420812, -97.823969 30.420856, -97.823786 30.420902, -97.823688 30.420923, -97.823601 30.420932, -97.823529 30.420934, -97.82343 30.420926, -97.823282 30.420872, -97.823196 30.420836, -97.823162 30.420829, -97.822909 30.420824, -97.822766 30.420835, -97.822415 30.42083, -97.822293 30.420816, -97.822101 30.420774, -97.821934 30.420732, -97.821618 30.420687, -97.821424 30.420676, -97.821086 30.42064, -97.820986 30.420635, -97.820925 30.420639, -97.820867 30.420655, -97.82084 30.420668, -97.820715 30.420755, -97.820656 30.420778, -97.82062 30.420787, -97.820541 30.420822, -97.8205 30.420847, -97.820459 30.420881, -97.820427 30.420916, -97.820319 30.421122, -97.820247 30.421231, -97.820198 30.421314, -97.820147 30.421385, -97.820106 30.421427, -97.820086 30.421439, -97.820027 30.421456, -97.819947 30.421466, -97.819861 30.421472, -97.819748 30.421459, -97.819514 30.421368, -97.81929 30.421255, -97.819077 30.421173, -97.818969 30.421125, -97.818866 30.421074, -97.818789 30.421029, -97.818747 30.420998, -97.818593 30.420858, -97.818509 30.420801, -97.818443 30.420779, -97.818378 30.420778, -97.818332 30.420788, -97.818223 30.420828, -97.818183 30.420847, -97.818156 30.420865, -97.818127 30.4209, -97.818097 30.420961, -97.818057 30.421, -97.818018 30.421026, -97.817998 30.421035, -97.817949 30.421075, -97.817908 30.421125, -97.817877 30.421181, -97.817858 30.42126, -97.817851 30.421331, -97.817817 30.42147, -97.817787 30.421532, -97.817761 30.421561, -97.817739 30.421571, -97.817675 30.421574, -97.817623 30.421568, -97.817576 30.421554, -97.817528 30.421532, -97.81742 30.421472, -97.817118 30.421362, -97.816927 30.421301, -97.816714 30.42119, -97.816612 30.421101, -97.816353 30.420963, -97.81616 30.420878, -97.816045 30.420843, -97.815854 30.42082, -97.815368 30.420432, -97.814883 30.420043, -97.812772 30.419006, -97.812822 30.419, -97.813056 30.418955, -97.813272 30.4189, -97.813399 30.418878, -97.81358 30.418835, -97.813953 30.418735, -97.814235 30.418686, -97.814447 30.418637, -97.814587 30.418589, -97.814639 30.418562, -97.814718 30.418509, -97.814876 30.418383, -97.815038 30.418261, -97.815113 30.418201, -97.815182 30.418155, -97.815318 30.418053, -97.815402 30.417976, -97.815454 30.417938, -97.815497 30.417912, -97.815726 30.417796, -97.815937 30.417672, -97.816134 30.417546, -97.81631 30.417412, -97.816399 30.417349, -97.81654 30.417233, -97.816588 30.417198, -97.816619 30.417184, -97.816671 30.417168, -97.816821 30.417135, -97.816859 30.417119, -97.816928 30.417049, -97.816985 30.416966, -97.817042 30.4169, -97.817065 30.416864, -97.817093 30.416803, -97.817128 30.416768, -97.817169 30.416745, -97.817299 30.416683, -97.817357 30.416649, -97.817489 30.416549, -97.817562 30.416504, -97.817777 30.416412, -97.818095 30.416304, -97.818232 30.41627, -97.818325 30.416254, -97.818431 30.416245, -97.818584 30.416249, -97.818731 30.416242, -97.818883 30.416198, -97.81909 30.41619, -97.81916 30.416176, -97.81924 30.416131, -97.819387 30.416083, -97.819763 30.416, -97.819942 30.415971, -97.820059 30.415937, -97.820359 30.415832, -97.820412 30.415804, -97.820598 30.415684, -97.820747 30.415596, -97.820831 30.415542, -97.821108 30.415347, -97.821242 30.415215, -97.821414 30.41501, -97.82167 30.414643, -97.821792 30.414424, -97.821845 30.414304, -97.821889 30.414224, -97.821914 30.414193, -97.822065 30.414048, -97.82211 30.413995, -97.82215 30.41394, -97.822221 30.413816, -97.82228 30.41369, -97.822311 30.413598, -97.822335 30.413506, -97.822362 30.413318, -97.822381 30.413273, -97.82243 30.413213, -97.822502 30.413165, -97.822541 30.413124, -97.822595 30.41304, -97.822616 30.412983, -97.822627 30.412919, -97.822627 30.412827, -97.822612 30.412775, -97.822573 30.412688, -97.822535 30.412618, -97.822473 30.412539, -97.822421 30.412455, -97.822408 30.412413, -97.822398 30.412324, -97.822402 30.412241, -97.822416 30.412151, -97.822541 30.411634, -97.822586 30.411489, -97.82263 30.411379, -97.822681 30.411271, -97.8228 30.411077, -97.822867 30.410937, -97.822935 30.410852, -97.822981 30.410781, -97.823012 30.410747, -97.823159 30.410606, -97.823224 30.410505, -97.823267 30.410464, -97.823351 30.41042, -97.823404 30.410356, -97.823412 30.410339, -97.823446 30.410172, -97.823447 30.410114, -97.823431 30.41003, -97.823401 30.40993, -97.823394 30.409906, -97.823346 30.409787, -97.823288 30.40967, -97.823273 30.409632, -97.823261 30.409601, -97.82323 30.4095, -97.8232 30.409377, -97.823187 30.409297, -97.823186 30.409193, -97.823195 30.409128, -97.823212 30.409004, -97.823217 30.408903, -97.823214 30.408765, -97.823214 30.408743, -97.823227 30.408664, -97.823237 30.408636, -97.823273 30.408581, -97.82335 30.4085, -97.82338 30.40838, -97.823378 30.408295, -97.823372 30.40826, -97.823357 30.408227, -97.823314 30.408157, -97.823295 30.408079, -97.823273 30.407856, -97.823274 30.407758, -97.823296 30.407674, -97.823361 30.407534, -97.82346 30.40736, -97.823509 30.40722, -97.823542 30.407142, -97.823581 30.407067, -97.823625 30.40701, -97.823672 30.406965, -97.82371 30.406911, -97.823737 30.406884, -97.823784 30.406823, -97.823816 30.406764, -97.823839 30.406709, -97.823941 30.40653, -97.823993 30.406449, -97.824042 30.406387, -97.824099 30.406317, -97.824266 30.406142, -97.824374 30.406017, -97.824477 30.405918, -97.824586 30.405843, -97.824659 30.405802, -97.824797 30.405698, -97.825099 30.405593, -97.825167 30.405561, -97.825231 30.405542, -97.825422 30.405514, -97.825564 30.405477, -97.825646 30.405435, -97.825818 30.405325, -97.825924 30.405262, -97.826017 30.405197, -97.82619 30.405052, -97.826249 30.404988, -97.826281 30.404939, -97.826327 30.404805, -97.826339 30.40474, -97.826339 30.404648, -97.826326 30.404522, -97.826304 30.404466, -97.82627 30.404404, -97.826245 30.404347, -97.82623 30.404287, -97.826242 30.404252, -97.826271 30.404227, -97.826347 30.404198, -97.8264 30.404166, -97.826449 30.404145, -97.826651 30.404111, -97.826789 30.404057, -97.826839 30.404015, -97.826884 30.403968, -97.826923 30.403944, -97.826958 30.403937, -97.827067 30.40393, -97.82712 30.403916, -97.827147 30.403897, -97.827177 30.403846, -97.8272 30.403795, -97.827307 30.403605, -97.827332 30.403576, -97.827369 30.403552, -97.827437 30.403541, -97.82751 30.403496, -97.82755 30.403477, -97.827658 30.403413, -97.827828 30.403301, -97.827865 30.403287, -97.828019 30.403258, -97.828107 30.403231, -97.8282 30.403192, -97.828356 30.403135, -97.82844 30.403088, -97.828575 30.402996, -97.828635 30.402963, -97.828705 30.402931, -97.828783 30.402905, -97.828938 30.402874, -97.829095 30.402861, -97.829202 30.402844, -97.829259 30.40282, -97.829318 30.402776, -97.829545 30.402511, -97.829619 30.402437, -97.829689 30.402378, -97.829768 30.402319, -97.829857 30.402259, -97.829956 30.402203, -97.830387 30.402, -97.830449 30.401975, -97.830551 30.401972, -97.830897 30.401977, -97.830986 30.401985, -97.831039 30.401997, -97.831072 30.402005, -97.831186 30.402013, -97.831309 30.402015, -97.831347 30.402005, -97.831387 30.401979, -97.831435 30.401923, -97.831472 30.401869, -97.831557 30.401726, -97.831644 30.401553, -97.831693 30.401477, -97.831768 30.401341, -97.831886 30.401142, -97.831917 30.401073, -97.831936 30.401009, -97.831944 30.40094, -97.831942 30.40087, -97.831932 30.400807, -97.831904 30.400693, -97.831885 30.400566, -97.831882 30.400504, -97.8319 30.40041, -97.831931 30.400311, -97.83198 30.400176, -97.83202 30.400136, -97.832071 30.400101, -97.832101 30.400068, -97.832156 30.399956, -97.832268 30.399781, -97.832513 30.399316, -97.832621 30.399124, -97.832677 30.398984, -97.83272 30.39877, -97.832726 30.398697, -97.832727 30.398603, -97.832759 30.398459, -97.832803 30.398326, -97.832844 30.398243, -97.832883 30.398194, -97.833097 30.398035, -97.833132 30.398005, -97.833174 30.397946, -97.833203 30.397894, -97.833235 30.397849, -97.83326 30.39783, -97.833505 30.397736, -97.833574 30.397697, -97.833775 30.397533, -97.83384 30.397475, -97.833861 30.397445, -97.833919 30.397317, -97.833962 30.397242, -97.834018 30.397157, -97.834093 30.397068, -97.834225 30.396936, -97.834382 30.396829, -97.834442 30.396801, -97.834537 30.396764, -97.834798 30.396685, -97.834858 30.396661, -97.835177 30.396515, -97.83531 30.396447, -97.835412 30.396387, -97.835455 30.396351, -97.835774 30.396202, -97.835847 30.396161, -97.835952 30.396102, -97.836165 30.395999, -97.836321 30.395942, -97.836601 30.395853, -97.836805 30.395802, -97.836888 30.395789, -97.836946 30.395757, -97.83698 30.395725, -97.837026 30.395659, -97.837087 30.395585, -97.837137 30.395548, -97.837194 30.395527, -97.837297 30.395502, -97.837371 30.395498, -97.837409 30.3955, -97.837514 30.39553, -97.83764 30.395538, -97.837691 30.39553, -97.837836 30.395487, -97.838036 30.395388, -97.838273 30.395256, -97.838493 30.395146, -97.838575 30.395122, -97.838724 30.395069, -97.838799 30.395049, -97.838875 30.395063, -97.839049 30.395111, -97.839276 30.395147, -97.839857 30.395205, -97.840197 30.395224, -97.840284 30.395219, -97.840377 30.39522, -97.840459 30.395226, -97.840678 30.395279, -97.840981 30.395366, -97.842358 30.394755, -97.843751 30.394136, -97.844266 30.393859, -97.844422 30.393782, -97.84472 30.393961, -97.845468 30.394537, -97.845417 30.394709, -97.845113 30.395087, -97.844964 30.39537, -97.844911 30.395571, -97.844884 30.39584, -97.844894 30.396002, -97.844915 30.396165, -97.844947 30.396267, -97.845014 30.396423, -97.845113 30.39661, -97.845282 30.396836, -97.845498 30.397116, -97.845601 30.397328, -97.845645 30.397499, -97.845652 30.397678))",51.5,255.0,250001.0,0.0,0.0,4227795.748502494,6.0315118129896e-05
"POLYGON ((-97.932855 30.31104, -97.932004 30.311734, -97.930933 30.312319, -97.931121 30.312694, -97.93107 30.313235, -97.930812 30.313576, -97.930415 30.313767, -97.930244 30.313797, -97.930085 30.313802, -97.929928 30.313788, -97.92969 30.313731, -97.929398 30.314321, -97.929272 30.314579, -97.929207 30.314723, -97.929163 30.314879, -97.929143 30.314994, -97.929138 30.315052, -97.929052 30.315096, -97.928911 30.315188, -97.928821 30.315224, -97.928754 30.315241, -97.928691 30.315248, -97.928594 30.315243, -97.928391 30.315211, -97.928179 30.315157, -97.927929 30.315106, -97.927793 30.315101, -97.927746 30.315088, -97.927691 30.315055, -97.927571 30.314966, -97.927485 30.314944, -97.927375 30.314924, -97.927303 30.314919, -97.92718 30.314924, -97.927075 30.314908, -97.926925 30.314903, -97.926893 30.314889, -97.926835 30.314841, -97.926756 30.314968, -97.926673 30.315079, -97.926614 30.315139, -97.926511 30.315302, -97.926465 30.315401, -97.926398 30.315613, -97.926393 30.315692, -97.926409 30.315863, -97.926459 30.316058, -97.92651 30.316226, -97.926642 30.316518, -97.926664 30.316584, -97.926734 30.316976, -97.926768 30.317095, -97.926891 30.317431, -97.926913 30.317517, -97.926926 30.317614, -97.926933 30.317801, -97.926928 30.317954, -97.926909 30.318111, -97.926884 30.318251, -97.926882 30.318409, -97.926916 30.318553, -97.926915 30.318621, -97.926903 30.318792, -97.926899 30.318964, -97.926905 30.31911, -97.926939 30.319446, -97.926932 30.319484, -97.9269 30.319545, -97.926877 30.319576, -97.926829 30.319597, -97.926724 30.319628, -97.926637 30.31967, -97.926555 30.319737, -97.926421 30.319821, -97.926379 30.319873, -97.926355 30.319919, -97.926331 30.31998, -97.926294 30.320019, -97.926053 30.320191, -97.925913 30.320263, -97.925759 30.320366, -97.925708 30.320392, -97.925585 30.320439, -97.925533 30.320467, -97.925203 30.320689, -97.925087 30.320793, -97.925025 30.320833, -97.924962 30.320858, -97.924909 30.320865, -97.924825 30.320868, -97.924706 30.320906, -97.924527 30.321001, -97.924473 30.321023, -97.924402 30.321036, -97.924312 30.32103, -97.924138 30.320996, -97.92401 30.320984, -97.923931 30.320984, -97.923864 30.320995, -97.92378 30.321026, -97.923732 30.321051, -97.9237 30.32108, -97.923656 30.321139, -97.923606 30.321197, -97.923602 30.32115, -97.923463 30.320978, -97.923361 30.320886, -97.923271 30.320815, -97.923228 30.320775, -97.923211 30.320742, -97.923204 30.320696, -97.92318 30.320621, -97.923106 30.320479, -97.922959 30.320266, -97.922878 30.320165, -97.922839 30.320108, -97.92282 30.320044, -97.922817 30.320005, -97.922767 30.319881, -97.92275 30.319813, -97.922745 30.319752, -97.922764 30.319623, -97.922772 30.3195, -97.922767 30.319393, -97.922754 30.319338, -97.922709 30.319261, -97.922592 30.319101, -97.922577 30.319066, -97.922571 30.319024, -97.922587 30.318963, -97.92269 30.318793, -97.922777 30.318667, -97.922815 30.318605, -97.922851 30.318522, -97.922906 30.31833, -97.923223 30.317462, -97.923251 30.31733, -97.923273 30.317102, -97.923308 30.316931, -97.923328 30.31681, -97.923338 30.316648, -97.923329 30.316553, -97.923307 30.316459, -97.923286 30.316403, -97.923249 30.316338, -97.923145 30.316217, -97.923099 30.316137, -97.923081 30.316081, -97.923065 30.3159, -97.923036 30.315644, -97.923 30.315504, -97.922974 30.315445, -97.92294 30.315397, -97.922883 30.315344, -97.922535 30.315073, -97.922423 30.314999, -97.922301 30.314939, -97.921845 30.31475, -97.9215 30.314599, -97.921395 30.31454, -97.921275 30.31445, -97.921199 30.314382, -97.921117 30.314289, -97.921071 30.314217, -97.921038 30.314141, -97.921025 30.31409, -97.921021 30.31394, -97.921015 30.313887, -97.920984 30.313758, -97.920931 30.313617, -97.920825 30.31345, -97.920793 30.313361, -97.920735 30.313158, -97.920652 30.312936, -97.920532 30.31271, -97.920329 30.312363, -97.920257 30.312004, -97.920159 30.311658, -97.920113 30.311513, -97.920083 30.311387, -97.92007 30.311232, -97.920076 30.311105, -97.920099 30.31102, -97.920081 30.310978, -97.920075 30.310868, -97.920058 30.310709, -97.920047 30.310648, -97.919993 30.310479, -97.919981 30.310385, -97.919943 30.310204, -97.919862 30.310211, -97.919677 30.310251, -97.918788 30.310564, -97.918704 30.310366, -97.918536 30.310103, -97.918359 30.309866, -97.918275 30.309717, -97.918227 30.309638, -97.918168 30.309542, -97.918162 30.309533, -97.918091 30.309416, -97.918069 30.309349, -97.918225 30.309317, -97.918256 30.309311, -97.918318 30.309298, -97.918509 30.309216, -97.918867 30.309086, -97.91966 30.308801, -97.920623 30.308459, -97.92089 30.308392, -97.921141 30.308341, -97.921356 30.308295, -97.921617 30.308265, -97.921773 30.308253, -97.922033 30.308244, -97.922312 30.308256, -97.922706 30.308286, -97.923087 30.308323, -97.923587 30.308401, -97.923758 30.308431, -97.923888 30.308423, -97.924075 30.308448, -97.924653 30.308512, -97.925153 30.308554, -97.925486 30.308567, -97.926019 30.308561, -97.927738 30.308165, -97.92795 30.308044, -97.928147 30.30799, -97.928595 30.307862, -97.929331 30.307617, -97.92974 30.307455, -97.929895 30.307382, -97.929948 30.307452, -97.929973 30.307485, -97.929997 30.307516, -97.93001 30.307532, -97.930081 30.307622, -97.930258 30.307848, -97.930346 30.30807, -97.930379 30.308139, -97.930385 30.308219, -97.930404 30.308354, -97.930408 30.308492, -97.930397 30.308647, -97.930395 30.308681, -97.930389 30.308769, -97.930486 30.308757, -97.930644 30.308768, -97.930801 30.308791, -97.930955 30.308821, -97.931106 30.308862, -97.931254 30.308912, -97.931396 30.308972, -97.931534 30.309041, -97.931682 30.309126, -97.931786 30.30923, -97.931882 30.309339, -97.931968 30.309453, -97.932046 30.309576, -97.932114 30.309698, -97.932171 30.309826, -97.932218 30.309958, -97.932266 30.310152, -97.932311 30.310285, -97.932365 30.310412, -97.932431 30.310537, -97.932507 30.31066, -97.932593 30.310774, -97.932689 30.310883, -97.932855 30.31104))",54.5,986.0,175000.0,8.0,19.0,1027601.6785450907,0.0009595157545830486
"POLYGON ((-97.709604 30.202645, -97.709081 30.203054, -97.708513 30.203349, -97.707922 30.20352, -97.707354 30.203634, -97.706906 30.203672, -97.706717 30.203725, -97.706501 30.203793, -97.706252 30.203935, -97.705706 30.204463, -97.704944 30.205111, -97.704422 30.205407, -97.704103 30.205554, -97.703444 30.20577, -97.702876 30.205929, -97.701921 30.2061, -97.699932 30.20643, -97.697625 30.206805, -97.696852 30.206884, -97.695977 30.206907, -97.695022 30.206952, -97.694499 30.207032, -97.692624 30.207316, -97.690556 30.20768, -97.689192 30.207896, -97.688157 30.208146, -97.687532 30.208419, -97.686888 30.208787, -97.686285 30.209197, -97.686054 30.209428, -97.685807 30.209601, -97.685402 30.209774, -97.685031 30.209898, -97.684747 30.209952, -97.684462 30.20998, -97.684165 30.210005, -97.683794 30.209997, -97.683412 30.209949, -97.683434 30.208471, -97.683484 30.205112, -97.683702 30.202225, -97.683747 30.201627, -97.68401 30.199951, -97.684246 30.198441, -97.684274 30.198315, -97.684438 30.198322, -97.684495 30.198324, -97.684657 30.198306, -97.684674 30.198307, -97.685 30.198347, -97.685471 30.198406, -97.687293 30.198627, -97.687594 30.198656, -97.688314 30.198687, -97.688446 30.198681, -97.688623 30.198678, -97.689167 30.198634, -97.68943 30.198591, -97.689703 30.198527, -97.6898 30.198502, -97.689995 30.198452, -97.690312 30.198361, -97.690605 30.198268, -97.690995 30.198106, -97.691345 30.197942, -97.69169 30.197735, -97.691712 30.19772, -97.692039 30.197502, -97.692402 30.197226, -97.692628 30.197021, -97.69538 30.194527, -97.697185 30.192949, -97.698222 30.192042, -97.698328 30.191935, -97.698371 30.191989, -97.698428 30.192038, -97.698458 30.192064, -97.699058 30.192589, -97.700846 30.194101, -97.701417 30.194584, -97.701942 30.195027, -97.702983 30.195908, -97.703567 30.196402, -97.703595 30.196426, -97.704047 30.196809, -97.70406 30.19682, -97.704128 30.196877, -97.704767 30.197418, -97.704925 30.197551, -97.705083 30.197682, -97.706093 30.198524, -97.7071 30.199364, -97.708853 30.200827, -97.709092 30.201027, -97.709232 30.201143, -97.710305 30.202023, -97.709604 30.202645))",37.7,4629.0,114096.0,36.0,0.0,2750034.574644927,0.0016832515644272135
"POLYGON ((-97.654451 30.289869, -97.654309 30.290592, -97.653827 30.291506, -97.653399 30.292173, -97.653038 30.292734, -97.652703 30.293255, -97.652622 30.293382, -97.652235 30.293984, -97.651946 30.294433, -97.650091 30.297324, -97.649952 30.29754, -97.64822 30.300237, -97.646357 30.299369, -97.646666 30.298623, -97.647014 30.297831, -97.647328 30.297088, -97.64761 30.296441, -97.649355 30.292447, -97.649451 30.292223, -97.649561 30.291923, -97.649651 30.291617, -97.649723 30.291305, -97.649762 30.291072, -97.649799 30.290756, -97.649814 30.29044, -97.649812 30.290204, -97.649793 30.289887, -97.649765 30.28965, -97.649735 30.289468, -97.649634 30.288658, -97.64943 30.287008, -97.649227 30.285357, -97.648722 30.281312, -97.648693 30.281082, -97.648743 30.2811, -97.652346 30.282455, -97.65318 30.282769, -97.652624 30.283846, -97.652597 30.284253, -97.652749 30.284743, -97.652899 30.284899, -97.653047 30.285053, -97.653472 30.285491, -97.653624 30.285649, -97.653727 30.286124, -97.653822 30.286565, -97.653909 30.286968, -97.654194 30.288284, -97.654407 30.28927, -97.654451 30.289869))",34.1,821.0,78911.0,26.0,0.0,721897.3257802706,0.0011372808440765633
"POLYGON ((-97.756617 30.355166, -97.755 30.356915, -97.754832 30.356889, -97.754746 30.356895, -97.754412 30.35689, -97.75435 30.356896, -97.754093 30.356937, -97.754019 30.356943, -97.75398 30.356939, -97.753959 30.356933, -97.753836 30.356911, -97.753663 30.356889, -97.753526 30.356879, -97.753363 30.356842, -97.753271 30.356836, -97.75312 30.35686, -97.753093 30.356857, -97.752735 30.356708, -97.75265 30.356665, -97.752577 30.356615, -97.752298 30.356467, -97.752253 30.356454, -97.752183 30.356449, -97.752024 30.356457, -97.751906 30.356434, -97.75182 30.356408, -97.751476 30.356273, -97.751393 30.35625, -97.751212 30.3562, -97.751156 30.356154, -97.751076 30.356067, -97.751031 30.356012, -97.75096 30.355903, -97.750931 30.355842, -97.75088 30.355711, -97.750815 30.355579, -97.750771 30.355509, -97.750739 30.355478, -97.750683 30.355445, -97.750596 30.355415, -97.750388 30.355367, -97.750201 30.355301, -97.750086 30.355248, -97.750023 30.355204, -97.749994 30.355177, -97.749951 30.355122, -97.749842 30.35493, -97.749755 30.354819, -97.749577 30.354628, -97.749297 30.354376, -97.749212 30.354288, -97.74918 30.354247, -97.749157 30.354152, -97.749138 30.354128, -97.749075 30.3541, -97.74904 30.354093, -97.74883 30.354091, -97.748758 30.354078, -97.748489 30.353889, -97.748305 30.353759, -97.748081 30.353601, -97.747875 30.353456, -97.747709 30.353339, -97.747483 30.35318, -97.747374 30.353005, -97.747361 30.352969, -97.74799 30.351604, -97.748366 30.351585, -97.748839 30.35172, -97.749081 30.35179, -97.749617 30.35191, -97.749872 30.352009, -97.750149 30.352093, -97.75039 30.352164, -97.750685 30.352293, -97.750972 30.352434, -97.751135 30.352511, -97.753136 30.353466, -97.75506 30.35441, -97.756617 30.355166))",29.5,1420.0,45728.0,76.0,142.0,254163.54674252484,0.00558695382638212
"POLYGON ((-97.637954 30.296098, -97.637841 30.296285, -97.637826 30.296306, -97.63779 30.296359, -97.637752 30.296414, -97.637706 30.296481, -97.63767 30.296532, -97.637121 30.297325, -97.635899 30.299305, -97.63384 30.299883, -97.63324 30.300038, -97.630366 30.300827, -97.629494 30.301067, -97.629053 30.301186, -97.628711 30.301282, -97.6285 30.301341, -97.628085 30.301455, -97.627831 30.301524, -97.6276 30.301588, -97.627038 30.301742, -97.626622 30.301854, -97.622388 30.303006, -97.62142 30.30254, -97.620842 30.302262, -97.621028 30.301978, -97.621418 30.301414, -97.621888 30.300695, -97.622532 30.299722, -97.622838 30.29926, -97.623105 30.298807, -97.623247 30.298567, -97.626021 30.294255, -97.627577 30.291825, -97.627764 30.291532, -97.627952 30.29124, -97.628883 30.291687, -97.631526 30.292955, -97.63255 30.293456, -97.634626 30.294472, -97.635662 30.294978, -97.636703 30.295487, -97.637673 30.295961, -97.637933 30.296088, -97.637954 30.296098))",30.4,1025.0,59637.0,147.0,31.0,1079620.0681669496,0.0009494080651356481
"POLYGON ((-97.695504 30.449869, -97.695502 30.45002, -97.695427 30.451034, -97.695365 30.451882, -97.69535 30.452148, -97.695083 30.457084, -97.69502 30.458239, -97.694703 30.46065, -97.694215 30.460583, -97.693952 30.460569, -97.693794 30.460549, -97.693639 30.460521, -97.693485 30.460488, -97.693334 30.460446, -97.693186 30.460396, -97.693042 30.460338, -97.692687 30.460165, -97.692258 30.45995, -97.692191 30.459917, -97.691874 30.459719, -97.691719 30.459624, -97.69128 30.459296, -97.691 30.459109, -97.690715 30.458929, -97.690349 30.458721, -97.69011 30.458607, -97.689564 30.455452, -97.688006 30.446451, -97.688139 30.44658, -97.688295 30.446656, -97.688667 30.446838, -97.691044 30.448006, -97.691137 30.447984, -97.691183 30.448074, -97.691877 30.448408, -97.694458 30.449626, -97.694765 30.449756, -97.694877 30.449776, -97.695117 30.449853, -97.695504 30.449813, -97.695504 30.449869))",58.4,1441.0,44082.0,0.0,10.0,724930.8835206344,0.001987775707667148
"POLYGON ((-97.611818 30.256997, -97.608871 30.261685, -97.607791 30.263402, -97.606712 30.26512, -97.604684 30.268345, -97.602305 30.272131, -97.601931 30.272763, -97.601125 30.274123, -97.600176 30.275518, -97.599956 30.275877, -97.596771 30.280835, -97.596347 30.281496, -97.596253 30.281643, -97.596229 30.281626, -97.596168 30.281584, -97.596142 30.281566, -97.595892 30.281428, -97.595594 30.281293, -97.595315 30.281175, -97.595173 30.281096, -97.595032 30.28099, -97.59484 30.280823, -97.594478 30.28047, -97.594103 30.280124, -97.593801 30.279915, -97.593693 30.279878, -97.593541 30.279841, -97.593502 30.27981, -97.593477 30.279782, -97.593456 30.279729, -97.593456 30.279581, -97.593449 30.279509, -97.593423 30.279421, -97.593354 30.279343, -97.593322 30.27929, -97.593246 30.279094, -97.593217 30.279047, -97.593132 30.278951, -97.593065 30.278897, -97.592954 30.278856, -97.592827 30.278785, -97.592711 30.278735, -97.592601 30.278702, -97.592477 30.278681, -97.592259 30.278665, -97.592153 30.278651, -97.591997 30.278649, -97.591912 30.278648, -97.59175 30.278641, -97.591676 30.278628, -97.591648 30.278611, -97.59156 30.27852, -97.591556 30.278476, -97.591571 30.278434, -97.591607 30.278388, -97.591681 30.27831, -97.591746 30.278229, -97.591766 30.278182, -97.591761 30.278121, -97.591727 30.278036, -97.591521 30.27766, -97.591483 30.277623, -97.59127 30.277485, -97.591249 30.277469, -97.591207 30.277438, -97.591142 30.277382, -97.591083 30.277339, -97.590914 30.277205, -97.590861 30.277178, -97.590828 30.277142, -97.590806 30.277106, -97.590665 30.276827, -97.590629 30.27677, -97.590467 30.276615, -97.590412 30.276575, -97.590328 30.276525, -97.590226 30.276478, -97.590118 30.276443, -97.590077 30.276441, -97.589899 30.276454, -97.58988 30.276445, -97.58987 30.276426, -97.589819 30.276396, -97.589783 30.276389, -97.589685 30.276382, -97.589587 30.276364, -97.589552 30.276352, -97.589457 30.276302, -97.589337 30.276261, -97.589276 30.27624, -97.589167 30.276187, -97.589028 30.276099, -97.588924 30.276018, -97.588831 30.275921, -97.588711 30.275806, -97.58861 30.27571, -97.588442 30.275596, -97.58835 30.275548, -97.588226 30.275505, -97.587827 30.275366, -97.587748 30.275331, -97.587572 30.27522, -97.587512 30.275205, -97.587236 30.275174, -97.587074 30.275178, -97.586903 30.275201, -97.586744 30.275229, -97.586635 30.275257, -97.586287 30.275375, -97.586153 30.275439, -97.586089 30.275483, -97.586061 30.27549, -97.585866 30.275491, -97.585733 30.275481, -97.585713 30.275475, -97.58565 30.275439, -97.585613 30.275408, -97.585578 30.275361, -97.58555 30.275314, -97.585543 30.275267, -97.585542 30.275204, -97.585535 30.275168, -97.585535 30.275116, -97.585516 30.275087, -97.585487 30.27509, -97.585448 30.275112, -97.585399 30.275156, -97.585346 30.27518, -97.585326 30.275159, -97.585297 30.275093, -97.585229 30.275005, -97.585195 30.274937, -97.585174 30.274871, -97.58516 30.27477, -97.585163 30.274721, -97.58515 30.274696, -97.585108 30.27465, -97.585062 30.274577, -97.58503 30.274493, -97.584994 30.274352, -97.584988 30.274314, -97.584969 30.274065, -97.584986 30.273992, -97.585016 30.27392, -97.585063 30.27386, -97.585099 30.27384, -97.585142 30.273834, -97.585205 30.273802, -97.58522 30.273784, -97.585228 30.27375, -97.585249 30.273494, -97.585309 30.273359, -97.585334 30.273323, -97.585427 30.273249, -97.585616 30.273108, -97.585702 30.273062, -97.585927 30.272985, -97.585966 30.272975, -97.585982 30.272962, -97.586166 30.272646, -97.586187 30.272588, -97.586191 30.272545, -97.586188 30.272437, -97.586201 30.2723, -97.586255 30.272121, -97.586298 30.272021, -97.586346 30.271949, -97.586434 30.271862, -97.586455 30.271819, -97.586479 30.271741, -97.586538 30.271602, -97.586617 30.27148, -97.58666 30.271427, -97.58668 30.271375, -97.586746 30.270887, -97.58676 30.270846, -97.586837 30.270723, -97.586841 30.270692, -97.586829 30.270655, -97.586799 30.2706, -97.586754 30.270441, -97.58674 30.270374, -97.586712 30.270347, -97.586617 30.270288, -97.58658 30.270275, -97.586563 30.270258, -97.586539 30.270215, -97.586526 30.270172, -97.586524 30.270133, -97.586395 30.269934, -97.586334 30.269864, -97.586248 30.269785, -97.586193 30.26975, -97.586141 30.269731, -97.58606 30.269723, -97.586008 30.269702, -97.585943 30.26966, -97.585852 30.269592, -97.585797 30.269556, -97.585651 30.269458, -97.58558 30.269436, -97.585503 30.269427, -97.585341 30.269431, -97.585076 30.269453, -97.585002 30.269464, -97.584892 30.269494, -97.584796 30.26954, -97.584732 30.269586, -97.584678 30.269643, -97.584639 30.269701, -97.584589 30.269792, -97.584369 30.270022, -97.584329 30.270112, -97.584258 30.270202, -97.584222 30.270239, -97.584182 30.270264, -97.584147 30.270276, -97.584083 30.270281, -97.583964 30.270266, -97.583916 30.270252, -97.583871 30.27023, -97.583761 30.270194, -97.58365 30.270171, -97.583507 30.270152, -97.583416 30.270149, -97.583294 30.270176, -97.583048 30.270238, -97.582921 30.270255, -97.5827 30.270255, -97.582418 30.27024, -97.58236 30.270237, -97.582134 30.270224, -97.581805 30.270215, -97.581627 30.270218, -97.58154 30.270224, -97.581382 30.270255, -97.581132 30.27027, -97.580926 30.270303, -97.580646 30.270338, -97.580406 30.270373, -97.58011 30.270416, -97.579967 30.270428, -97.579856 30.270451, -97.579824 30.270446, -97.57973 30.270416, -97.579652 30.270419, -97.579562 30.270467, -97.579543 30.270477, -97.579413 30.270505, -97.579286 30.270518, -97.578709 30.27051, -97.578662 30.2705, -97.578496 30.270426, -97.578459 30.270397, -97.578416 30.270348, -97.578346 30.270254, -97.578244 30.270153, -97.578159 30.27005, -97.578119 30.270008, -97.578078 30.269983, -97.577825 30.269915, -97.577767 30.269909, -97.577579 30.2699, -97.577555 30.269895, -97.577511 30.269872, -97.577493 30.269847, -97.577484 30.269804, -97.577491 30.269762, -97.577541 30.269683, -97.577558 30.269606, -97.577565 30.26952, -97.577561 30.269419, -97.577541 30.269325, -97.577487 30.269213, -97.577459 30.269183, -97.577438 30.26917, -97.577384 30.269161, -97.577363 30.26917, -97.5773 30.269219, -97.57727 30.269223, -97.577168 30.269197, -97.57714 30.269172, -97.577131 30.269148, -97.577129 30.269123, -97.577104 30.269012, -97.577082 30.268973, -97.577046 30.268947, -97.576967 30.268903, -97.576859 30.268828, -97.576781 30.268795, -97.576691 30.268773, -97.576596 30.268763, -97.576496 30.268764, -97.576468 30.268773, -97.576373 30.268835, -97.576337 30.268839, -97.57622 30.268824, -97.576075 30.26879, -97.576021 30.268765, -97.575979 30.268732, -97.575943 30.26869, -97.575912 30.268643, -97.575907 30.268622, -97.575905 30.268578, -97.575881 30.268532, -97.575859 30.268511, -97.575804 30.268478, -97.575766 30.268438, -97.575681 30.268367, -97.575614 30.268323, -97.575456 30.268258, -97.575405 30.268222, -97.575351 30.268164, -97.575328 30.268125, -97.575253 30.267874, -97.575234 30.267831, -97.575209 30.267793, -97.57511 30.267704, -97.574819 30.26748, -97.57452 30.26727, -97.574427 30.267187, -97.574336 30.267034, -97.574267 30.266961, -97.574127 30.266841, -97.57406 30.266794, -97.573981 30.266717, -97.573826 30.266545, -97.573766 30.266464, -97.573717 30.266374, -97.573691 30.266295, -97.573699 30.266213, -97.573691 30.26616, -97.573669 30.266117, -97.573631 30.266077, -97.573433 30.265932, -97.573396 30.265879, -97.573327 30.265741, -97.573274 30.265657, -97.573247 30.265621, -97.573191 30.265559, -97.573062 30.265435, -97.573024 30.265384, -97.572995 30.265301, -97.572974 30.265182, -97.572972 30.265151, -97.572982 30.265084, -97.572995 30.265056, -97.573049 30.264981, -97.573131 30.264885, -97.573247 30.264767, -97.573316 30.264716, -97.573545 30.264579, -97.573572 30.264547, -97.573596 30.264502, -97.573615 30.26442, -97.573618 30.264388, -97.573665 30.264401, -97.573686 30.264407, -97.57393 30.264585, -97.574114 30.264693, -97.574148 30.264697, -97.574206 30.264676, -97.574233 30.264658, -97.574272 30.264661, -97.574336 30.26469, -97.574493 30.264704, -97.574524 30.264728, -97.574566 30.264792, -97.574632 30.264879, -97.574676 30.264959, -97.57469 30.265038, -97.574731 30.265156, -97.574797 30.2653, -97.57483 30.265349, -97.574868 30.265385, -97.574994 30.265466, -97.57503 30.265496, -97.575049 30.265519, -97.575265 30.265658, -97.575292 30.265683, -97.575313 30.265692, -97.575343 30.26569, -97.575426 30.265656, -97.575495 30.26565, -97.575545 30.265657, -97.575587 30.265674, -97.575661 30.265742, -97.576129 30.266015, -97.576305 30.266102, -97.576541 30.266242, -97.576626 30.266282, -97.576711 30.266216, -97.576718 30.266149, -97.576754 30.266076, -97.576929 30.265898, -97.577007 30.265842, -97.577056 30.265774, -97.577051 30.265711, -97.577015 30.265633, -97.576996 30.265572, -97.576993 30.265478, -97.576956 30.265334, -97.576963 30.265257, -97.576975 30.265207, -97.577003 30.265162, -97.57704 30.265122, -97.577119 30.265048, -97.577179 30.26497, -97.57728 30.264817, -97.577303 30.264761, -97.57731 30.2647, -97.577307 30.264624, -97.577264 30.26446, -97.57728 30.26432, -97.577258 30.264283, -97.57725 30.26425, -97.577271 30.264183, -97.577316 30.26411, -97.577343 30.264032, -97.57239 30.261529, -97.574454 30.258331, -97.57443 30.258259, -97.574475 30.258299, -97.574803 30.257776, -97.57483 30.257733, -97.574864 30.257682, -97.577388 30.253922, -97.57807 30.252891, -97.578328 30.252524, -97.579324 30.253005, -97.579726 30.252451, -97.580164 30.251764, -97.580602 30.251112, -97.581421 30.249852, -97.581561 30.249622, -97.582017 30.248899, -97.582081 30.24882, -97.582158 30.248744, -97.582253 30.248671, -97.582457 30.248538, -97.582641 30.248439, -97.582719 30.248381, -97.58279 30.248316, -97.582837 30.248253, -97.582903 30.248148, -97.582955 30.248033, -97.582989 30.247879, -97.58303 30.247475, -97.583438 30.247533, -97.583716 30.247593, -97.58442 30.247831, -97.587139 30.249266, -97.587537 30.24948, -97.588658 30.250086, -97.590312 30.25041, -97.595643 30.251457, -97.59642 30.251553, -97.597937 30.251402, -97.598677 30.251376, -97.601668 30.25269, -97.601689 30.252697, -97.603581 30.253338, -97.604068 30.253503, -97.604178 30.25354, -97.60459 30.253726, -97.605023 30.253921, -97.605228 30.254013, -97.606204 30.254452, -97.607199 30.254791, -97.609425 30.255549, -97.611818 30.256997))",33.7,3642.0,73302.0,20.0,18.0,7831456.011073066,0.00046504762267073925
"POLYGON ((-97.577329 30.457651, -97.577134 30.45776, -97.576985 30.457852, -97.576689 30.458082, -97.576461 30.458327, -97.576328 30.458499, -97.576196 30.458715, -97.576114 30.458866, -97.576026 30.45911, -97.57599 30.459229, -97.575937 30.459472, -97.575927 30.460064, -97.575927 30.460128, -97.575921 30.460582, -97.57581 30.461038, -97.575709 30.461318, -97.575606 30.461478, -97.575255 30.462021, -97.574702 30.462882, -97.574621 30.462845, -97.573656 30.462408, -97.572139 30.461699, -97.571696 30.461493, -97.570398 30.460888, -97.568516 30.460009, -97.568466 30.459985, -97.568344 30.459928, -97.568246 30.459883, -97.565844 30.458761, -97.560615 30.45632, -97.559821 30.455949, -97.556839 30.454558, -97.557954 30.452818, -97.558082 30.452618, -97.559265 30.450775, -97.560519 30.448819, -97.561222 30.447721, -97.561514 30.447268, -97.561644 30.447347, -97.562552 30.447766, -97.563001 30.447965, -97.563126 30.448029, -97.563298 30.448095, -97.563462 30.448144, -97.563653 30.448177, -97.563834 30.448207, -97.564072 30.44822, -97.5645 30.448219, -97.565448 30.448255, -97.566619 30.448313, -97.567005 30.448356, -97.567318 30.448412, -97.567505 30.448461, -97.56772 30.448533, -97.567891 30.448609, -97.568085 30.448692, -97.568286 30.44881, -97.568477 30.448935, -97.568645 30.449054, -97.56881 30.449192, -97.569144 30.449536, -97.57003 30.450585, -97.572354 30.453301, -97.572797 30.45383, -97.57301 30.454041, -97.573182 30.45417, -97.573406 30.454304, -97.573746 30.454472, -97.575087 30.455095, -97.575473 30.45528, -97.575698 30.455384, -97.576359 30.455692, -97.576675 30.455912, -97.576851 30.456195, -97.577555 30.457546, -97.577329 30.457651))",39.2,3151.0,159943.0,0.0,0.0,1719771.345454306,0.001832220317153622
"POLYGON ((-97.909364 30.355597, -97.909296 30.35565, -97.909039 30.355837, -97.908809 30.355969, -97.908662 30.356057, -97.908609 30.356088, -97.908465 30.356231, -97.906974 30.357313, -97.906902 30.357363, -97.90681 30.357431, -97.906228 30.357862, -97.905647 30.358283, -97.904769 30.358885, -97.904205 30.359365, -97.904152 30.359445, -97.904057 30.35957, -97.903906 30.359754, -97.903704 30.359953, -97.903559 30.360065, -97.90336 30.360196, -97.903197 30.360282, -97.902999 30.360362, -97.902761 30.360457, -97.902432 30.360584, -97.902198 30.360685, -97.901928 30.360783, -97.901759 30.360872, -97.901566 30.360991, -97.90135 30.361145, -97.901092 30.361388, -97.900795 30.36167, -97.900514 30.361934, -97.900271 30.362144, -97.900093 30.362304, -97.899932 30.362396, -97.899864 30.362453, -97.899662 30.362654, -97.899346 30.362902, -97.89903 30.36314, -97.898682 30.363364, -97.898185 30.363641, -97.89782 30.363857, -97.897383 30.364127, -97.89723 30.364241, -97.896925 30.364535, -97.896694 30.364883, -97.896531 30.365181, -97.896421 30.365494, -97.896307 30.365778, -97.896137 30.366105, -97.896042 30.366223, -97.895838 30.366521, -97.895732 30.366667, -97.895461 30.36697, -97.895033 30.367261, -97.894626 30.36756, -97.894083 30.367913, -97.893507 30.368345, -97.893054 30.368686, -97.892837 30.368818, -97.891923 30.36924, -97.891799 30.369267, -97.891682 30.369327, -97.891334 30.369448, -97.891013 30.369576, -97.890512 30.369776, -97.890258 30.36989, -97.889601 30.370159, -97.88932 30.370287, -97.889177 30.370368, -97.888975 30.370482, -97.888856 30.370568, -97.888686 30.370677, -97.888525 30.370797, -97.888392 30.370899, -97.888249 30.371027, -97.887963 30.371311, -97.887837 30.371484, -97.88742 30.372074, -97.887161 30.372436, -97.886971 30.372691, -97.886677 30.373095, -97.886438 30.373396, -97.886164 30.373783, -97.885697 30.374351, -97.885553 30.374256, -97.885573 30.37423, -97.886 30.373696, -97.886207 30.373435, -97.879244 30.370705, -97.879132 30.37075, -97.879095 30.370774, -97.879026 30.370834, -97.878984 30.370861, -97.878795 30.370941, -97.878618 30.37101, -97.878394 30.371081, -97.878287 30.37112, -97.878271 30.371123, -97.878247 30.371127, -97.878201 30.371126, -97.87815 30.371117, -97.87802 30.371081, -97.87785 30.371019, -97.877682 30.370941, -97.87746 30.370882, -97.877128 30.370771, -97.877441 30.370192, -97.877625 30.369853, -97.88061 30.363833, -97.877459 30.362301, -97.877612 30.361989, -97.877451 30.361986, -97.877248 30.361946, -97.876913 30.361864, -97.876812 30.361832, -97.876296 30.361629, -97.87626 30.361612, -97.876184 30.36156, -97.876079 30.361469, -97.875941 30.361325, -97.875867 30.361266, -97.875695 30.361149, -97.875607 30.361072, -97.875556 30.361008, -97.875457 30.360871, -97.875378 30.360795, -97.875212 30.360652, -97.874808 30.360216, -97.874671 30.360077, -97.874471 30.359907, -97.874363 30.359799, -97.874278 30.359694, -97.874258 30.359653, -97.874233 30.359557, -97.874214 30.359521, -97.874172 30.359475, -97.874134 30.359448, -97.874069 30.35941, -97.873467 30.359319, -97.873305 30.359277, -97.873114 30.359244, -97.873087 30.35924, -97.872569 30.359138, -97.872334 30.359098, -97.872295 30.359088, -97.872219 30.359069, -97.8721 30.359025, -97.871853 30.358914, -97.871747 30.358853, -97.871702 30.358841, -97.871638 30.358836, -97.871292 30.358833, -97.871246 30.358823, -97.871142 30.35878, -97.870925 30.358675, -97.870961 30.358594, -97.870831 30.358191, -97.870729 30.357986, -97.870628 30.357753, -97.870597 30.357664, -97.87057 30.357469, -97.870525 30.357304, -97.870471 30.35716, -97.870446 30.357107, -97.870351 30.356926, -97.870293 30.356837, -97.870243 30.356784, -97.870175 30.35673, -97.869879 30.356555, -97.86983 30.35653, -97.868868 30.356184, -97.868692 30.356111, -97.868558 30.356046, -97.868429 30.355971, -97.868206 30.355813, -97.868005 30.35569, -97.86776 30.355553, -97.867543 30.35541, -97.867421 30.355314, -97.867362 30.355277, -97.867257 30.355233, -97.867056 30.355163, -97.866776 30.355054, -97.866668 30.355003, -97.866569 30.354944, -97.866481 30.354872, -97.866421 30.354806, -97.866358 30.354717, -97.866332 30.35468, -97.866266 30.354544, -97.866233 30.35451, -97.866185 30.354482, -97.866124 30.35446, -97.866037 30.354436, -97.866001 30.35442, -97.865916 30.354354, -97.865881 30.354267, -97.865863 30.354203, -97.865769 30.354005, -97.865743 30.353973, -97.865628 30.353857, -97.865614 30.353836, -97.8656 30.353815, -97.865573 30.353735, -97.865562 30.353704, -97.865542 30.353669, -97.865512 30.353652, -97.865472 30.353645, -97.865367 30.353663, -97.865254 30.353688, -97.865197 30.353689, -97.865176 30.353683, -97.865147 30.353661, -97.865128 30.35363, -97.865071 30.353478, -97.86415 30.353965, -97.863621 30.354246, -97.863586 30.354202, -97.863203 30.35373, -97.863153 30.353668, -97.864776 30.35265, -97.8664 30.351633, -97.871374 30.348204, -97.873595 30.346654, -97.874417 30.346169, -97.87987 30.344291, -97.880377 30.344054, -97.880487 30.344003, -97.880623 30.343981, -97.883943 30.343435, -97.884965 30.343288, -97.890395 30.342375, -97.894487 30.341703, -97.89691 30.340895, -97.897444 30.341104, -97.897554 30.341128, -97.89771 30.341185, -97.897856 30.341262, -97.898001 30.341382, -97.89808 30.3415, -97.898142 30.341592, -97.898155 30.341611, -97.898187 30.341616, -97.898236 30.341637, -97.898304 30.341678, -97.898348 30.341718, -97.898506 30.341916, -97.898546 30.341984, -97.898599 30.342154, -97.898654 30.342333, -97.898716 30.34248, -97.898753 30.342527, -97.898804 30.342564, -97.898872 30.342592, -97.898957 30.342613, -97.899067 30.342628, -97.899269 30.342637, -97.89945 30.342652, -97.899521 30.34267, -97.899558 30.342689, -97.899606 30.34273, -97.89965 30.342787, -97.899697 30.342864, -97.899723 30.342935, -97.899745 30.342979, -97.899765 30.342998, -97.899791 30.343009, -97.899884 30.343017, -97.899996 30.343071, -97.900068 30.343112, -97.900186 30.343194, -97.900478 30.343326, -97.900527 30.34333, -97.900624 30.343309, -97.900745 30.343273, -97.900878 30.343241, -97.900988 30.343223, -97.901178 30.343223, -97.90124 30.34323, -97.901276 30.343243, -97.901305 30.343269, -97.901323 30.343305, -97.901336 30.343422, -97.901357 30.343533, -97.901382 30.343571, -97.901424 30.343605, -97.901504 30.343644, -97.901709 30.343717, -97.901736 30.343728, -97.901864 30.343781, -97.901979 30.343795, -97.902027 30.343813, -97.902091 30.343848, -97.902331 30.344021, -97.902373 30.344058, -97.902392 30.344086, -97.902416 30.344143, -97.902449 30.344201, -97.902473 30.344232, -97.902741 30.344401, -97.902801 30.344447, -97.902848 30.344499, -97.902966 30.344672, -97.903013 30.344754, -97.903047 30.344861, -97.903073 30.344996, -97.903094 30.345043, -97.903124 30.345081, -97.903147 30.345098, -97.903208 30.345132, -97.903297 30.345164, -97.90365 30.345204, -97.90372 30.345215, -97.903867 30.345255, -97.903953 30.345288, -97.904031 30.345329, -97.904104 30.345379, -97.904262 30.345516, -97.904413 30.345657, -97.904487 30.345766, -97.90456 30.345898, -97.904608 30.345953, -97.904711 30.346045, -97.904794 30.346106, -97.90489 30.346157, -97.904991 30.346193, -97.905387 30.346313, -97.90549 30.346313, -97.905534 30.346323, -97.905568 30.346344, -97.905594 30.346373, -97.905612 30.346414, -97.905632 30.346482, -97.905642 30.346558, -97.905639 30.346669, -97.90563 30.346723, -97.905592 30.34685, -97.905586 30.346932, -97.905595 30.346994, -97.905621 30.347066, -97.905652 30.347117, -97.905697 30.347164, -97.90576 30.347212, -97.905855 30.347269, -97.90596 30.34731, -97.905997 30.34733, -97.906053 30.347374, -97.90611 30.347431, -97.906172 30.347511, -97.906187 30.347539, -97.906204 30.347592, -97.906215 30.347694, -97.906212 30.347775, -97.906185 30.347871, -97.906166 30.348018, -97.906145 30.348132, -97.90615 30.34818, -97.906206 30.34835, -97.906363 30.34873, -97.90638 30.348797, -97.906401 30.349109, -97.906401 30.349299, -97.906428 30.349456, -97.90648 30.349703, -97.906515 30.349802, -97.906569 30.349906, -97.906657 30.350042, -97.906809 30.350258, -97.906933 30.350413, -97.907122 30.350611, -97.907222 30.350696, -97.907344 30.350808, -97.907404 30.350875, -97.907452 30.350941, -97.907505 30.351033, -97.907532 30.351108, -97.907552 30.351213, -97.907591 30.351378, -97.907658 30.351729, -97.907671 30.351788, -97.907725 30.351868, -97.907801 30.352023, -97.907857 30.352162, -97.907909 30.35227, -97.907947 30.35232, -97.908031 30.352374, -97.908074 30.352437, -97.908116 30.352552, -97.908201 30.352678, -97.908288 30.352776, -97.908681 30.353276, -97.908748 30.353373, -97.908775 30.353435, -97.908833 30.35362, -97.909009 30.354043, -97.909025 30.354122, -97.909022 30.354169, -97.908934 30.354441, -97.908928 30.354519, -97.90894 30.354577, -97.909205 30.355247, -97.909338 30.35554, -97.909364 30.355597))",46.1,3349.0,245714.0,91.0,0.0,8727381.936349127,0.0003837347814527946
"POLYGON ((-97.853683 30.404395, -97.853597 30.404553, -97.852479 30.406595, -97.85101 30.409724, -97.850567 30.410566, -97.849947 30.411728, -97.849617 30.412357, -97.848591 30.414292, -97.847345 30.416766, -97.84655 30.416463, -97.846025 30.416258, -97.845579 30.416045, -97.845409 30.415925, -97.845217 30.415769, -97.844962 30.415528, -97.844615 30.415216, -97.844317 30.414918, -97.84409 30.414727, -97.843863 30.414549, -97.843651 30.414422, -97.843396 30.414301, -97.843147 30.414231, -97.842955 30.41422, -97.842739 30.414118, -97.840815 30.413208, -97.835864 30.410797, -97.835972 30.410719, -97.836022 30.410676, -97.836158 30.410531, -97.836189 30.41049, -97.836201 30.410452, -97.836203 30.410405, -97.836198 30.410368, -97.836175 30.410311, -97.836173 30.410262, -97.836205 30.410208, -97.836236 30.410167, -97.836273 30.410096, -97.836292 30.410033, -97.836319 30.409857, -97.836348 30.409764, -97.836427 30.409615, -97.836477 30.409546, -97.836548 30.409477, -97.836729 30.40934, -97.836824 30.409259, -97.836871 30.409228, -97.836936 30.409207, -97.837347 30.409131, -97.837411 30.409134, -97.837575 30.409166, -97.837673 30.409176, -97.837734 30.40917, -97.837759 30.409163, -97.837796 30.40916, -97.837848 30.409184, -97.83789 30.40919, -97.838008 30.409198, -97.838157 30.409224, -97.83822 30.409231, -97.8383 30.409198, -97.83832 30.409181, -97.838338 30.409153, -97.838359 30.409096, -97.838405 30.409038, -97.8385 30.408952, -97.838581 30.408885, -97.838779 30.408753, -97.838872 30.408652, -97.83893 30.408608, -97.839007 30.408567, -97.839072 30.408549, -97.839254 30.408542, -97.839354 30.408516, -97.839395 30.408497, -97.839555 30.408406, -97.839692 30.408313, -97.83992 30.408129, -97.840111 30.407982, -97.840227 30.407908, -97.840361 30.407809, -97.84056 30.407677, -97.840675 30.407587, -97.840736 30.407549, -97.840805 30.407497, -97.84097 30.407359, -97.84105 30.407304, -97.841093 30.407282, -97.841175 30.407251, -97.841268 30.40723, -97.841323 30.407225, -97.841426 30.407254, -97.841483 30.407281, -97.841552 30.407331, -97.841687 30.407418, -97.841771 30.407452, -97.84182 30.407465, -97.841868 30.407468, -97.84206 30.407453, -97.842161 30.407446, -97.842205 30.407437, -97.842464 30.407337, -97.842848 30.407135, -97.842911 30.407097, -97.842957 30.407048, -97.84315 30.406698, -97.843311 30.406422, -97.843369 30.406349, -97.843423 30.406303, -97.843474 30.406276, -97.843569 30.40625, -97.843622 30.406247, -97.84373 30.406266, -97.843826 30.406278, -97.843876 30.406279, -97.843916 30.406268, -97.843981 30.406223, -97.844011 30.406189, -97.844037 30.406134, -97.844056 30.406037, -97.844089 30.405696, -97.84409 30.405583, -97.844081 30.405517, -97.844067 30.405459, -97.843953 30.405097, -97.843908 30.404988, -97.843713 30.40467, -97.843688 30.404607, -97.843682 30.404559, -97.843692 30.404477, -97.843713 30.404385, -97.843743 30.404033, -97.843754 30.403982, -97.843785 30.403907, -97.843831 30.403814, -97.843893 30.403741, -97.843981 30.403666, -97.844064 30.403562, -97.844127 30.403511, -97.844169 30.403469, -97.844238 30.403361, -97.844459 30.402954, -97.844532 30.402789, -97.84459 30.402595, -97.844609 30.402484, -97.844611 30.402385, -97.844602 30.40233, -97.844459 30.40196, -97.844455 30.401909, -97.844481 30.401834, -97.844487 30.401797, -97.844413 30.401341, -97.844381 30.401228, -97.84427 30.400975, -97.844225 30.400855, -97.844196 30.400795, -97.844146 30.40074, -97.844035 30.400554, -97.844007 30.400536, -97.84394 30.400447, -97.844148 30.400158, -97.844407 30.3998, -97.844844 30.399185, -97.844974 30.398904, -97.845109 30.398826, -97.845473 30.398282, -97.845548 30.398133, -97.845608 30.397995, -97.84563 30.397853, -97.845652 30.397678, -97.845645 30.397499, -97.845601 30.397328, -97.845498 30.397116, -97.845282 30.396836, -97.845113 30.39661, -97.845014 30.396423, -97.844947 30.396267, -97.844915 30.396165, -97.844894 30.396002, -97.844884 30.39584, -97.844911 30.395571, -97.844964 30.39537, -97.845113 30.395087, -97.845417 30.394709, -97.845468 30.394537, -97.845633 30.394672, -97.845937 30.394939, -97.847166 30.395683, -97.847269 30.395741, -97.84741 30.395821, -97.847657 30.39596, -97.848817 30.396615, -97.84909 30.396836, -97.849324 30.397115, -97.849485 30.39735, -97.849535 30.397402, -97.849664 30.397611, -97.850814 30.399549, -97.851604 30.400844, -97.851785 30.401145, -97.852046 30.401562, -97.852373 30.402014, -97.852529 30.402342, -97.852733 30.402574, -97.85323 30.403076, -97.854021 30.403777, -97.853683 30.404395))",30.5,2981.0,62383.0,210.0,13.0,1834595.362609118,0.0016248814647391741
"POLYGON ((-97.719551 30.238803, -97.71792 30.241317, -97.717145 30.242513, -97.717055 30.242659, -97.716271 30.243927, -97.71425 30.247204, -97.71379 30.24827, -97.713681 30.248995, -97.713577 30.24969, -97.713529 30.250281, -97.713518 30.250351, -97.713506 30.250432, -97.71019 30.250504, -97.706873 30.250575, -97.705281 30.250609, -97.702066 30.250226, -97.701878 30.250204, -97.701381 30.249809, -97.701203 30.249592, -97.700481 30.248709, -97.700036 30.247818, -97.70015 30.247869, -97.700174 30.247877, -97.700237 30.247888, -97.700289 30.247879, -97.700415 30.247815, -97.700517 30.247773, -97.700574 30.247757, -97.70067 30.247755, -97.700759 30.247791, -97.700814 30.24779, -97.701132 30.247765, -97.70126 30.247763, -97.701348 30.24777, -97.70141 30.247785, -97.701524 30.247849, -97.701662 30.247912, -97.701745 30.247939, -97.70186 30.247961, -97.701982 30.247958, -97.702305 30.248002, -97.702563 30.248047, -97.70307 30.248154, -97.70335 30.248204, -97.703593 30.248256, -97.703702 30.248292, -97.703866 30.248371, -97.703953 30.248426, -97.703993 30.248444, -97.70407 30.248461, -97.704146 30.248461, -97.704173 30.248451, -97.704905 30.248533, -97.705432 30.248642, -97.705923 30.248765, -97.706041 30.248758, -97.706491 30.248701, -97.707614 30.248401, -97.707925 30.24826, -97.708357 30.248132, -97.708391 30.248113, -97.708459 30.24795, -97.708569 30.247594, -97.708712 30.247188, -97.708877 30.246948, -97.708997 30.246765, -97.709282 30.246378, -97.709538 30.246046, -97.70962 30.24594, -97.709883 30.245451, -97.710191 30.244987, -97.710447 30.244616, -97.710771 30.244236, -97.711014 30.24405, -97.71135 30.243911, -97.711493 30.243812, -97.71169 30.24366, -97.711811 30.243409, -97.712057 30.243124, -97.712189 30.242865, -97.71237 30.242652, -97.712564 30.242344, -97.712663 30.242137, -97.712756 30.241975, -97.712881 30.241816, -97.713035 30.241553, -97.713076 30.241451, -97.71311 30.241369, -97.713699 30.240495, -97.714074 30.24001, -97.714143 30.239937, -97.714415 30.239868, -97.71449 30.239753, -97.714624 30.239529, -97.714736 30.239246, -97.714803 30.238972, -97.714807 30.23888, -97.714839 30.238606, -97.714904 30.238365, -97.714964 30.238054, -97.714968 30.237925, -97.714969 30.23788, -97.715041 30.237563, -97.715499 30.237529, -97.715887 30.237352, -97.716302 30.237281, -97.71675 30.237329, -97.717205 30.23752, -97.719135 30.238575, -97.719551 30.238803))",26.8,885.0,48519.0,194.0,108.0,854598.0379913889,0.0010355745750131448
"POLYGON ((-97.720133 30.233163, -97.720059 30.233181, -97.720019 30.233208, -97.719998 30.233221, -97.719973 30.233224, -97.719901 30.233221, -97.719812 30.233241, -97.719657 30.233303, -97.71926 30.233525, -97.71892 30.233752, -97.718676 30.233907, -97.718564 30.233996, -97.718009 30.234254, -97.717808 30.234359, -97.71773 30.234394, -97.71722 30.234554, -97.717195 30.234553, -97.717108 30.234519, -97.71715 30.234381, -97.71709 30.234219, -97.716995 30.2339, -97.716931 30.233668, -97.71688 30.233531, -97.716752 30.233369, -97.716537 30.23315, -97.71641 30.233025, -97.716787 30.232723, -97.71699 30.23251, -97.717251 30.232047, -97.717439 30.231715, -97.718002 30.231879, -97.718759 30.232044, -97.71958 30.23222, -97.720106 30.232337, -97.720377 30.232449, -97.720133 30.233163))",29.0,0.0,75000.0,0.0,0.0,66538.34743081457,0.0
"POLYGON ((-97.589391 30.449764, -97.589116 30.450327, -97.589056 30.450614, -97.589092 30.45095, -97.589212 30.451476, -97.589383 30.452173, -97.589439 30.452398, -97.589502 30.452765, -97.589523 30.452889, -97.589499 30.45338, -97.589379 30.454038, -97.589257 30.454597, -97.589185 30.455205, -97.589191 30.455501, -97.589245 30.455749, -97.589403 30.45617, -97.589631 30.456577, -97.589233 30.4568, -97.589107 30.456884, -97.588982 30.456986, -97.588793 30.457157, -97.588521 30.457393, -97.58832 30.457561, -97.588209 30.457656, -97.587898 30.457937, -97.587605 30.458153, -97.587401 30.458269, -97.587294 30.458332, -97.587042 30.458476, -97.586182 30.458966, -97.585938 30.459085, -97.585548 30.458505, -97.585261 30.45823, -97.58494 30.458062, -97.584587 30.457934, -97.58423 30.457912, -97.583819 30.45794, -97.583383 30.457937, -97.582802 30.457965, -97.582297 30.457976, -97.581749 30.457985, -97.581568 30.457972, -97.581223 30.457924, -97.580923 30.457854, -97.580708 30.457787, -97.580272 30.457626, -97.579834 30.457472, -97.579529 30.45738, -97.579232 30.457329, -97.578951 30.45731, -97.578659 30.457304, -97.578476 30.457324, -97.578193 30.457355, -97.577964 30.457397, -97.577827 30.457434, -97.577555 30.457546, -97.576851 30.456195, -97.576675 30.455912, -97.576359 30.455692, -97.575698 30.455384, -97.575473 30.45528, -97.575087 30.455095, -97.573746 30.454472, -97.573406 30.454304, -97.573182 30.45417, -97.57301 30.454041, -97.572797 30.45383, -97.572354 30.453301, -97.57003 30.450585, -97.569144 30.449536, -97.56881 30.449192, -97.568645 30.449054, -97.568477 30.448935, -97.568286 30.44881, -97.568085 30.448692, -97.567891 30.448609, -97.56772 30.448533, -97.567505 30.448461, -97.567318 30.448412, -97.567005 30.448356, -97.566619 30.448313, -97.565448 30.448255, -97.5645 30.448219, -97.564072 30.44822, -97.563834 30.448207, -97.563653 30.448177, -97.563462 30.448144, -97.563298 30.448095, -97.563126 30.448029, -97.563001 30.447965, -97.562552 30.447766, -97.561644 30.447347, -97.561514 30.447268, -97.562338 30.445983, -97.562812 30.445243, -97.563335 30.444427, -97.564249 30.443001, -97.564259 30.442985, -97.565831 30.440534, -97.56681 30.439009, -97.567089 30.438573, -97.567274 30.438245, -97.567316 30.438172, -97.567357 30.438098, -97.568301 30.436615, -97.568377 30.436497, -97.568701 30.435988, -97.568781 30.435893, -97.568829 30.435836, -97.568937 30.435669, -97.569883 30.436127, -97.570017 30.436186, -97.570155 30.436239, -97.570295 30.436286, -97.570438 30.436326, -97.570584 30.43636, -97.570731 30.436386, -97.57088 30.436407, -97.571029 30.43642, -97.57133 30.436426, -97.57148 30.436418, -97.57163 30.436404, -97.571778 30.436383, -97.572091 30.436328, -97.572258 30.436307, -97.572426 30.436294, -97.572594 30.436287, -97.572763 30.436287, -97.572931 30.436294, -97.573099 30.436308, -97.573266 30.436329, -97.573432 30.436357, -97.573595 30.436392, -97.573757 30.436433, -97.573916 30.436481, -97.574174 30.436576, -97.578128 30.43939, -97.578334 30.439579, -97.578517 30.439785, -97.578674 30.440007, -97.578804 30.440241, -97.578906 30.440486, -97.578978 30.440738, -97.57901 30.440936, -97.579034 30.441135, -97.579058 30.441495, -97.579059 30.441735, -97.57905 30.441935, -97.579034 30.442135, -97.579012 30.442399, -97.579022 30.442665, -97.579064 30.442928, -97.579137 30.443186, -97.579241 30.443435, -97.579375 30.443674, -97.579539 30.443899, -97.579724 30.44411, -97.579937 30.444301, -97.580295 30.44455, -97.581009 30.444899, -97.585851 30.447385, -97.586275 30.447609, -97.587015 30.447999, -97.58964 30.449386, -97.589391 30.449764))",37.1,2255.0,150173.0,28.0,0.0,3603195.7297431733,0.0006258333349436809
"POLYGON ((-97.655134 30.378957, -97.654913 30.379037, -97.654785 30.379099, -97.6543 30.379356, -97.653988 30.379588, -97.653618 30.379965, -97.653041 30.380558, -97.652493 30.381142, -97.652168 30.381499, -97.651838 30.381808, -97.651523 30.382124, -97.650678 30.383069, -97.65005 30.383924, -97.649551 30.385047, -97.649464 30.385194, -97.649381 30.385362, -97.648871 30.386531, -97.648714 30.386876, -97.648687 30.386914, -97.648526 30.38685, -97.648224 30.386706, -97.648135 30.386644, -97.647286 30.386173, -97.646793 30.385926, -97.646353 30.385644, -97.645857 30.385279, -97.645548 30.385045, -97.645365 30.384914, -97.645215 30.384845, -97.645052 30.384769, -97.644798 30.384747, -97.644682 30.384667, -97.644063 30.384178, -97.644125 30.383934, -97.644849 30.381097, -97.645187 30.379353, -97.64528 30.378872, -97.646086 30.374704, -97.654944 30.378868, -97.655134 30.378957))",32.4,2087.0,80155.0,159.0,26.0,726085.9886638045,0.0028743152086444295
"POLYGON ((-97.584997 30.467722, -97.584582 30.468433, -97.584272 30.469011, -97.584027 30.469468, -97.583695 30.469915, -97.583422 30.470086, -97.582775 30.47037, -97.582526 30.470608, -97.582376 30.470926, -97.582455 30.471757, -97.582344 30.472116, -97.582046 30.472584, -97.581491 30.473457, -97.581273 30.4738, -97.580799 30.474288, -97.580496 30.474635, -97.580366 30.475163, -97.580189 30.475546, -97.580152 30.475589, -97.579951 30.475829, -97.579275 30.476246, -97.578943 30.476681, -97.578738 30.477163, -97.578702 30.477277, -97.578605 30.47725, -97.578592 30.477296, -97.57868 30.477332, -97.578625 30.477465, -97.578576 30.477571, -97.578497 30.477714, -97.578359 30.477922, -97.578147 30.478153, -97.578044 30.478237, -97.577852 30.478391, -97.57733 30.478763, -97.577203 30.47863, -97.577144 30.478574, -97.577029 30.478479, -97.576889 30.478378, -97.576714 30.478265, -97.576695 30.478257, -97.576445 30.47814, -97.576281 30.478084, -97.576113 30.478041, -97.575932 30.478011, -97.575745 30.477985, -97.575472 30.477968, -97.574507 30.4781, -97.573741 30.47813, -97.573472 30.478127, -97.573239 30.478096, -97.57302 30.478043, -97.572696 30.477938, -97.572272 30.477754, -97.571891 30.477599, -97.571207 30.477307, -97.570785 30.477154, -97.570335 30.477025, -97.570424 30.476766, -97.570515 30.476606, -97.570583 30.476533, -97.570841 30.476368, -97.570863 30.476364, -97.571369 30.476128, -97.571589 30.475992, -97.571645 30.475934, -97.571743 30.475831, -97.571807 30.475704, -97.571839 30.475096, -97.5719 30.474882, -97.571976 30.474683, -97.571996 30.474643, -97.572081 30.474471, -97.572158 30.474341, -97.572266 30.474183, -97.572284 30.474171, -97.571768 30.473926, -97.571926 30.473679, -97.572025 30.473524, -97.572246 30.473154, -97.572554 30.472684, -97.572287 30.472568, -97.572099 30.47244, -97.571932 30.472174, -97.570837 30.470414, -97.570845 30.470111, -97.570884 30.469864, -97.571424 30.468948, -97.57147 30.46887, -97.572654 30.46698, -97.572853 30.466614, -97.572973 30.466394, -97.573114 30.465363, -97.574133 30.463768, -97.574569 30.46309, -97.574702 30.462882, -97.574778 30.462918, -97.577554 30.464226, -97.579813 30.46528, -97.581855 30.466233, -97.582562 30.466568, -97.582656 30.466613, -97.583228 30.466884, -97.584601 30.467534, -97.584997 30.467722))",39.8,1353.0,173359.0,0.0,0.0,1447205.4093192602,0.0009349052949134756
"POLYGON ((-97.639265 30.44838, -97.639236 30.44868, -97.639133 30.449003, -97.638994 30.449361, -97.638551 30.450041, -97.638029 30.450838, -97.637502 30.451718, -97.63706 30.452458, -97.636704 30.453418, -97.636626 30.454003, -97.636553 30.45431, -97.636429 30.454673, -97.636002 30.455415, -97.635958 30.455484, -97.635455 30.456271, -97.634968 30.456065, -97.634292 30.45575, -97.633866 30.455551, -97.633384 30.455323, -97.632659 30.45497, -97.632322 30.454816, -97.630244 30.453864, -97.62943 30.453459, -97.629748 30.45288, -97.629941 30.45253, -97.629954 30.452478, -97.630062 30.451922, -97.630044 30.451762, -97.630014 30.45149, -97.629875 30.450932, -97.629834 30.450782, -97.629741 30.450311, -97.629731 30.450262, -97.629787 30.449678, -97.629998 30.449235, -97.630348 30.448812, -97.630815 30.448426, -97.631557 30.447995, -97.632391 30.447512, -97.632756 30.447244, -97.633105 30.446838, -97.633677 30.445944, -97.634012 30.446112, -97.634471 30.446324, -97.636574 30.447308, -97.637276 30.44752, -97.637811 30.44762, -97.638394 30.447569, -97.638927 30.447477, -97.639149 30.447439, -97.639265 30.448168, -97.639265 30.44838))",30.2,1370.0,75000.0,11.0,27.0,656559.2422132065,0.002086635770112449
"POLYGON ((-97.862553 30.457188, -97.86252 30.457368, -97.862444 30.457711, -97.862407 30.457868, -97.862371 30.457979, -97.862295 30.458184, -97.862248 30.458341, -97.862184 30.458598, -97.862147 30.45869, -97.862113 30.458746, -97.862064 30.458802, -97.862051 30.458819, -97.861889 30.458961, -97.861862 30.458992, -97.861837 30.459037, -97.861766 30.459217, -97.861685 30.459395, -97.861664 30.459466, -97.86162 30.459688, -97.861558 30.459964, -97.861541 30.460019, -97.861497 30.460106, -97.861415 30.460226, -97.861281 30.460368, -97.861195 30.460511, -97.861141 30.460618, -97.861126 30.46064, -97.860974 30.460849, -97.8609 30.460953, -97.860709 30.461122, -97.860228 30.461405, -97.859585 30.461644, -97.859021 30.462007, -97.85869 30.462281, -97.858323 30.46252, -97.858229 30.462688, -97.858178 30.462876, -97.85818 30.46303, -97.858218 30.46315, -97.858238 30.46321, -97.858292 30.463349, -97.858295 30.463655, -97.858172 30.463805, -97.85799 30.463934, -97.857773 30.464253, -97.857785 30.464402, -97.857829 30.464557, -97.857675 30.464747, -97.857336 30.465108, -97.856826 30.465167, -97.856269 30.465456, -97.855736 30.465784, -97.855672 30.465926, -97.855787 30.466038, -97.855852 30.466166, -97.855878 30.466366, -97.85588 30.466531, -97.855779 30.466757, -97.855709 30.466973, -97.855689 30.467384, -97.855487 30.467552, -97.855139 30.46775, -97.85495 30.467906, -97.854848 30.468114, -97.854802 30.468371, -97.854747 30.468716, -97.854762 30.468857, -97.854635 30.468898, -97.854442 30.469107, -97.854361 30.469095, -97.854361 30.468798, -97.854317 30.468761, -97.85408 30.468951, -97.853955 30.468975, -97.853521 30.46887, -97.853247 30.468761, -97.85311 30.468625, -97.852756 30.4686, -97.852519 30.468536, -97.852273 30.468516, -97.851879 30.468548, -97.85177 30.468673, -97.851752 30.468886, -97.851446 30.46886, -97.851324 30.468788, -97.851088 30.468508, -97.850925 30.468452, -97.850676 30.468303, -97.850629 30.468081, -97.850533 30.467949, -97.850424 30.467904, -97.850219 30.467904, -97.850096 30.467832, -97.850002 30.467675, -97.849887 30.467669, -97.849801 30.467772, -97.849694 30.467681, -97.849547 30.467681, -97.849422 30.467612, -97.849817 30.46707, -97.850116 30.466699, -97.850396 30.466298, -97.850594 30.466015, -97.850765 30.465817, -97.850943 30.465676, -97.851117 30.465567, -97.851388 30.465431, -97.851755 30.46526, -97.852139 30.465087, -97.852425 30.464952, -97.852623 30.464833, -97.852824 30.464685, -97.852998 30.464547, -97.853426 30.464161, -97.853827 30.463783, -97.854097 30.463501, -97.854275 30.463337, -97.854486 30.463205, -97.854723 30.4631, -97.855085 30.462942, -97.85552 30.46275, -97.855836 30.462546, -97.856087 30.462342, -97.856304 30.462087, -97.856758 30.461256, -97.856487 30.461226, -97.856409 30.460901, -97.856123 30.460511, -97.855906 30.460325, -97.85582 30.460169, -97.85559 30.460052, -97.855395 30.45984, -97.855183 30.459545, -97.854971 30.45942, -97.854672 30.459376, -97.85449 30.459147, -97.854342 30.459017, -97.854096 30.458601, -97.853931 30.458484, -97.85358 30.458497, -97.853312 30.458579, -97.853225 30.45851, -97.853186 30.458346, -97.853108 30.458315, -97.852939 30.458497, -97.852861 30.458471, -97.852878 30.458367, -97.852857 30.458246, -97.852714 30.458138, -97.852718 30.457899, -97.852497 30.457692, -97.852437 30.457462, -97.852476 30.457297, -97.85235 30.457163, -97.852337 30.457003, -97.85251 30.456882, -97.85261 30.456202, -97.852675 30.456067, -97.852792 30.455842, -97.852788 30.455657, -97.852885 30.455583, -97.852926 30.455544, -97.852965 30.455486, -97.852957 30.455369, -97.852834 30.45498, -97.852705 30.454637, -97.85262 30.454478, -97.852517 30.454322, -97.852243 30.454051, -97.852193 30.453957, -97.852096 30.453745, -97.851989 30.453643, -97.851877 30.453598, -97.851748 30.453578, -97.851679 30.453568, -97.851629 30.45356, -97.851483 30.453208, -97.851506 30.452647, -97.851498 30.452583, -97.851471 30.452492, -97.851439 30.452409, -97.851437 30.452387, -97.851488 30.452014, -97.851502 30.451967, -97.85156 30.451895, -97.851612 30.451847, -97.851634 30.451815, -97.85157 30.451825, -97.851375 30.451825, -97.851198 30.451844, -97.850919 30.451925, -97.850853 30.451961, -97.850812 30.451968, -97.850699 30.451975, -97.85065 30.451972, -97.850615 30.451976, -97.850444 30.452058, -97.850323 30.45211, -97.850268 30.452124, -97.850138 30.452134, -97.8501 30.452144, -97.850026 30.452177, -97.849997 30.452129, -97.850268 30.452015, -97.850399 30.45196, -97.851933 30.451346, -97.85219 30.451217, -97.85236 30.451132, -97.853268 30.450685, -97.853444 30.4506, -97.853913 30.450369, -97.85427 30.450226, -97.85522 30.449844, -97.855932 30.449558, -97.857194 30.448906, -97.85776 30.448463, -97.858037 30.448298, -97.858088 30.448356, -97.858838 30.449202, -97.858901 30.449333, -97.85904 30.449536, -97.85906 30.449564, -97.859096 30.449637, -97.859141 30.449766, -97.859316 30.450114, -97.859359 30.45017, -97.859395 30.450181, -97.859514 30.450177, -97.859614 30.450197, -97.859711 30.450225, -97.859751 30.450243, -97.859841 30.450298, -97.860062 30.450469, -97.860193 30.450583, -97.860332 30.450741, -97.860408 30.450801, -97.860505 30.45086, -97.860676 30.450941, -97.860881 30.451012, -97.860988 30.451065, -97.861048 30.451105, -97.861092 30.451146, -97.86112 30.451191, -97.861219 30.45144, -97.861323 30.451731, -97.861431 30.451987, -97.861526 30.452283, -97.861595 30.452441, -97.861627 30.452525, -97.861643 30.452594, -97.861648 30.452687, -97.861638 30.452784, -97.861517 30.453272, -97.861486 30.453435, -97.861488 30.453485, -97.8615 30.453531, -97.861521 30.45357, -97.861549 30.453599, -97.861679 30.453675, -97.861867 30.453859, -97.862044 30.454023, -97.862005 30.4541, -97.861972 30.454179, -97.86191 30.454425, -97.86188 30.454584, -97.861858 30.454631, -97.861833 30.454658, -97.861743 30.454707, -97.861554 30.454831, -97.861516 30.454869, -97.861483 30.454918, -97.861433 30.455021, -97.861403 30.45512, -97.861388 30.455242, -97.861388 30.455356, -97.861405 30.455456, -97.86143 30.455518, -97.861512 30.455659, -97.861531 30.455715, -97.861575 30.456242, -97.861591 30.456297, -97.861617 30.456338, -97.861634 30.456353, -97.86174 30.456401, -97.861934 30.456468, -97.862152 30.456553, -97.862231 30.456595, -97.862366 30.456685, -97.862429 30.456739, -97.862456 30.456771, -97.862502 30.456842, -97.862531 30.456913, -97.862543 30.456958, -97.862556 30.457074, -97.862553 30.457188))",37.8,1665.0,250001.0,0.0,0.0,1397499.6049024968,0.00119141357475816
"POLYGON ((-97.863591 30.486382, -97.863156 30.487102, -97.863417 30.487664, -97.863534 30.48859, -97.863123 30.488848, -97.86187 30.489557, -97.861525 30.489742, -97.861257 30.489885, -97.861057 30.489969, -97.860754 30.490066, -97.860399 30.490151, -97.86022 30.490217, -97.860322 30.490689, -97.860309 30.491312, -97.86026 30.49165, -97.860223 30.491752, -97.859823 30.492372, -97.85922 30.493305, -97.858205 30.491967, -97.858162 30.491907, -97.857747 30.491357, -97.853916 30.486302, -97.853844 30.486207, -97.853525 30.485789, -97.852275 30.484131, -97.852645 30.483966, -97.852983 30.483797, -97.853222 30.483661, -97.853357 30.483567, -97.853518 30.483417, -97.853617 30.483274, -97.853761 30.48306, -97.854737 30.481536, -97.85514 30.480828, -97.855575 30.480168, -97.855582 30.480157, -97.85573 30.480229, -97.855975 30.480339, -97.856158 30.48042, -97.856264 30.480452, -97.856373 30.480481, -97.856505 30.480496, -97.856664 30.480502, -97.856809 30.480472, -97.856971 30.480427, -97.856963 30.480253, -97.856951 30.479842, -97.859664 30.478951, -97.859654 30.481266, -97.859645 30.481451, -97.859644 30.483404, -97.861463 30.483375, -97.861944 30.484482, -97.864109 30.485566, -97.863591 30.486382))",41.9,1837.0,140127.0,31.0,12.0,867546.9480140946,0.0021174646561838346
"POLYGON ((-97.928856 30.1862, -97.928703 30.186927, -97.92845 30.18748, -97.927902 30.188388, -97.926958 30.189953, -97.926524 30.190673, -97.926398 30.19086, -97.926026 30.191378, -97.925602 30.191906, -97.925345 30.192225, -97.925205 30.1924, -97.924957 30.192283, -97.924709 30.192165, -97.918924 30.189351, -97.919108 30.18929, -97.919158 30.189245, -97.919217 30.189152, -97.919311 30.189026, -97.919375 30.188917, -97.919408 30.188839, -97.919445 30.188718, -97.91953 30.188423, -97.919598 30.188142, -97.919681 30.187911, -97.919773 30.18778, -97.919862 30.187664, -97.919974 30.187559, -97.920102 30.18747, -97.920197 30.187408, -97.920408 30.187286, -97.920629 30.187151, -97.920737 30.187065, -97.920846 30.18698, -97.920941 30.186828, -97.921081 30.186592, -97.921134 30.186424, -97.921221 30.186307, -97.921406 30.186058, -97.921845 30.185404, -97.921887 30.185353, -97.922058 30.18516, -97.922121 30.185077, -97.92225 30.184828, -97.922628 30.183844, -97.922965 30.183006, -97.923058 30.182736, -97.923173 30.182412, -97.923181 30.182199, -97.923152 30.181629, -97.92314 30.180733, -97.923157 30.180533, -97.923191 30.180383, -97.923276 30.180189, -97.92351 30.179856, -97.923693 30.179654, -97.923963 30.17949, -97.924205 30.179323, -97.924582 30.179102, -97.923722 30.178477, -97.922904 30.177882, -97.92286 30.17785, -97.922816 30.177818, -97.921133 30.176593, -97.919411 30.17538, -97.919365 30.175348, -97.919347 30.175335, -97.919301 30.175303, -97.919063 30.175136, -97.918772 30.174931, -97.918425 30.174687, -97.917968 30.174365, -97.916613 30.173411, -97.916072 30.17303, -97.912821 30.170741, -97.911301 30.169671, -97.908562 30.167742, -97.906544 30.16632, -97.906523 30.165823, -97.906517 30.165632, -97.908514 30.167082, -97.911564 30.169272, -97.913036 30.170343, -97.916072 30.172526, -97.917189 30.173325, -97.918623 30.174351, -97.919458 30.174949, -97.919571 30.175039, -97.923195 30.17766, -97.923615 30.177967, -97.924901 30.178892, -97.928808 30.181703, -97.928737 30.182122, -97.928751 30.182682, -97.928796 30.184418, -97.928875 30.185706, -97.928856 30.1862))",42.1,1451.0,212292.0,0.0,30.0,916263.6793370822,0.0015836052794865776
"POLYGON ((-97.624516 30.487138, -97.624229 30.487297, -97.62401 30.487419, -97.623713 30.487582, -97.623309 30.487807, -97.623101 30.487922, -97.622603 30.488197, -97.622473 30.488271, -97.621491 30.488815, -97.620556 30.489334, -97.619401 30.489958, -97.618647 30.490377, -97.61754 30.489421, -97.615802 30.489584, -97.615724 30.489564, -97.615655 30.489538, -97.615425 30.489543, -97.615275 30.489546, -97.61525 30.489546, -97.61518 30.489526, -97.610949 30.489931, -97.610186 30.489999, -97.610158 30.489849, -97.610133 30.489622, -97.610137 30.489395, -97.610168 30.489128, -97.610361 30.488636, -97.610735 30.488029, -97.610859 30.487841, -97.611295 30.487179, -97.611688 30.486614, -97.612221 30.485823, -97.612955 30.484743, -97.613008 30.484658, -97.613048 30.484594, -97.613311 30.484145, -97.613339 30.484097, -97.613401 30.483992, -97.613517 30.483875, -97.613614 30.483711, -97.613683 30.483596, -97.613848 30.483329, -97.613872 30.48329, -97.613971 30.48313, -97.6141 30.482966, -97.614534 30.483137, -97.614987 30.483311, -97.617213 30.484409, -97.617642 30.484627, -97.618794 30.48522, -97.619963 30.485782, -97.620573 30.4861, -97.622526 30.486637, -97.623814 30.486959, -97.624271 30.487081, -97.624334 30.487098, -97.624516 30.487138))",37.2,752.0,41459.0,0.0,0.0,587625.0507695976,0.0012797276069410667
"POLYGON ((-97.719652 30.375121, -97.719549 30.375108, -97.719323 30.375103, -97.719148 30.375116, -97.718914 30.375176, -97.718577 30.375329, -97.716734 30.374537, -97.714597 30.373489, -97.714661 30.373446, -97.715559 30.37203, -97.715673 30.372083, -97.717295 30.372872, -97.717386 30.372916, -97.717501 30.37295, -97.71761 30.373021, -97.718323 30.373347, -97.718988 30.373674, -97.719292 30.373983, -97.71948 30.37424, -97.719625 30.374512, -97.719647 30.374719, -97.719651 30.375059, -97.71965 30.375102, -97.719652 30.375121))",26.4,1259.0,52838.0,0.0,0.0,85791.9806151475,0.014675031290485323
"POLYGON ((-97.788851 30.238941, -97.788292 30.239331, -97.787599 30.239817, -97.786225 30.240781, -97.785361 30.241399, -97.785308 30.241434, -97.784643 30.241894, -97.783976 30.24245, -97.782637 30.243445, -97.78236 30.243652, -97.781665 30.242613, -97.781954 30.242162, -97.78222 30.241749, -97.782203 30.241342, -97.782181 30.240846, -97.782151 30.240296, -97.782208 30.240103, -97.782316 30.239738, -97.782806 30.238753, -97.782965 30.238436, -97.783001 30.238373, -97.78311 30.238184, -97.783211 30.238012, -97.7836 30.23734, -97.783685 30.237196, -97.784259 30.236211, -97.786536 30.237193, -97.786997 30.2374, -97.787466 30.23761, -97.788216 30.237947, -97.788566 30.238105, -97.789424 30.238565, -97.788851 30.238941))",31.5,1556.0,83500.0,91.0,115.0,279667.2025816195,0.00556375572693723
"POLYGON ((-97.881948 30.286845, -97.881868 30.286916, -97.881741 30.287062, -97.88164 30.287187, -97.8816 30.287211, -97.881541 30.287238, -97.881516 30.287259, -97.88131 30.287521, -97.881175 30.287649, -97.881004 30.287846, -97.880876 30.288014, -97.880807 30.288083, -97.880687 30.288179, -97.880573 30.28824, -97.880536 30.288267, -97.880522 30.28828, -97.880461 30.288342, -97.880401 30.288427, -97.880349 30.28853, -97.880321 30.288633, -97.880322 30.288673, -97.880334 30.288709, -97.880367 30.288759, -97.880422 30.288817, -97.880517 30.288907, -97.880572 30.288979, -97.880605 30.289046, -97.880621 30.28911, -97.880624 30.289171, -97.880605 30.289326, -97.880562 30.289754, -97.880546 30.290102, -97.880525 30.29032, -97.880507 30.290379, -97.88047 30.290439, -97.880406 30.290509, -97.880165 30.290744, -97.880146 30.290772, -97.880131 30.290818, -97.880131 30.290848, -97.88016 30.290961, -97.880214 30.291105, -97.880289 30.291223, -97.880363 30.291318, -97.880388 30.291372, -97.880412 30.291462, -97.880454 30.291576, -97.880484 30.291635, -97.880605 30.291828, -97.880717 30.291992, -97.880895 30.292306, -97.881178 30.292865, -97.881267 30.293075, -97.881467 30.293574, -97.881521 30.293777, -97.881526 30.293852, -97.881506 30.294194, -97.881526 30.294356, -97.881514 30.294604, -97.881494 30.294805, -97.881475 30.294877, -97.881335 30.295214, -97.881319 30.295288, -97.881299 30.29566, -97.881276 30.295707, -97.881252 30.295735, -97.881202 30.295774, -97.881181 30.295786, -97.881059 30.295824, -97.881018 30.295844, -97.880893 30.295916, -97.880824 30.295944, -97.880721 30.295975, -97.880566 30.295998, -97.880496 30.296017, -97.880396 30.296058, -97.88029 30.296115, -97.880203 30.296173, -97.880168 30.296201, -97.880048 30.296311, -97.879878 30.296494, -97.8797 30.296705, -97.879602 30.29683, -97.879567 30.296889, -97.879553 30.296934, -97.879546 30.297055, -97.879528 30.297166, -97.879495 30.297247, -97.879303 30.297595, -97.879257 30.297662, -97.879196 30.297729, -97.878937 30.297944, -97.878772 30.298062, -97.878615 30.298163, -97.878403 30.298314, -97.878251 30.298406, -97.877832 30.298616, -97.877733 30.298651, -97.877543 30.298704, -97.877418 30.298727, -97.877284 30.29874, -97.87694 30.29881, -97.876767 30.298868, -97.876567 30.298921, -97.87632 30.298975, -97.876236 30.298988, -97.876171 30.298988, -97.875952 30.298959, -97.875839 30.298926, -97.875704 30.298873, -97.875198 30.298603, -97.875031 30.298525, -97.874654 30.29832, -97.874471 30.298212, -97.874427 30.298168, -97.874341 30.29799, -97.874317 30.297959, -97.87426 30.297917, -97.873971 30.297756, -97.87391 30.297715, -97.873804 30.29763, -97.87373 30.297558, -97.873379 30.297364, -97.873269 30.297316, -97.873181 30.297292, -97.873088 30.297282, -97.872404 30.29726, -97.87225 30.297212, -97.872072 30.297176, -97.871922 30.297162, -97.871303 30.297134, -97.871218 30.297135, -97.870838 30.297158, -97.870695 30.297192, -97.870575 30.297237, -97.870499 30.297279, -97.870436 30.297329, -97.870385 30.29739, -97.870303 30.297508, -97.870194 30.297641, -97.870094 30.297802, -97.869985 30.297942, -97.869814 30.298197, -97.869776 30.298226, -97.869715 30.29826, -97.869647 30.298284, -97.869586 30.298336, -97.869463 30.298486, -97.869369 30.298625, -97.869282 30.298778, -97.869202 30.298944, -97.869117 30.299141, -97.869079 30.299252, -97.869016 30.299466, -97.868961 30.299614, -97.868925 30.299696, -97.868852 30.299826, -97.868777 30.299926, -97.868776 30.299962, -97.868763 30.299987, -97.868622 30.300146, -97.868476 30.300334, -97.868286 30.300553, -97.868194 30.300667, -97.868111 30.300801, -97.868063 30.300895, -97.86803 30.300985, -97.868011 30.301078, -97.867995 30.301265, -97.867995 30.301371, -97.868005 30.301459, -97.868033 30.301532, -97.868068 30.301582, -97.868111 30.301624, -97.868156 30.301649, -97.86841 30.301696, -97.868494 30.301717, -97.868535 30.301741, -97.868565 30.301776, -97.868582 30.301816, -97.868588 30.301881, -97.868578 30.301956, -97.868551 30.302057, -97.868547 30.302114, -97.868548 30.30224, -97.868533 30.302363, -97.868518 30.302422, -97.86846 30.302525, -97.868447 30.30256, -97.868428 30.302696, -97.868416 30.303409, -97.868417 30.303553, -97.868429 30.303648, -97.868452 30.303713, -97.868491 30.303785, -97.868728 30.304145, -97.869061 30.304478, -97.869108 30.304546, -97.869224 30.304762, -97.869273 30.304873, -97.86931 30.304976, -97.869371 30.305244, -97.869394 30.305396, -97.869397 30.30549, -97.869391 30.305584, -97.869372 30.305663, -97.86918 30.306038, -97.869127 30.306191, -97.869095 30.306251, -97.869053 30.306302, -97.869006 30.306341, -97.868871 30.306423, -97.868715 30.306546, -97.868584 30.306626, -97.868444 30.306693, -97.868323 30.306737, -97.86821 30.306768, -97.868071 30.30679, -97.867883 30.306797, -97.86778 30.306789, -97.867691 30.306765, -97.867527 30.306703, -97.86727 30.306599, -97.867102 30.306539, -97.866639 30.306352, -97.866496 30.306274, -97.866424 30.306223, -97.86639 30.306194, -97.866324 30.306125, -97.866268 30.306051, -97.866201 30.305933, -97.866144 30.305802, -97.866095 30.305655, -97.866051 30.305566, -97.866003 30.305505, -97.865902 30.305425, -97.865679 30.305282, -97.865585 30.305208, -97.865535 30.305155, -97.865412 30.304947, -97.865141 30.30453, -97.865049 30.304372, -97.86485 30.304086, -97.864597 30.303639, -97.86456 30.303565, -97.86438 30.30312, -97.864327 30.302959, -97.864301 30.302857, -97.86424 30.302528, -97.864211 30.302321, -97.864174 30.302105, -97.864117 30.301681, -97.86413 30.301646, -97.86422 30.301539, -97.864316 30.301411, -97.864345 30.30135, -97.864364 30.301265, -97.864371 30.301064, -97.864369 30.300963, -97.864387 30.300893, -97.864495 30.300588, -97.864513 30.300509, -97.864528 30.300401, -97.864539 30.30011, -97.864532 30.300037, -97.864509 30.299961, -97.864457 30.299853, -97.864445 30.299796, -97.86442 30.299748, -97.864235 30.299473, -97.864037 30.299179, -97.863828 30.298833, -97.86371 30.298689, -97.863656 30.298601, -97.863579 30.298457, -97.863511 30.298312, -97.863432 30.298194, -97.863359 30.298099, -97.863259 30.297979, -97.86296 30.297519, -97.862907 30.297447, -97.862841 30.297377, -97.862737 30.297283, -97.862592 30.297137, -97.862509 30.297068, -97.862414 30.297005, -97.86233 30.29696, -97.862241 30.296922, -97.862158 30.296892, -97.862011 30.29685, -97.861837 30.296816, -97.861616 30.296798, -97.861329 30.296745, -97.860877 30.29683, -97.860523 30.296927, -97.860072 30.297066, -97.860036 30.29709, -97.859786 30.297258, -97.859426 30.297478, -97.858767 30.298055, -97.858578 30.298323, -97.858386 30.298808, -97.858209 30.29933, -97.858084 30.299724, -97.857972 30.299932, -97.857848 30.300233, -97.857755 30.300682, -97.857648 30.301368, -97.857616 30.302196, -97.857671 30.30255, -97.857705 30.30281, -97.857667 30.303097, -97.857571 30.303341, -97.857553 30.303457, -97.85735 30.303841, -97.857203 30.304245, -97.857155 30.30449, -97.857092 30.304597, -97.856911 30.304745, -97.856607 30.304808, -97.856465 30.304877, -97.856142 30.304987, -97.855949 30.305006, -97.85565 30.304952, -97.855495 30.304981, -97.855047 30.304894, -97.854277 30.304653, -97.853918 30.304433, -97.853886 30.304413, -97.853535 30.304118, -97.853228 30.303683, -97.852919 30.302894, -97.852898 30.302722, -97.852933 30.302669, -97.853033 30.302513, -97.853139 30.302225, -97.853146 30.302128, -97.853081 30.301572, -97.853027 30.301019, -97.85294 30.300655, -97.852786 30.300536, -97.852713 30.300368, -97.852663 30.300089, -97.852656 30.299679, -97.852546 30.298953, -97.852509 30.298357, -97.852528 30.298234, -97.85259 30.298136, -97.852599 30.297917, -97.852484 30.297795, -97.852344 30.297602, -97.852252 30.297389, -97.852131 30.297063, -97.852047 30.296727, -97.851954 30.29645, -97.851946 30.296428, -97.85192 30.296349, -97.852754 30.296175, -97.853072 30.296143, -97.853302 30.296153, -97.853605 30.29622, -97.853878 30.296327, -97.854153 30.2965, -97.854513 30.296865, -97.854782 30.297145, -97.854984 30.2973, -97.855251 30.297442, -97.85556 30.297531, -97.85589 30.297566, -97.856141 30.297555, -97.856414 30.2975, -97.856611 30.297433, -97.856925 30.297261, -97.857733 30.296706, -97.858784 30.295992, -97.859119 30.295849, -97.859961 30.295571, -97.860983 30.29524, -97.861347 30.295138, -97.861593 30.29503, -97.861843 30.29487, -97.862063 30.29465, -97.862213 30.294408, -97.862284 30.29419, -97.862396 30.293709, -97.862465 30.2934, -97.86249 30.293178, -97.862474 30.292976, -97.862425 30.292792, -97.862393 30.292667, -97.862258 30.292207, -97.862189 30.291959, -97.862171 30.291742, -97.862189 30.29156, -97.862234 30.29134, -97.862297 30.291189, -97.862412 30.290992, -97.862534 30.290838, -97.862743 30.290634, -97.8629 30.290444, -97.863459 30.290037, -97.863597 30.289985, -97.864355 30.289708, -97.865765 30.289541, -97.868916 30.289197, -97.868972 30.28919, -97.872034 30.288795, -97.872454 30.28874, -97.872704 30.288676, -97.873835 30.28793, -97.874291 30.287617, -97.874357 30.287529, -97.874658 30.287129, -97.874918 30.286372, -97.875019 30.286053, -97.875052 30.285906, -97.875059 30.285818, -97.875053 30.285636, -97.875039 30.285459, -97.875002 30.285331, -97.87499 30.285225, -97.874982 30.285097, -97.874988 30.284957, -97.875033 30.284734, -97.87533 30.284221, -97.875496 30.284089, -97.875624 30.283995, -97.875764 30.283912, -97.875904 30.283824, -97.875981 30.283755, -97.876078 30.283638, -97.876169 30.283516, -97.876246 30.283384, -97.876312 30.283253, -97.876358 30.283162, -97.876406 30.283096, -97.87646 30.283039, -97.87674 30.282793, -97.877716 30.282114, -97.878217 30.281826, -97.878804 30.281656, -97.879528 30.281607, -97.880428 30.281673, -97.881275 30.281857, -97.881307 30.282345, -97.881396 30.282762, -97.88143 30.282867, -97.881453 30.282969, -97.881453 30.283082, -97.881264 30.284101, -97.881417 30.285105, -97.881604 30.285381, -97.882059 30.286774, -97.881948 30.286845))",59.8,1507.0,189028.0,32.0,14.0,3059595.0421401677,0.000492548843635811
"POLYGON ((-97.697034 30.408384, -97.696615 30.40967, -97.696188 30.410294, -97.695641 30.410712, -97.695532 30.410755, -97.695407 30.410827, -97.694692 30.411052, -97.693253 30.411238, -97.693089 30.411259, -97.692615 30.41134, -97.692319 30.411462, -97.692246 30.411492, -97.691711 30.411825, -97.691578 30.411904, -97.691512 30.411995, -97.69126 30.412283, -97.690708 30.413167, -97.690686 30.413184, -97.690577 30.413312, -97.690446 30.413238, -97.690405 30.413215, -97.690076 30.413041, -97.689353 30.412701, -97.686804 30.411498, -97.686669 30.411421, -97.686532 30.411362, -97.686001 30.411109, -97.685907 30.411065, -97.68577 30.411003, -97.685231 30.410757, -97.685071 30.410682, -97.684919 30.410625, -97.682482 30.409422, -97.682298 30.409361, -97.682158 30.409306, -97.681415 30.408947, -97.681372 30.408931, -97.68048 30.408595, -97.680305 30.408511, -97.680187 30.408466, -97.679432 30.408185, -97.679273 30.40812, -97.678715 30.407977, -97.678389 30.407921, -97.678166 30.407896, -97.678176 30.407802, -97.678186 30.40775, -97.678195 30.4077, -97.678257 30.407365, -97.678478 30.406176, -97.678543 30.405824, -97.67924 30.405838, -97.679408 30.405759, -97.6795 30.405596, -97.67951 30.405087, -97.67951 30.404644, -97.679517 30.404392, -97.679603 30.404127, -97.679727 30.403989, -97.679969 30.403771, -97.680139 30.403887, -97.680273 30.404085, -97.680429 30.404168, -97.680686 30.40428, -97.680981 30.403737, -97.681654 30.404084, -97.682143 30.404314, -97.683076 30.404776, -97.684681 30.405579, -97.68574 30.406096, -97.686814 30.406359, -97.688526 30.406639, -97.68946 30.407194, -97.689662 30.407314, -97.690295 30.407546, -97.690555 30.407513, -97.690746 30.407489, -97.691034 30.407478, -97.691068 30.407477, -97.691402 30.40753, -97.691877 30.407705, -97.692943 30.408277, -97.693271 30.408432, -97.693594 30.40859, -97.693887 30.408679, -97.694151 30.408709, -97.694418 30.408668, -97.695258 30.408327, -97.695954 30.408133, -97.696426 30.408137, -97.696604 30.408176, -97.69692 30.408246, -97.696992 30.408262, -97.697071 30.408281, -97.697034 30.408384))",33.2,1449.0,103819.0,79.0,14.0,832539.1784432711,0.0017404586324807228
"POLYGON ((-97.69276 30.428782, -97.692704 30.428964, -97.692383 30.428894, -97.691409 30.428685, -97.690626 30.428519, -97.69009 30.428409, -97.689691 30.428336, -97.689474 30.428298, -97.689063 30.428246, -97.688836 30.428197, -97.688164 30.428097, -97.687708 30.428027, -97.68731 30.42797, -97.686645 30.427872, -97.686202 30.427789, -97.685902 30.427747, -97.685656 30.427718, -97.685422 30.427708, -97.685184 30.427708, -97.685004 30.427713, -97.684677 30.427753, -97.684431 30.427808, -97.683818 30.427965, -97.683269 30.428132, -97.682777 30.428255, -97.682408 30.428344, -97.682108 30.428393, -97.681802 30.428427, -97.681542 30.428447, -97.68122 30.428447, -97.680965 30.428446, -97.680561 30.428428, -97.680295 30.428402, -97.679997 30.428353, -97.679716 30.42829, -97.679502 30.428228, -97.679299 30.428166, -97.679024 30.428065, -97.676595 30.426857, -97.676711 30.426708, -97.677207 30.426132, -97.677607 30.425803, -97.677994 30.425461, -97.681244 30.423367, -97.681408 30.423259, -97.68255 30.422453, -97.68262 30.422375, -97.682711 30.422277, -97.683032 30.421902, -97.683331 30.42135, -97.683607 30.420794, -97.683764 30.420507, -97.683894 30.420278, -97.683928 30.420143, -97.683974 30.420025, -97.684386 30.418316, -97.684467 30.417941, -97.684557 30.41765, -97.684631 30.417498, -97.6847 30.417401, -97.684769 30.417298, -97.685023 30.416932, -97.685895 30.416199, -97.686979 30.415771, -97.687444 30.415587, -97.688271 30.41526, -97.688384 30.415189, -97.688554 30.415602, -97.688639 30.415991, -97.688643 30.416352, -97.688648 30.417147, -97.688697 30.417453, -97.6888 30.417697, -97.688966 30.41789, -97.689665 30.41838, -97.689991 30.418657, -97.689022 30.419605, -97.688688 30.420085, -97.687338 30.422219, -97.686894 30.422895, -97.68599 30.424276, -97.686928 30.424719, -97.687745 30.425132, -97.689248 30.425842, -97.690052 30.426255, -97.689589 30.427015, -97.690049 30.427208, -97.690409 30.42737, -97.691197 30.427752, -97.691365 30.427836, -97.691596 30.427961, -97.691738 30.428006, -97.692131 30.428071, -97.692936 30.428258, -97.69276 30.428782))",35.3,1788.0,167891.0,19.0,0.0,896593.4773484145,0.0019942148199514355
"POLYGON ((-97.656044 30.448923, -97.65488 30.450715, -97.6548 30.450838, -97.654528 30.451414, -97.654387 30.451713, -97.654431 30.452272, -97.653995 30.45234, -97.653609 30.452747, -97.652593 30.454318, -97.65215 30.455002, -97.651584 30.455879, -97.651551 30.45593, -97.651499 30.456017, -97.650902 30.457005, -97.650863 30.457113, -97.650816 30.45709, -97.650773 30.457148, -97.650575 30.457487, -97.650557 30.457504, -97.650335 30.457844, -97.650189 30.458081, -97.650146 30.458148, -97.650127 30.458178, -97.650105 30.458212, -97.649859 30.458608, -97.649592 30.459024, -97.649551 30.459089, -97.646479 30.457507, -97.646076 30.4573, -97.645293 30.45688, -97.644981 30.456662, -97.64483 30.456374, -97.644777 30.456106, -97.644712 30.455702, -97.646855 30.455195, -97.647163 30.455104, -97.647403 30.455011, -97.647644 30.454859, -97.647831 30.454638, -97.648172 30.454175, -97.647735 30.453936, -97.647348 30.453727, -97.64689 30.453532, -97.646586 30.453506, -97.645653 30.453731, -97.645391 30.452982, -97.64536 30.452491, -97.645387 30.452316, -97.645603 30.451889, -97.645658 30.451806, -97.645948 30.451357, -97.646071 30.451159, -97.647294 30.449293, -97.647525 30.448901, -97.64826 30.447784, -97.648344 30.44759, -97.648421 30.447259, -97.648371 30.446612, -97.648266 30.445971, -97.648657 30.445939, -97.64905 30.445936, -97.649441 30.445962, -97.649636 30.445986, -97.649829 30.446016, -97.650025 30.446057, -97.650219 30.446103, -97.65041 30.446157, -97.650737 30.446279, -97.651991 30.446841, -97.652539 30.447123, -97.655986 30.448893, -97.656044 30.448923))",36.0,1893.0,70368.0,58.0,39.0,839263.2675005898,0.002255549686616863
"POLYGON ((-97.643442 30.442759, -97.643173 30.443172, -97.643004 30.443443, -97.642847 30.443645, -97.642649 30.443843, -97.642279 30.444108, -97.641873 30.4443, -97.641536 30.44441, -97.641243 30.444483, -97.640679 30.444579, -97.640232 30.444747, -97.639866 30.444974, -97.639588 30.445209, -97.639419 30.445392, -97.639229 30.445707, -97.639075 30.446058, -97.638994 30.446417, -97.639002 30.446695, -97.639149 30.447439, -97.638927 30.447477, -97.638394 30.447569, -97.637811 30.44762, -97.637276 30.44752, -97.636574 30.447308, -97.634471 30.446324, -97.634012 30.446112, -97.633677 30.445944, -97.632997 30.445619, -97.632478 30.445372, -97.632096 30.44519, -97.631729 30.445016, -97.630845 30.444591, -97.62994 30.444155, -97.629471 30.44393, -97.628699 30.44356, -97.628116 30.443287, -97.627727 30.443088, -97.627647 30.443055, -97.627722 30.442941, -97.62867 30.441519, -97.629659 30.439939, -97.630137 30.43923, -97.630576 30.438541, -97.631005 30.437918, -97.631555 30.438167, -97.632305 30.438752, -97.633025 30.439383, -97.633705 30.440038, -97.634013 30.440269, -97.634351 30.440419, -97.634715 30.440592, -97.635471 30.440952, -97.636222 30.441003, -97.63717 30.440834, -97.637955 30.440672, -97.638331 30.440655, -97.638681 30.440677, -97.639081 30.440787, -97.639587 30.441009, -97.640495 30.441441, -97.64121 30.441799, -97.642096 30.442211, -97.643332 30.442702, -97.643442 30.442759))",41.9,741.0,103000.0,48.0,0.0,789357.4265077952,0.0009387382383646736
"POLYGON ((-97.82999 30.140571, -97.828929 30.144758, -97.828798 30.145308, -97.828428 30.14687, -97.828293 30.147444, -97.828265 30.147561, -97.827945 30.148913, -97.827884 30.149171, -97.827754 30.149703, -97.827641 30.150206, -97.826566 30.153442, -97.826464 30.15375, -97.82588 30.155623, -97.825849 30.155568, -97.825773 30.155394, -97.825695 30.155195, -97.825597 30.155013, -97.825517 30.154899, -97.825444 30.154815, -97.825371 30.154751, -97.82521 30.154641, -97.825044 30.154514, -97.824888 30.154381, -97.824359 30.153881, -97.824198 30.153684, -97.824126 30.153573, -97.824015 30.153358, -97.823987 30.153276, -97.823967 30.153194, -97.823951 30.153167, -97.823887 30.152949, -97.823864 30.152905, -97.823794 30.152806, -97.823739 30.152736, -97.823684 30.152641, -97.823619 30.152483, -97.823594 30.152398, -97.823587 30.152336, -97.823591 30.152225, -97.823604 30.15217, -97.82366 30.152032, -97.823789 30.151684, -97.82379 30.151624, -97.82378 30.151369, -97.823798 30.151277, -97.823834 30.15114, -97.823971 30.150696, -97.823991 30.150662, -97.824013 30.150642, -97.824049 30.150572, -97.82407 30.150543, -97.824121 30.150495, -97.824223 30.150425, -97.824396 30.150337, -97.82449 30.150276, -97.824564 30.150214, -97.824671 30.1501, -97.824805 30.149923, -97.824899 30.149808, -97.824921 30.14977, -97.82497 30.149654, -97.824996 30.149575, -97.824996 30.14949, -97.824979 30.149419, -97.824954 30.149382, -97.824746 30.149241, -97.824683 30.149189, -97.824635 30.149134, -97.824506 30.148933, -97.824466 30.148885, -97.824385 30.148821, -97.82408 30.148616, -97.823953 30.148543, -97.823726 30.148443, -97.82351 30.14834, -97.823425 30.148311, -97.823312 30.148289, -97.823126 30.148272, -97.823057 30.14828, -97.822951 30.148316, -97.822785 30.148374, -97.822346 30.14847, -97.821995 30.148531, -97.821815 30.148552, -97.821228 30.148595, -97.8207 30.148697, -97.820531 30.148748, -97.820346 30.148815, -97.819998 30.148949, -97.819894 30.148983, -97.819656 30.149045, -97.81941 30.149103, -97.819064 30.149204, -97.819071 30.149325, -97.819068 30.149426, -97.819053 30.149501, -97.819032 30.149541, -97.818993 30.149579, -97.818932 30.149612, -97.818853 30.149637, -97.818646 30.149684, -97.818555 30.1497, -97.818508 30.149718, -97.818349 30.149833, -97.818303 30.149849, -97.818242 30.149856, -97.818187 30.149854, -97.818097 30.149857, -97.81796 30.149887, -97.817766 30.149916, -97.817712 30.149923, -97.817612 30.14993, -97.817592 30.149932, -97.817439 30.149951, -97.817332 30.149965, -97.817184 30.149982, -97.816867 30.14998, -97.816585 30.149978, -97.816497 30.149975, -97.816469 30.149964, -97.816435 30.149952, -97.816407 30.149942, -97.816309 30.149905, -97.816238 30.149877, -97.816159 30.149847, -97.815966 30.149773, -97.815775 30.149699, -97.81564 30.149632, -97.815353 30.149483, -97.81531 30.149471, -97.815149 30.149416, -97.814961 30.149354, -97.814661 30.149253, -97.81448 30.149075, -97.814239 30.148831, -97.813695 30.148284, -97.81344 30.148028, -97.813369 30.147957, -97.813328 30.147955, -97.813231 30.147946, -97.813137 30.147952, -97.813054 30.147975, -97.81296 30.148017, -97.812898 30.148053, -97.812829 30.148112, -97.812788 30.148163, -97.81276 30.148215, -97.812663 30.14867, -97.812644 30.148791, -97.812639 30.148916, -97.812673 30.149242, -97.812722 30.149491, -97.812747 30.14956, -97.812918 30.149888, -97.813057 30.150098, -97.813446 30.150613, -97.813527 30.150704, -97.813706 30.150883, -97.813897 30.151056, -97.81402 30.15116, -97.814092 30.151236, -97.814163 30.151331, -97.814211 30.151405, -97.814323 30.151607, -97.81437 30.151714, -97.814417 30.151888, -97.814491 30.152091, -97.814508 30.152149, -97.814526 30.152241, -97.814533 30.152326, -97.814519 30.152471, -97.8145 30.152571, -97.814463 30.152674, -97.814422 30.152731, -97.814366 30.15278, -97.814138 30.152914, -97.813912 30.153036, -97.813678 30.153148, -97.81348 30.153247, -97.813442 30.153267, -97.812966 30.153488, -97.812722 30.153575, -97.81261 30.153604, -97.812462 30.153622, -97.811866 30.153643, -97.811768 30.153653, -97.811722 30.153643, -97.811703 30.153628, -97.811698 30.153594, -97.811698 30.153557, -97.811685 30.153543, -97.81165 30.153533, -97.811583 30.153526, -97.811543 30.153533, -97.811468 30.153555, -97.811409 30.153554, -97.811344 30.153539, -97.811319 30.153526, -97.811228 30.153448, -97.811106 30.153371, -97.810992 30.153283, -97.810864 30.153202, -97.810743 30.153147, -97.810605 30.153065, -97.810543 30.153016, -97.810482 30.153001, -97.810211 30.152976, -97.810156 30.15296, -97.810028 30.152895, -97.809847 30.152778, -97.809784 30.152729, -97.809721 30.15265, -97.809574 30.152411, -97.809518 30.152343, -97.80944 30.152275, -97.809124 30.152034, -97.80888 30.151833, -97.808821 30.151798, -97.808714 30.151758, -97.808615 30.151733, -97.808522 30.151721, -97.808237 30.151715, -97.808143 30.151723, -97.808082 30.151742, -97.807976 30.151795, -97.807909 30.151837, -97.807825 30.151901, -97.807794 30.151929, -97.807749 30.151983, -97.807688 30.152066, -97.80752 30.152263, -97.80749 30.152319, -97.807384 30.152607, -97.807299 30.152773, -97.807226 30.152889, -97.80721 30.152932, -97.807206 30.152986, -97.807222 30.153181, -97.807212 30.15325, -97.807162 30.153387, -97.807119 30.153469, -97.807065 30.153544, -97.80699 30.15362, -97.806822 30.153744, -97.806288 30.154124, -97.806241 30.154173, -97.806026 30.154488, -97.805987 30.154528, -97.805908 30.154583, -97.805844 30.154617, -97.80572 30.154663, -97.80564 30.154682, -97.805527 30.154689, -97.805138 30.154682, -97.805012 30.154687, -97.804927 30.154701, -97.804805 30.154704, -97.80461 30.154686, -97.80454 30.15467, -97.804442 30.154633, -97.804266 30.154543, -97.804154 30.154474, -97.80405 30.154398, -97.803928 30.154343, -97.803887 30.154317, -97.80382 30.154256, -97.803741 30.154165, -97.803416 30.153764, -97.803318 30.153634, -97.802932 30.153228, -97.802712 30.153023, -97.802384 30.152697, -97.802218 30.152568, -97.802042 30.152404, -97.80189 30.152277, -97.80182 30.152229, -97.801718 30.152176, -97.801653 30.152157, -97.801628 30.15215, -97.801555 30.152141, -97.801443 30.152142, -97.801341 30.152153, -97.80113 30.152193, -97.80075 30.152287, -97.800489 30.152331, -97.800157 30.152406, -97.800046 30.152444, -97.799988 30.152478, -97.799944 30.152517, -97.799899 30.15257, -97.799883 30.152583, -97.799805 30.152626, -97.799789 30.152641, -97.799767 30.152714, -97.799717 30.152767, -97.799669 30.152803, -97.799448 30.152941, -97.799422 30.152964, -97.799318 30.153134, -97.799286 30.153163, -97.799 30.153351, -97.798921 30.153391, -97.798669 30.153578, -97.798576 30.153668, -97.798538 30.153719, -97.798494 30.15376, -97.798415 30.153818, -97.798228 30.153983, -97.797932 30.154199, -97.797664 30.15442, -97.797505 30.154532, -97.797421 30.154582, -97.797255 30.154662, -97.796827 30.154838, -97.796788 30.154862, -97.796698 30.154954, -97.796626 30.155, -97.796596 30.155008, -97.796507 30.155006, -97.796455 30.154993, -97.796395 30.154948, -97.796253 30.154813, -97.796151 30.154743, -97.796104 30.154705, -97.796012 30.15461, -97.795689 30.154222, -97.795595 30.154088, -97.795543 30.154036, -97.795451 30.153789, -97.795455 30.153715, -97.795428 30.153654, -97.795397 30.153615, -97.79534 30.153572, -97.79532 30.153548, -97.795302 30.153521, -97.795288 30.153501, -97.795277 30.153473, -97.795273 30.15345, -97.795289 30.153184, -97.795287 30.15297, -97.795271 30.152923, -97.795241 30.152872, -97.795198 30.152828, -97.79514 30.152782, -97.795074 30.152744, -97.794964 30.152696, -97.794853 30.152663, -97.794697 30.152647, -97.794358 30.152632, -97.794051 30.152638, -97.793885 30.152651, -97.793692 30.15268, -97.793452 30.152694, -97.792994 30.152708, -97.792889 30.152717, -97.792285 30.152674, -97.792127 30.152685, -97.792056 30.152691, -97.792008 30.152697, -97.7919 30.152717, -97.791793 30.152745, -97.791497 30.152819, -97.791976 30.151241, -97.792461 30.149653, -97.79296 30.14826, -97.79322 30.147517, -97.793289 30.147318, -97.793664 30.146276, -97.794271 30.144592, -97.794749 30.143268, -97.794879 30.142869, -97.79517 30.142015, -97.795205 30.141913, -97.795565 30.140922, -97.795906 30.14006, -97.796087 30.140167, -97.796142 30.140204, -97.796363 30.140352, -97.796603 30.140466, -97.797164 30.140734, -97.799585 30.141888, -97.801555 30.142828, -97.804799 30.143662, -97.805736 30.143876, -97.806849 30.144153, -97.806982 30.144186, -97.807457 30.144305, -97.807749 30.144378, -97.808239 30.1445, -97.808494 30.144564, -97.808562 30.144581, -97.80966 30.144869, -97.81042 30.144796, -97.810821 30.144614, -97.811183 30.144374, -97.8115 30.144004, -97.812733 30.142529, -97.813009 30.142301, -97.813191 30.142175, -97.813344 30.14206, -97.81363 30.141999, -97.814337 30.141898, -97.81551 30.142039, -97.817828 30.141994, -97.818558 30.141897, -97.818894 30.141878, -97.818962 30.141868, -97.820681 30.141415, -97.822114 30.140983, -97.822975 30.140761, -97.823232 30.140695, -97.823639 30.140658, -97.824044 30.14063, -97.824853 30.140614, -97.82588 30.140605, -97.827696 30.140598, -97.828528 30.14058, -97.829503 30.140579, -97.82999 30.140571))",37.0,5793.0,109357.0,43.0,81.0,3713547.7102905177,0.0015599638006392553
"POLYGON ((-97.869337 30.20793, -97.868954 30.208712, -97.868693 30.209151, -97.868426 30.209423, -97.867919 30.209847, -97.866384 30.210703, -97.865977 30.210909, -97.865537 30.211448, -97.865196 30.211992, -97.864929 30.212468, -97.862743 30.215961, -97.862477 30.216253, -97.861825 30.217271, -97.861421 30.217934, -97.860689 30.218414, -97.860063 30.218607, -97.859541 30.218769, -97.85884 30.219182, -97.85813 30.219988, -97.857805 30.220504, -97.856873 30.220051, -97.855256 30.219272, -97.854671 30.218972, -97.854367 30.218834, -97.853294 30.218324, -97.852563 30.217966, -97.850955 30.217178, -97.84853 30.217926, -97.848387 30.217943, -97.848268 30.217962, -97.848127 30.217962, -97.847223 30.217579, -97.846525 30.217239, -97.845883 30.216926, -97.845399 30.216635, -97.846076 30.216651, -97.846183 30.216654, -97.846685 30.216684, -97.84679 30.216691, -97.848116 30.216771, -97.848577 30.216783, -97.848809 30.216785, -97.849145 30.216769, -97.84973 30.216706, -97.849934 30.216669, -97.850067 30.21664, -97.850477 30.216545, -97.850754 30.216465, -97.850979 30.216387, -97.851225 30.21629, -97.851558 30.21615, -97.851755 30.216055, -97.851968 30.215941, -97.852617 30.215555, -97.853201 30.215209, -97.853697 30.21489, -97.854312 30.214504, -97.85503 30.214034, -97.855308 30.213808, -97.856367 30.213001, -97.857328 30.212249, -97.857498 30.212087, -97.857529 30.212044, -97.857909 30.211647, -97.858594 30.211052, -97.858906 30.210762, -97.859355 30.210212, -97.859768 30.209794, -97.86007 30.209441, -97.861156 30.208182, -97.861482 30.208366, -97.861567 30.208399, -97.861829 30.208514, -97.86189 30.208533, -97.862247 30.20864, -97.862615 30.208728, -97.862911 30.208771, -97.863197 30.208814, -97.863449 30.208809, -97.8637 30.208804, -97.863905 30.208792, -97.864211 30.208748, -97.864379 30.20871, -97.865896 30.208254, -97.865975 30.208226, -97.866061 30.208197, -97.866585 30.208028, -97.866773 30.20798, -97.867026 30.20791, -97.86726 30.20786, -97.86746 30.207828, -97.867761 30.207798, -97.868014 30.207786, -97.868204 30.207787, -97.868432 30.2078, -97.868608 30.207817, -97.868745 30.207836, -97.869272 30.207922, -97.869337 30.20793))",57.3,1314.0,86149.0,28.0,0.0,1072807.8762548075,0.0012248232223901999
"POLYGON ((-97.796033 30.139741, -97.795906 30.14006, -97.795565 30.140922, -97.795205 30.141913, -97.79517 30.142015, -97.794879 30.142869, -97.794749 30.143268, -97.794271 30.144592, -97.793664 30.146276, -97.793289 30.147318, -97.79322 30.147517, -97.79296 30.14826, -97.792461 30.149653, -97.791976 30.151241, -97.791497 30.152819, -97.791416 30.152835, -97.791347 30.152853, -97.791292 30.152868, -97.79121 30.152907, -97.791154 30.152925, -97.791072 30.152947, -97.791014 30.152948, -97.790989 30.152959, -97.790874 30.153031, -97.790773 30.153104, -97.79071 30.153138, -97.790653 30.153154, -97.790487 30.153165, -97.790307 30.153185, -97.790155 30.15319, -97.789751 30.153173, -97.789654 30.153152, -97.789421 30.153059, -97.789368 30.153033, -97.789147 30.152887, -97.788935 30.152782, -97.788886 30.152748, -97.788643 30.15251, -97.788612 30.152468, -97.788508 30.152257, -97.788341 30.151956, -97.788294 30.151882, -97.788262 30.151818, -97.788221 30.151633, -97.788207 30.151534, -97.78821 30.15147, -97.788225 30.151405, -97.788254 30.15134, -97.788371 30.151184, -97.788489 30.151046, -97.788532 30.150978, -97.788593 30.15083, -97.788661 30.150645, -97.788717 30.150535, -97.788795 30.150412, -97.788835 30.150356, -97.789016 30.150125, -97.789131 30.150001, -97.789161 30.149913, -97.789225 30.149778, -97.789268 30.149702, -97.789371 30.149539, -97.789532 30.149267, -97.789583 30.149191, -97.789749 30.148964, -97.78979 30.14889, -97.789828 30.148804, -97.789935 30.148589, -97.789989 30.148453, -97.790156 30.148093, -97.790174 30.148024, -97.790191 30.147911, -97.790197 30.147792, -97.79019 30.147736, -97.790173 30.147692, -97.790132 30.14764, -97.789959 30.147482, -97.789821 30.147374, -97.789688 30.147291, -97.789577 30.147238, -97.789473 30.147208, -97.789347 30.147185, -97.789286 30.147185, -97.78923 30.147194, -97.789073 30.147228, -97.78883 30.147263, -97.78854 30.147317, -97.788467 30.147342, -97.78789 30.147631, -97.787657 30.147785, -97.787437 30.147936, -97.787246 30.148054, -97.786945 30.148212, -97.786923 30.147343, -97.787142 30.146982, -97.789578 30.142978, -97.792216 30.144177, -97.793619 30.141939, -97.793424 30.141729, -97.793248 30.141473, -97.793222 30.141409, -97.793186 30.141342, -97.793078 30.141301, -97.793295 30.140764, -97.793238 30.140125, -97.793946 30.139957, -97.794221 30.139781, -97.794528 30.139474, -97.794779 30.139396, -97.795002 30.139384, -97.795215 30.139405, -97.795825 30.139582, -97.795892 30.139657, -97.79592 30.139683, -97.796033 30.139741))",30.6,1869.0,58498.0,0.0,83.0,524413.2640159973,0.0035639830802277075
"POLYGON ((-97.764228 30.409297, -97.763957 30.409466, -97.763794 30.409556, -97.7636 30.409637, -97.762984 30.409777, -97.762064 30.409933, -97.761919 30.409927, -97.761812 30.409912, -97.761645 30.409876, -97.761095 30.409727, -97.760753 30.409603, -97.760516 30.409485, -97.76021 30.409323, -97.759448 30.408921, -97.758571 30.40845, -97.755951 30.407092, -97.755809 30.407064, -97.755631 30.407048, -97.755488 30.407044, -97.755383 30.407059, -97.755231 30.407106, -97.754152 30.407503, -97.75409 30.407523, -97.753751 30.407633, -97.753255 30.407675, -97.752488 30.407283, -97.751958 30.407022, -97.751347 30.406732, -97.75069 30.406784, -97.749179 30.407744, -97.747867 30.407795, -97.747089 30.407699, -97.746995 30.407695, -97.746835 30.407711, -97.746737 30.407731, -97.74621 30.407874, -97.745984 30.407949, -97.745922 30.407956, -97.745823 30.407968, -97.745642 30.407962, -97.745549 30.407938, -97.745328 30.407917, -97.744978 30.407882, -97.744989 30.407698, -97.744995 30.407588, -97.745096 30.406864, -97.745385 30.404131, -97.745586 30.402025, -97.745823 30.40214, -97.746092 30.402275, -97.748122 30.403223, -97.747901 30.403567, -97.747847 30.403696, -97.747789 30.403876, -97.747877 30.403979, -97.748437 30.404268, -97.748668 30.404398, -97.749298 30.404716, -97.750129 30.405049, -97.750247 30.405103, -97.750386 30.405153, -97.7505 30.405184, -97.750577 30.405173, -97.750678 30.405202, -97.750834 30.405185, -97.750954 30.405158, -97.751078 30.405125, -97.751174 30.405078, -97.751595 30.404773, -97.751601 30.404816, -97.751621 30.404944, -97.751621 30.404983, -97.751608 30.405058, -97.751612 30.405082, -97.751646 30.405141, -97.751679 30.405211, -97.751747 30.405378, -97.751814 30.405506, -97.751962 30.405717, -97.752016 30.405764, -97.752057 30.405757, -97.752115 30.40576, -97.75228 30.405783, -97.752422 30.405828, -97.752541 30.405889, -97.752646 30.405953, -97.752779 30.406067, -97.752825 30.406098, -97.752851 30.40611, -97.753055 30.406166, -97.753125 30.406189, -97.753574 30.406398, -97.753612 30.406408, -97.753802 30.406432, -97.753849 30.40642, -97.753965 30.406339, -97.754014 30.406315, -97.754051 30.406304, -97.754103 30.4063, -97.75415 30.406313, -97.754224 30.406363, -97.754376 30.406477, -97.754434 30.406512, -97.754471 30.40652, -97.754651 30.406501, -97.754779 30.406502, -97.754928 30.40651, -97.754945 30.406499, -97.755015 30.406415, -97.755041 30.406371, -97.755133 30.406246, -97.755217 30.40611, -97.755281 30.405963, -97.755503 30.405563, -97.755539 30.405508, -97.755606 30.405386, -97.755653 30.405333, -97.755757 30.405259, -97.755828 30.405224, -97.755895 30.405205, -97.755968 30.405194, -97.756052 30.405189, -97.756212 30.405196, -97.756295 30.405191, -97.756388 30.405172, -97.756446 30.405174, -97.756524 30.405188, -97.756891 30.405216, -97.756974 30.40521, -97.757025 30.405199, -97.757073 30.40518, -97.757115 30.40515, -97.757157 30.405101, -97.757169 30.405085, -97.757199 30.405006, -97.757205 30.40495, -97.757215 30.404911, -97.757246 30.404845, -97.757277 30.404763, -97.757312 30.404625, -97.757355 30.404546, -97.757457 30.40442, -97.757514 30.404367, -97.757872 30.404137, -97.757937 30.404103, -97.757993 30.404082, -97.758046 30.40406, -97.758248 30.403967, -97.758454 30.403856, -97.758519 30.403828, -97.758619 30.403759, -97.758735 30.403688, -97.758793 30.403632, -97.758877 30.403504, -97.758972 30.403397, -97.759009 30.403342, -97.75909 30.403157, -97.759108 30.403099, -97.759172 30.403117, -97.759213 30.403133, -97.759246 30.403141, -97.759283 30.403145, -97.759304 30.403142, -97.759336 30.403128, -97.759394 30.403084, -97.75942 30.403078, -97.759464 30.40308, -97.759507 30.403097, -97.759523 30.40312, -97.759524 30.403145, -97.759523 30.403181, -97.759524 30.403202, -97.75954 30.403228, -97.759574 30.403258, -97.759811 30.403363, -97.759613 30.403686, -97.759464 30.404041, -97.75931 30.404572, -97.759241 30.404948, -97.759241 30.405158, -97.759288 30.405406, -97.759352 30.405594, -97.759459 30.405782, -97.759588 30.405962, -97.759707 30.40609, -97.759853 30.406214, -97.760011 30.406317, -97.760186 30.406402, -97.760362 30.406484, -97.76064 30.406578, -97.761187 30.406809, -97.762252 30.407392, -97.762856 30.407755, -97.763105 30.407911, -97.763275 30.408036, -97.763408 30.408161, -97.763514 30.408285, -97.763607 30.408417, -97.7637 30.4086, -97.763824 30.408837, -97.763944 30.409015, -97.764057 30.409137, -97.764228 30.409297))",28.7,789.0,88611.0,135.0,0.0,560862.0055836601,0.0014067631469864472
"POLYGON ((-97.513031 30.408881, -97.512594 30.409574, -97.512282 30.41004, -97.511841 30.410738, -97.511551 30.411196, -97.510979 30.412107, -97.510655 30.412623, -97.510024 30.413637, -97.509894 30.41384, -97.50981 30.41397, -97.509517 30.414427, -97.509145 30.415017, -97.508573 30.415966, -97.507783 30.417116, -97.507135 30.418041, -97.506751 30.418543, -97.506415 30.418955, -97.506073 30.419304, -97.505755 30.419627, -97.505236 30.420235, -97.50464 30.421031, -97.504045 30.421839, -97.503408 30.422758, -97.502028 30.42494, -97.501759 30.425379, -97.501256 30.426202, -97.50059 30.42721, -97.500024 30.428165, -97.49898 30.429787, -97.497765 30.431697, -97.4974 30.432281, -97.496946 30.432935, -97.496533 30.433395, -97.495949 30.433943, -97.495613 30.434191, -97.495206 30.434462, -97.495008 30.434574, -97.494758 30.434716, -97.494556 30.434821, -97.494275 30.43494, -97.493739 30.435141, -97.493297 30.435259, -97.492577 30.435442, -97.491787 30.435571, -97.491488 30.435588, -97.490337 30.435622, -97.487548 30.435772, -97.486969 30.435777, -97.48615 30.435818, -97.485949 30.435824, -97.485789 30.435834, -97.485572 30.435848, -97.485317 30.435872, -97.48513 30.435889, -97.484876 30.435931, -97.484762 30.435951, -97.48457 30.435984, -97.484063 30.436066, -97.483809 30.436149, -97.483746 30.436167, -97.483612 30.436205, -97.483402 30.436267, -97.483031 30.43639, -97.482884 30.436458, -97.482768 30.436512, -97.482547 30.436614, -97.482388 30.436692, -97.482087 30.436839, -97.481692 30.437045, -97.481492 30.437178, -97.481218 30.437354, -97.481103 30.437428, -97.481052 30.437468, -97.480764 30.437691, -97.480453 30.437955, -97.480042 30.438331, -97.479682 30.438726, -97.47911 30.439504, -97.476876 30.44304, -97.476516 30.443608, -97.476314 30.443934, -97.476275 30.443996, -97.474501 30.446848, -97.474152 30.447411, -97.473898 30.447794, -97.472627 30.449741, -97.472165 30.450583, -97.471032 30.452417, -97.470863 30.452717, -97.470077 30.453779, -97.469888 30.45429, -97.469457 30.455191, -97.468969 30.457468, -97.468355 30.460022, -97.468076 30.461181, -97.467304 30.464286, -97.467244 30.464421, -97.467118 30.464736, -97.46701 30.464995, -97.466917 30.46519, -97.466567 30.465082, -97.466276 30.464591, -97.466117 30.464323, -97.463933 30.460643, -97.459784 30.458317, -97.45339 30.461306, -97.449625 30.461308, -97.448939 30.461229, -97.448804 30.461242, -97.44628 30.461371, -97.445628 30.461404, -97.445067 30.458559, -97.444949 30.456125, -97.444239 30.455945, -97.442719 30.455557, -97.441836 30.455332, -97.440586 30.458424, -97.439541 30.460282, -97.437301 30.460763, -97.435858 30.460076, -97.434113 30.459719, -97.433735 30.455655, -97.433282 30.45291, -97.429314 30.4524, -97.427094 30.452201, -97.42514 30.449081, -97.425143 30.449066, -97.425206 30.448649, -97.425322 30.447894, -97.42534 30.447822, -97.424261 30.447678, -97.422758 30.445278, -97.421908 30.444319, -97.415252 30.438337, -97.413249 30.438299, -97.413025 30.438295, -97.412042 30.438276, -97.410103 30.438225, -97.409825 30.438218, -97.408769 30.43819, -97.40624 30.442288, -97.405562 30.441479, -97.405412 30.441663, -97.405281 30.441719, -97.405086 30.441685, -97.404791 30.44136, -97.404495 30.4411, -97.40431 30.440961, -97.404106 30.440895, -97.402818 30.440088, -97.401397 30.439672, -97.401012 30.439357, -97.395491 30.437765, -97.393031 30.438768, -97.391505 30.436858, -97.391814 30.436061, -97.391904 30.435793, -97.39254 30.434426, -97.392172 30.434349, -97.387599 30.43342, -97.387189 30.431319, -97.386922 30.429948, -97.384763 30.428962, -97.383253 30.426037, -97.38327 30.425805, -97.38339 30.42415, -97.382248 30.424079, -97.381953 30.424061, -97.381745 30.424048, -97.381672 30.424071, -97.381438 30.424051, -97.380842 30.424008, -97.379429 30.423901, -97.379221 30.42372, -97.377729 30.42237, -97.376767 30.419196, -97.373537 30.417715, -97.370283 30.419287, -97.369948 30.419442, -97.369826 30.419505, -97.369641 30.419599, -97.369539 30.419563, -97.370208 30.418463, -97.371213 30.416843, -97.371487 30.416374, -97.372562 30.414541, -97.372727 30.414254, -97.373426 30.413041, -97.374117 30.411925, -97.374703 30.411055, -97.374866 30.410806, -97.375033 30.410547, -97.375073 30.410479, -97.375115 30.410406, -97.375182 30.41029, -97.375191 30.410281, -97.375203 30.41027, -97.375235 30.410247, -97.375274 30.41022, -97.375384 30.410047, -97.3762 30.40877, -97.377227 30.407086, -97.378077 30.405619, -97.37855 30.404803, -97.37868 30.404579, -97.378727 30.404498, -97.378753 30.404453, -97.378775 30.404416, -97.378784 30.4044, -97.378851 30.404285, -97.379432 30.403283, -97.380754 30.401002, -97.382257 30.398409, -97.383184 30.396835, -97.386073 30.391927, -97.386699 30.390864, -97.38713 30.39013, -97.387361 30.389738, -97.388339 30.388078, -97.39084 30.383798, -97.390859 30.383766, -97.390874 30.38374, -97.390908 30.383681, -97.390999 30.383525, -97.391195 30.38319, -97.391204 30.383174, -97.391212 30.383161, -97.39158 30.382532, -97.393406 30.379406, -97.395061 30.376595, -97.395879 30.375207, -97.396422 30.374268, -97.396944 30.373365, -97.399003 30.36974, -97.400089 30.367906, -97.400137 30.367824, -97.402166 30.364396, -97.402208 30.364325, -97.402233 30.364283, -97.402308 30.364156, -97.402596 30.363669, -97.403074 30.362862, -97.403478 30.36218, -97.403695 30.361812, -97.403725 30.361761, -97.404119 30.361096, -97.404312 30.36077, -97.404338 30.360726, -97.404638 30.36022, -97.404858 30.359848, -97.404934 30.359718, -97.404967 30.359664, -97.404998 30.359612, -97.407058 30.35613, -97.40713 30.356007, -97.407929 30.354644, -97.409242 30.352407, -97.409273 30.352354, -97.409327 30.352262, -97.409393 30.35215, -97.409408 30.352258, -97.409479 30.35225, -97.410248 30.352259, -97.410805 30.352253, -97.411247 30.352249, -97.41161 30.352246, -97.41183 30.352259, -97.411918 30.352261, -97.412036 30.352264, -97.413405 30.352273, -97.41376 30.352275, -97.414523 30.35228, -97.415095 30.352284, -97.416041 30.35229, -97.416577 30.352293, -97.417751 30.352301, -97.422346 30.352331, -97.422369 30.352321, -97.422718 30.352324, -97.423145 30.352332, -97.423289 30.352335, -97.423852 30.352338, -97.425658 30.352349, -97.427095 30.352332, -97.42732 30.352322, -97.428445 30.352281, -97.433859 30.35205, -97.435085 30.351998, -97.437289 30.351905, -97.437696 30.35189, -97.441853 30.351709, -97.442569 30.35168, -97.442755 30.351672, -97.442835 30.351666, -97.444203 30.351609, -97.444736 30.351593, -97.446941 30.351602, -97.447758 30.351598, -97.448007 30.351601, -97.449547 30.351592, -97.450047 30.351614, -97.450125 30.351618, -97.454217 30.351608, -97.455287 30.351613, -97.456246 30.351596, -97.456642 30.351605, -97.456773 30.351608, -97.457022 30.351608, -97.458827 30.351609, -97.462335 30.351614, -97.466035 30.351614, -97.466143 30.351614, -97.466552 30.351602, -97.467081 30.351597, -97.467464 30.351605, -97.468996 30.351606, -97.469648 30.351607, -97.47109 30.351571, -97.475049 30.35146, -97.475306 30.351453, -97.475605 30.351446, -97.476679 30.351404, -97.476884 30.3514, -97.477396 30.351391, -97.477578 30.351409, -97.477791 30.3514, -97.479756 30.35134, -97.479963 30.351334, -97.481368 30.351301, -97.48158 30.351296, -97.482951 30.351252, -97.483029 30.351248, -97.483284 30.351235, -97.483789 30.351226, -97.484052 30.351224, -97.484193 30.35122, -97.484383 30.351216, -97.484895 30.351208, -97.485066 30.351205, -97.485125 30.351205, -97.485667 30.351197, -97.486537 30.351171, -97.486947 30.351159, -97.487737 30.351146, -97.489819 30.351094, -97.490714 30.351047, -97.49167 30.351027, -97.491842 30.351023, -97.492915 30.350978, -97.495461 30.350883, -97.497733 30.350793, -97.498899 30.350747, -97.500346 30.350674, -97.500385 30.350672, -97.500405 30.350661, -97.500588 30.35067, -97.500521 30.350818, -97.500157 30.351449, -97.499321 30.352969, -97.499197 30.353171, -97.499048 30.353414, -97.498905 30.353642, -97.49882 30.353781, -97.498518 30.354273, -97.498453 30.354374, -97.497725 30.35552, -97.497666 30.355613, -97.497635 30.355662, -97.497039 30.356545, -97.496729 30.356867, -97.496606 30.356995, -97.496056 30.357253, -97.495593 30.357319, -97.489975 30.356841, -97.488165 30.356687, -97.487623 30.356643, -97.487578 30.356639, -97.487405 30.356624, -97.485903 30.356502, -97.4839 30.356316, -97.483657 30.35631, -97.483503 30.356316, -97.483352 30.35633, -97.483204 30.356359, -97.483101 30.356388, -97.48285 30.356479, -97.482662 30.35657, -97.48235 30.356664, -97.482035 30.357148, -97.479029 30.361779, -97.47894 30.361912, -97.478233 30.362971, -97.478077 30.363204, -97.477301 30.36421, -97.47677 30.364912, -97.473994 30.36905, -97.473653 30.369561, -97.472254 30.371733, -97.471809 30.372439, -97.471009 30.373714, -97.470577 30.374356, -97.470533 30.374422, -97.469753 30.375663, -97.469037 30.376762, -97.468686 30.37731, -97.467784 30.37874, -97.467222 30.379642, -97.466871 30.380153, -97.466714 30.380341, -97.466534 30.380524, -97.466391 30.380649, -97.466185 30.380801, -97.466229 30.380886, -97.466248 30.381003, -97.466225 30.381124, -97.466194 30.381229, -97.466142 30.381351, -97.465819 30.381866, -97.465315 30.382613, -97.464984 30.383127, -97.46437 30.384123, -97.464316 30.384246, -97.464285 30.384354, -97.464271 30.384454, -97.464276 30.384559, -97.464313 30.384665, -97.464368 30.384745, -97.464428 30.384813, -97.464527 30.384885, -97.464847 30.385048, -97.470495 30.38771, -97.474149 30.389426, -97.47533 30.389991, -97.475607 30.390136, -97.475747 30.390231, -97.475779 30.390268, -97.475824 30.390299, -97.476088 30.390273, -97.476208 30.390094, -97.476342 30.389905, -97.476402 30.389845, -97.476434 30.38982, -97.476499 30.389774, -97.476558 30.389745, -97.476618 30.389727, -97.476688 30.389716, -97.476769 30.38971, -97.47686 30.389728, -97.47694 30.389753, -97.477061 30.389803, -97.479139 30.390806, -97.480113 30.391281, -97.481098 30.391755, -97.482323 30.392332, -97.483966 30.393107, -97.48534 30.393765, -97.487797 30.394956, -97.488301 30.395211, -97.488814 30.395482, -97.488883 30.395534, -97.489206 30.395826, -97.48945 30.39605, -97.489673 30.39625, -97.48984 30.396347, -97.490888 30.396839, -97.490961 30.396926, -97.490988 30.396997, -97.491001 30.397051, -97.490991 30.39711, -97.490983 30.397149, -97.49092 30.397272, -97.489237 30.399879, -97.489169 30.399983, -97.489145 30.400038, -97.489117 30.400123, -97.489118 30.400185, -97.48913 30.400234, -97.48914 30.400268, -97.489177 30.400326, -97.489234 30.400376, -97.489297 30.40042, -97.490139 30.400825, -97.490824 30.401144, -97.499898 30.405403, -97.500782 30.40396, -97.500934 30.403738, -97.501131 30.403585, -97.5013 30.403511, -97.501479 30.403469, -97.501675 30.403463, -97.501891 30.403516, -97.502255 30.403669, -97.505079 30.405054, -97.505703 30.405353, -97.50639 30.405684, -97.51133 30.408058, -97.512818 30.408773, -97.513031 30.408881))",24.9,5692.0,70000.0,94.0,26.0,103161140.00455987,5.517581523186352e-05
"POLYGON ((-97.580502 30.344292, -97.580431 30.344313, -97.580317 30.344349, -97.580138 30.344389, -97.580076 30.344403, -97.580038 30.344412, -97.578942 30.344665, -97.574665 30.345572, -97.573161 30.345891, -97.572878 30.34596, -97.572864 30.345964, -97.572571 30.346024, -97.572285 30.346083, -97.571922 30.346171, -97.570914 30.3464, -97.569829 30.34665, -97.567557 30.347139, -97.564653 30.347753, -97.563759 30.347931, -97.562366 30.348208, -97.562001 30.348281, -97.560821 30.348476, -97.559815 30.348643, -97.559547 30.348687, -97.559335 30.348721, -97.559123 30.348741, -97.558236 30.348822, -97.55787 30.348835, -97.557861 30.348841, -97.557636 30.348847, -97.557189 30.348884, -97.556957 30.348887, -97.556635 30.3489, -97.556323 30.348931, -97.555935 30.348946, -97.555255 30.348971, -97.554881 30.348992, -97.55464 30.349005, -97.553246 30.349071, -97.552117 30.349115, -97.551892 30.34911, -97.549933 30.34917, -97.549743 30.349173, -97.549694 30.349174, -97.547774 30.349209, -97.546747 30.349227, -97.546627 30.349231, -97.546558 30.349234, -97.546055 30.349241, -97.545636 30.349247, -97.54478 30.34927, -97.543959 30.349282, -97.543189 30.349301, -97.5389 30.349386, -97.538786 30.3494, -97.538636 30.349399, -97.538505 30.349401, -97.538126 30.349398, -97.537577 30.34941, -97.536894 30.34942, -97.536168 30.349442, -97.533923 30.349525, -97.53309 30.349548, -97.530107 30.349609, -97.530007 30.349611, -97.529704 30.349617, -97.529677 30.349617, -97.529634 30.349618, -97.529414 30.349623, -97.529142 30.349628, -97.527675 30.349658, -97.526359 30.349684, -97.524866 30.349715, -97.523818 30.349764, -97.523558 30.34977, -97.523262 30.349773, -97.522246 30.349814, -97.522054 30.349828, -97.52201 30.349831, -97.520981 30.349877, -97.519352 30.349933, -97.518686 30.349935, -97.518254 30.349981, -97.517993 30.34999, -97.517245 30.350027, -97.514667 30.350127, -97.514406 30.350137, -97.514186 30.350147, -97.513863 30.350164, -97.512112 30.350227, -97.511637 30.350244, -97.510674 30.350292, -97.509833 30.350321, -97.509756 30.350324, -97.509739 30.350315, -97.509512 30.350324, -97.509452 30.350327, -97.509339 30.350334, -97.508197 30.350378, -97.507819 30.350402, -97.501479 30.350647, -97.500817 30.350666, -97.500588 30.35067, -97.500595 30.350566, -97.500665 30.350454, -97.500691 30.350413, -97.500757 30.350309, -97.50081 30.350226, -97.501081 30.349805, -97.502343 30.34783, -97.503179 30.346519, -97.503806 30.34554, -97.503927 30.345351, -97.50442 30.344579, -97.50536 30.343109, -97.506975 30.340542, -97.508274 30.338477, -97.50909 30.337182, -97.510312 30.335239, -97.510673 30.334991, -97.510996 30.33483, -97.511372 30.334724, -97.511412 30.334713, -97.511954 30.334859, -97.513327 30.335229, -97.513348 30.335235, -97.51446 30.335535, -97.516188 30.336001, -97.517292 30.3363, -97.518962 30.336751, -97.519648 30.336936, -97.520279 30.337106, -97.520364 30.337126, -97.521225 30.33738, -97.522833 30.337852, -97.522978 30.337894, -97.523518 30.338054, -97.523578 30.338071, -97.524019 30.338201, -97.525686 30.338709, -97.526002 30.338806, -97.526424 30.338935, -97.528693 30.339627, -97.529197 30.339773, -97.529612 30.339895, -97.530162 30.340007, -97.530202 30.340018, -97.530281 30.340042, -97.530478 30.340099, -97.531317 30.340346, -97.531446 30.340384, -97.536333 30.34182, -97.538655 30.342502, -97.539957 30.342885, -97.540271 30.342977, -97.54032 30.342982, -97.541013 30.343063, -97.541672 30.343141, -97.542575 30.343248, -97.544364 30.343403, -97.544915 30.343451, -97.544997 30.343457, -97.545222 30.343477, -97.54572 30.343519, -97.545818 30.343527, -97.546314 30.343565, -97.547215 30.343571, -97.547613 30.343533, -97.5485 30.343448, -97.548698 30.343381, -97.549763 30.343021, -97.549894 30.342957, -97.550561 30.342599, -97.551707 30.341889, -97.552061 30.341636, -97.55221 30.341503, -97.552661 30.341152, -97.553016 30.340907, -97.553183 30.340804, -97.553336 30.340722, -97.553481 30.340665, -97.553858 30.340537, -97.554162 30.340507, -97.554575 30.34052, -97.555626 30.340712, -97.556648 30.340896, -97.557699 30.341076, -97.558682 30.341234, -97.559646 30.341417, -97.561462 30.341704, -97.56298 30.34181, -97.564281 30.341899, -97.565157 30.341961, -97.568382 30.342185, -97.568875 30.34222, -97.569245 30.342246, -97.571974 30.342426, -97.572707 30.342425, -97.573154 30.342425, -97.573788 30.342379, -97.574913 30.342268, -97.575236 30.342236, -97.575316 30.342224, -97.576322 30.342123, -97.576364 30.34212, -97.576556 30.342103, -97.576818 30.342082, -97.577483 30.342032, -97.577847 30.341986, -97.578162 30.341922, -97.578461 30.341835, -97.579042 30.341668, -97.579481 30.342549, -97.57963 30.342838, -97.580278 30.343891, -97.580338 30.343997, -97.580433 30.344191, -97.580502 30.344292))",27.5,3667.0,73760.0,139.0,0.0,6733996.503465023,0.0005445503273001583
"POLYGON ((-97.694614 30.461328, -97.694592 30.461501, -97.693031 30.461501, -97.692731 30.461501, -97.692467 30.461501, -97.692405 30.461501, -97.692284 30.461501, -97.692142 30.461496, -97.689519 30.461422, -97.688784 30.461401, -97.688643 30.461857, -97.688381 30.462705, -97.688373 30.462732, -97.687698 30.464914, -97.687149 30.464428, -97.686797 30.464264, -97.686541 30.464583, -97.686131 30.465207, -97.686067 30.465253, -97.685975 30.465276, -97.685884 30.465241, -97.684451 30.46454, -97.685091 30.463516, -97.685251 30.463344, -97.68555 30.463097, -97.68533 30.462809, -97.685078 30.462661, -97.684744 30.462527, -97.685202 30.461791, -97.685688 30.461059, -97.684885 30.460622, -97.684444 30.461273, -97.684239 30.461585, -97.684046 30.461924, -97.683838 30.462261, -97.683641 30.462593, -97.683218 30.46325, -97.682298 30.462799, -97.681501 30.462367, -97.680914 30.46208, -97.680762 30.462024, -97.680632 30.461997, -97.680331 30.461988, -97.680394 30.461318, -97.680402 30.461156, -97.680399 30.46098, -97.68038 30.46079, -97.680344 30.460588, -97.680172 30.45996, -97.680037 30.45977, -97.679788 30.459477, -97.679701 30.459398, -97.67956 30.459271, -97.679298 30.459051, -97.678987 30.458844, -97.678711 30.458695, -97.67779 30.458231, -97.677339 30.45804, -97.679174 30.455226, -97.67968 30.454601, -97.680157 30.454286, -97.680454 30.454179, -97.680566 30.454138, -97.680948 30.453882, -97.681427 30.453273, -97.682531 30.45384, -97.683699 30.454441, -97.683928 30.454558, -97.685256 30.455241, -97.685302 30.455305, -97.68541 30.455453, -97.686093 30.456705, -97.686242 30.456862, -97.686386 30.456961, -97.686836 30.457166, -97.687146 30.457329, -97.687667 30.457601, -97.687935 30.457728, -97.688047 30.457771, -97.688224 30.457819, -97.688732 30.457972, -97.688935 30.458048, -97.689117 30.458133, -97.689314 30.458217, -97.689597 30.458362, -97.689764 30.458442, -97.69011 30.458607, -97.690349 30.458721, -97.690715 30.458929, -97.691 30.459109, -97.69128 30.459296, -97.691719 30.459624, -97.691874 30.459719, -97.692191 30.459917, -97.692258 30.45995, -97.692687 30.460165, -97.693042 30.460338, -97.693186 30.460396, -97.693334 30.460446, -97.693485 30.460488, -97.693639 30.460521, -97.693794 30.460549, -97.693952 30.460569, -97.694215 30.460583, -97.694703 30.46065, -97.694614 30.461328))",33.1,1978.0,98388.0,264.0,121.0,916185.2658661419,0.002158951986779706
"POLYGON ((-97.526739 30.303355, -97.52658 30.303666, -97.5247 30.303872, -97.523122 30.304044, -97.522548 30.304188, -97.521762 30.305149, -97.52055 30.30658, -97.517447 30.306264, -97.515086 30.307958, -97.51412 30.308591, -97.51379 30.308677, -97.513198 30.308473, -97.509673 30.306765, -97.509365 30.306844, -97.508875 30.307121, -97.508387 30.307674, -97.507893 30.307806, -97.507515 30.307746, -97.506784 30.30739, -97.498009 30.303122, -97.493624 30.300942, -97.493145 30.300825, -97.491965 30.300856, -97.491401 30.30077, -97.488971 30.299585, -97.487004 30.298625, -97.484271 30.29731, -97.484236 30.297298, -97.484097 30.297297, -97.483992 30.297307, -97.483888 30.297339, -97.483817 30.297388, -97.483749 30.297464, -97.483634 30.297629, -97.483484 30.297899, -97.48322 30.298331, -97.483118 30.298485, -97.482695 30.299163, -97.482498 30.299347, -97.481907 30.29943, -97.476734 30.29703, -97.474516 30.296004, -97.47351 30.295538, -97.471586 30.294648, -97.469187 30.293538, -97.466746 30.292408, -97.464304 30.291279, -97.459975 30.28929, -97.459624 30.289103, -97.459457 30.288937, -97.459412 30.28876, -97.459539 30.288496, -97.461259 30.28568, -97.461334 30.285431, -97.461261 30.285044, -97.461167 30.284762, -97.461109 30.284433, -97.461168 30.284222, -97.461223 30.284023, -97.461457 30.283613, -97.461779 30.283117, -97.461887 30.282899, -97.462016 30.282575, -97.46201 30.282206, -97.461516 30.278749, -97.461175 30.276477, -97.461184 30.276197, -97.461242 30.275948, -97.461846 30.275117, -97.462533 30.274175, -97.462823 30.273777, -97.463 30.273575, -97.463092 30.273327, -97.463169 30.273032, -97.463244 30.272783, -97.464168 30.272685, -97.464611 30.272577, -97.464762 30.272479, -97.465053 30.27221, -97.465186 30.272054, -97.465934 30.271157, -97.465995 30.271107, -97.466301 30.270854, -97.468641 30.270093, -97.469431 30.269888, -97.469947 30.269723, -97.470358 30.269658, -97.470833 30.269699, -97.471255 30.269857, -97.471473 30.26998, -97.471897 30.270326, -97.472588 30.271015, -97.472939 30.271384, -97.473158 30.271659, -97.473217 30.271744, -97.473263 30.27182, -97.473301 30.2719, -97.473337 30.271999, -97.473363 30.272119, -97.473381 30.272278, -97.473404 30.27273, -97.473406 30.273011, -97.473398 30.273225, -97.473386 30.273332, -97.473368 30.273414, -97.473345 30.273475, -97.473299 30.273585, -97.473194 30.273772, -97.472954 30.274086, -97.472589 30.274551, -97.472331 30.274885, -97.472241 30.275003, -97.472144 30.275151, -97.472088 30.275256, -97.47205 30.275348, -97.472032 30.275404, -97.472019 30.275478, -97.472 30.275622, -97.471998 30.275727, -97.472013 30.275842, -97.472056 30.275975, -97.47225 30.276465, -97.47235 30.276659, -97.472467 30.276866, -97.47257 30.277019, -97.4727 30.277191, -97.472912 30.277382, -97.473299 30.277701, -97.473603 30.277912, -97.473731 30.277989, -97.473917 30.278078, -97.474132 30.278157, -97.474367 30.278236, -97.474803 30.278351, -97.474977 30.278387, -97.475077 30.278405, -97.47537 30.27842, -97.475631 30.278395, -97.475751 30.278359, -97.475873 30.278313, -97.47606 30.278234, -97.476369 30.278078, -97.476826 30.277838, -97.477452 30.277514, -97.477989 30.277224, -97.478922 30.276772, -97.479304 30.276558, -97.47963 30.276477, -97.479989 30.276455, -97.480495 30.276615, -97.48071 30.276725, -97.480862 30.276859, -97.480978 30.277008, -97.481573 30.277791, -97.481999 30.278351, -97.48227 30.278708, -97.482469 30.279002, -97.482556 30.279137, -97.482645 30.279309, -97.482788 30.279597, -97.482948 30.279928, -97.48318 30.280406, -97.48329 30.280651, -97.483344 30.28075, -97.483387 30.280812, -97.483461 30.280888, -97.483546 30.28097, -97.483691 30.281085, -97.483944 30.281225, -97.484109 30.281308, -97.485055 30.281747, -97.485904 30.282159, -97.48765 30.282941, -97.488141 30.283112, -97.488287 30.283169, -97.488376 30.283204, -97.48846 30.283227, -97.488611 30.283266, -97.488829 30.283316, -97.489628 30.283589, -97.491586 30.28454, -97.493326 30.285355, -97.493817 30.285584, -97.494307 30.285814, -97.494401 30.285858, -97.495404 30.286328, -97.496464 30.286824, -97.4973 30.285225, -97.497588 30.284684, -97.4983 30.283606, -97.498484 30.283328, -97.498864 30.282752, -97.498908 30.282686, -97.499061 30.282434, -97.499749 30.281304, -97.500098 30.28073, -97.50032 30.28044, -97.500443 30.279233, -97.500666 30.278751, -97.500913 30.278695, -97.501567 30.278548, -97.502056 30.27822, -97.502349 30.277603, -97.502585 30.277162, -97.503324 30.277371, -97.504477 30.27787, -97.50714 30.279023, -97.511102 30.280739, -97.513251 30.281726, -97.513637 30.281903, -97.51544 30.282732, -97.515645 30.282824, -97.519718 30.284652, -97.521203 30.285431, -97.521527 30.285545, -97.521883 30.285827, -97.522159 30.286026, -97.522611 30.286601, -97.522832 30.28732, -97.522956 30.289, -97.523108 30.292637, -97.524403 30.294651, -97.525845 30.296762, -97.526121 30.2972, -97.526238 30.297385, -97.528395 30.300809, -97.526739 30.303355))",29.9,800.0,55987.0,86.0,0.0,14398558.116626618,5.556111893427763e-05
"POLYGON ((-97.510793 30.334372, -97.510673 30.334991, -97.510312 30.335239, -97.50909 30.337182, -97.508274 30.338477, -97.506975 30.340542, -97.50536 30.343109, -97.50442 30.344579, -97.503927 30.345351, -97.503806 30.34554, -97.503179 30.346519, -97.502343 30.34783, -97.501081 30.349805, -97.50081 30.350226, -97.500757 30.350309, -97.500691 30.350413, -97.500665 30.350454, -97.500595 30.350566, -97.500588 30.35067, -97.500405 30.350661, -97.500385 30.350672, -97.500346 30.350674, -97.498899 30.350747, -97.497733 30.350793, -97.495461 30.350883, -97.492915 30.350978, -97.491842 30.351023, -97.49167 30.351027, -97.490714 30.351047, -97.489819 30.351094, -97.487737 30.351146, -97.486947 30.351159, -97.486537 30.351171, -97.485667 30.351197, -97.485125 30.351205, -97.485066 30.351205, -97.484895 30.351208, -97.484383 30.351216, -97.484193 30.35122, -97.484052 30.351224, -97.483789 30.351226, -97.483284 30.351235, -97.483029 30.351248, -97.482951 30.351252, -97.48158 30.351296, -97.481368 30.351301, -97.479963 30.351334, -97.479756 30.35134, -97.477791 30.3514, -97.477578 30.351409, -97.477396 30.351391, -97.476884 30.3514, -97.476679 30.351404, -97.475605 30.351446, -97.475306 30.351453, -97.475049 30.35146, -97.47109 30.351571, -97.469648 30.351607, -97.468996 30.351606, -97.467464 30.351605, -97.467081 30.351597, -97.466552 30.351602, -97.466143 30.351614, -97.466035 30.351614, -97.462335 30.351614, -97.458827 30.351609, -97.457022 30.351608, -97.456773 30.351608, -97.456642 30.351605, -97.456246 30.351596, -97.455287 30.351613, -97.454217 30.351608, -97.450125 30.351618, -97.450047 30.351614, -97.449547 30.351592, -97.448007 30.351601, -97.447758 30.351598, -97.446941 30.351602, -97.444736 30.351593, -97.444203 30.351609, -97.442835 30.351666, -97.442755 30.351672, -97.442569 30.35168, -97.441853 30.351709, -97.437696 30.35189, -97.437289 30.351905, -97.435085 30.351998, -97.433859 30.35205, -97.428445 30.352281, -97.42732 30.352322, -97.427095 30.352332, -97.425658 30.352349, -97.423852 30.352338, -97.423289 30.352335, -97.423145 30.352332, -97.422718 30.352324, -97.422369 30.352321, -97.422346 30.352331, -97.417751 30.352301, -97.416577 30.352293, -97.416041 30.35229, -97.415095 30.352284, -97.414523 30.35228, -97.41376 30.352275, -97.413405 30.352273, -97.412036 30.352264, -97.411918 30.352261, -97.41183 30.352259, -97.41161 30.352246, -97.411247 30.352249, -97.410805 30.352253, -97.410248 30.352259, -97.409479 30.35225, -97.409408 30.352258, -97.409393 30.35215, -97.409457 30.35204, -97.409499 30.351969, -97.409804 30.35145, -97.409837 30.351394, -97.409849 30.351373, -97.409863 30.351349, -97.409875 30.351329, -97.41048 30.350297, -97.410545 30.350186, -97.41055 30.350178, -97.41069 30.349918, -97.410852 30.349663, -97.412443 30.346951, -97.412468 30.346908, -97.412474 30.346898, -97.412506 30.346842, -97.413215 30.345634, -97.413923 30.344427, -97.413962 30.344361, -97.413994 30.344307, -97.41549 30.341772, -97.415659 30.341486, -97.415777 30.341286, -97.415822 30.34121, -97.415844 30.341172, -97.415855 30.341153, -97.415976 30.340948, -97.416604 30.339884, -97.416635 30.339831, -97.416659 30.339791, -97.416703 30.339717, -97.416732 30.339668, -97.416742 30.339651, -97.416747 30.339642, -97.416783 30.33958, -97.41681 30.339535, -97.416846 30.339474, -97.417092 30.339057, -97.417583 30.338225, -97.417615 30.338171, -97.417626 30.338152, -97.417649 30.338113, -97.417664 30.338088, -97.417687 30.33805, -97.417735 30.337968, -97.417794 30.337868, -97.418033 30.337463, -97.418403 30.336837, -97.419373 30.335193, -97.419638 30.334744, -97.41977 30.33452, -97.419813 30.334447, -97.419818 30.334439, -97.419832 30.334414, -97.419891 30.334314, -97.423093 30.328885, -97.423117 30.328844, -97.423588 30.32805, -97.424655 30.326174, -97.42517 30.325296, -97.42548 30.32476, -97.425553 30.324643, -97.425567 30.32462, -97.425697 30.324398, -97.427074 30.323538, -97.427778 30.323064, -97.429718 30.322127, -97.431565 30.321282, -97.432708 30.320774, -97.434746 30.31983, -97.435846 30.319517, -97.437072 30.31928, -97.438272 30.319224, -97.438286 30.319224, -97.439115 30.319185, -97.439709 30.319158, -97.442546 30.319223, -97.443972 30.319255, -97.447693 30.319407, -97.447754 30.319491, -97.447782 30.319573, -97.447808 30.319646, -97.447831 30.319791, -97.447852 30.31992, -97.448333 30.319999, -97.449323 30.320013, -97.449664 30.320021, -97.450039 30.320037, -97.450393 30.320018, -97.450634 30.319951, -97.450848 30.319904, -97.451238 30.319864, -97.45145 30.319882, -97.45165 30.319873, -97.452108 30.319911, -97.452406 30.319961, -97.453414 30.320204, -97.455897 30.321214, -97.456768 30.321612, -97.457213 30.321815, -97.457488 30.321939, -97.457867 30.322092, -97.458191 30.322203, -97.458447 30.322278, -97.4591 30.322451, -97.459878 30.322652, -97.460458 30.322766, -97.462309 30.323227, -97.465814 30.324099, -97.466393 30.324148, -97.467238 30.324103, -97.467893 30.323939, -97.468788 30.323714, -97.469168 30.323731, -97.470056 30.323682, -97.471115 30.323772, -97.471174 30.323777, -97.471197 30.323779, -97.471428 30.323808, -97.476793 30.324484, -97.480576 30.324961, -97.483218 30.325323, -97.484828 30.325626, -97.485701 30.325849, -97.486102 30.325978, -97.486653 30.326156, -97.488239 30.326799, -97.489083 30.327182, -97.489437 30.327343, -97.493154 30.329031, -97.493319 30.329076, -97.493557 30.328974, -97.493617 30.328948, -97.493737 30.328915, -97.495753 30.32958, -97.496444 30.329808, -97.500347 30.330874, -97.500738 30.330946, -97.504973 30.332302, -97.506862 30.332784, -97.509039 30.333478, -97.510759 30.334027, -97.510785 30.334288, -97.510787 30.334312, -97.510793 30.334372))",39.9,2845.0,109914.0,23.0,9.0,25966974.445404746,0.00010956224438012903
"POLYGON ((-97.516949 30.310034, -97.516396 30.31175, -97.516193 30.312379, -97.514568 30.317033, -97.511152 30.322467, -97.51074 30.323123, -97.508775 30.32625, -97.504973 30.332302, -97.500738 30.330946, -97.500347 30.330874, -97.496444 30.329808, -97.495753 30.32958, -97.493737 30.328915, -97.493617 30.328948, -97.493557 30.328974, -97.493319 30.329076, -97.493154 30.329031, -97.489437 30.327343, -97.489083 30.327182, -97.488239 30.326799, -97.486653 30.326156, -97.486102 30.325978, -97.485701 30.325849, -97.484828 30.325626, -97.483218 30.325323, -97.480576 30.324961, -97.476793 30.324484, -97.471428 30.323808, -97.471197 30.323779, -97.471174 30.323777, -97.471115 30.323772, -97.470056 30.323682, -97.469168 30.323731, -97.468788 30.323714, -97.467893 30.323939, -97.467238 30.324103, -97.466393 30.324148, -97.465814 30.324099, -97.462309 30.323227, -97.460458 30.322766, -97.459878 30.322652, -97.4591 30.322451, -97.458447 30.322278, -97.458191 30.322203, -97.457867 30.322092, -97.457488 30.321939, -97.457213 30.321815, -97.456768 30.321612, -97.455897 30.321214, -97.453414 30.320204, -97.452406 30.319961, -97.452108 30.319911, -97.45165 30.319873, -97.45145 30.319882, -97.451238 30.319864, -97.450848 30.319904, -97.450634 30.319951, -97.450393 30.320018, -97.450039 30.320037, -97.449664 30.320021, -97.449323 30.320013, -97.448333 30.319999, -97.447852 30.31992, -97.447831 30.319791, -97.447808 30.319646, -97.447782 30.319573, -97.447754 30.319491, -97.447693 30.319407, -97.443972 30.319255, -97.442546 30.319223, -97.439709 30.319158, -97.439115 30.319185, -97.438286 30.319224, -97.438272 30.319224, -97.437072 30.31928, -97.435846 30.319517, -97.434746 30.31983, -97.432708 30.320774, -97.431565 30.321282, -97.429718 30.322127, -97.427778 30.323064, -97.427074 30.323538, -97.425697 30.324398, -97.42674 30.322621, -97.427794 30.320825, -97.428286 30.319987, -97.428339 30.319897, -97.431126 30.315149, -97.431258 30.314924, -97.431264 30.314913, -97.431627 30.314295, -97.433502 30.311101, -97.433664 30.310825, -97.433824 30.310552, -97.433866 30.31048, -97.433909 30.310407, -97.434491 30.309416, -97.435841 30.307213, -97.435848 30.307201, -97.436071 30.306816, -97.436607 30.305893, -97.436683 30.305761, -97.436866 30.305444, -97.436884 30.305413, -97.436958 30.305284, -97.436967 30.305269, -97.436978 30.30525, -97.43712 30.305004, -97.437161 30.304934, -97.437283 30.304722, -97.437299 30.304695, -97.437398 30.304525, -97.437403 30.304517, -97.437866 30.303718, -97.438989 30.301781, -97.439346 30.301165, -97.44099 30.298369, -97.441093 30.298194, -97.44111 30.298164, -97.441116 30.298155, -97.441121 30.298147, -97.441129 30.298133, -97.445314 30.291015, -97.445332 30.290984, -97.44615 30.289593, -97.446356 30.289243, -97.447164 30.287869, -97.4472 30.287807, -97.447235 30.287747, -97.447249 30.287724, -97.447267 30.287694, -97.447337 30.287575, -97.447346 30.287559, -97.44744 30.287398, -97.447611 30.287108, -97.447741 30.286887, -97.447801 30.286786, -97.448049 30.286364, -97.448083 30.286306, -97.448314 30.285913, -97.448484 30.285619, -97.448491 30.285607, -97.448501 30.285595, -97.448507 30.285585, -97.448562 30.285491, -97.448679 30.285292, -97.448706 30.285246, -97.448769 30.285139, -97.448833 30.285031, -97.448844 30.285012, -97.448855 30.284994, -97.448883 30.284945, -97.448951 30.284829, -97.449012 30.284726, -97.449024 30.284706, -97.449069 30.284629, -97.449081 30.284609, -97.449115 30.284551, -97.449121 30.284541, -97.449194 30.284416, -97.449292 30.284249, -97.449315 30.28421, -97.449321 30.2842, -97.449329 30.284187, -97.449346 30.284158, -97.449377 30.284105, -97.449399 30.284068, -97.449405 30.284058, -97.449415 30.28404, -97.449441 30.283996, -97.44951 30.283879, -97.450398 30.282368, -97.450426 30.282321, -97.452651 30.282857, -97.453005 30.282943, -97.453238 30.282963, -97.453708 30.28298, -97.454691 30.282914, -97.455419 30.282947, -97.456224 30.283251, -97.457081 30.283616, -97.457574 30.283825, -97.458128 30.284061, -97.461259 30.28568, -97.459539 30.288496, -97.459412 30.28876, -97.459457 30.288937, -97.459624 30.289103, -97.459975 30.28929, -97.464304 30.291279, -97.466746 30.292408, -97.469187 30.293538, -97.471586 30.294648, -97.47351 30.295538, -97.474516 30.296004, -97.476734 30.29703, -97.481907 30.29943, -97.482498 30.299347, -97.482695 30.299163, -97.483118 30.298485, -97.48322 30.298331, -97.483484 30.297899, -97.483634 30.297629, -97.483749 30.297464, -97.483817 30.297388, -97.483888 30.297339, -97.483992 30.297307, -97.484097 30.297297, -97.484236 30.297298, -97.484271 30.29731, -97.487004 30.298625, -97.488971 30.299585, -97.491401 30.30077, -97.491965 30.300856, -97.493145 30.300825, -97.493624 30.300942, -97.498009 30.303122, -97.506784 30.30739, -97.507515 30.307746, -97.507893 30.307806, -97.508387 30.307674, -97.508875 30.307121, -97.509365 30.306844, -97.509673 30.306765, -97.513198 30.308473, -97.51379 30.308677, -97.51412 30.308591, -97.515086 30.307958, -97.51689 30.309622, -97.516949 30.310034))",31.9,787.0,110466.0,0.0,25.0,23834512.35444549,3.301934557319411e-05
"POLYGON ((-98.056743 30.611385, -98.05479 30.615022, -98.054707 30.615177, -98.053299 30.617798, -98.052385 30.619501, -98.051119 30.621858, -98.049886 30.624155, -98.047507 30.622673, -98.04459 30.620803, -98.040294 30.618204, -98.039592 30.618553, -98.036495 30.611726, -98.0297 30.614723, -98.021615 30.615891, -98.02118 30.615954, -98.020325 30.616078, -98.019088 30.616257, -98.017729 30.616455, -98.016925 30.616505, -98.015468 30.616596, -98.012741 30.616767, -98.010346 30.620759, -98.008593 30.623683, -98.00762 30.62519, -98.006276 30.627516, -98.004302 30.62519, -98.00383 30.624167, -98.003663 30.623805, -98.001945 30.621425, -98.000295 30.617794, -97.997989 30.613024, -97.9924 30.609494, -97.991015 30.609849, -97.990745 30.610097, -97.987119 30.613481, -97.985982 30.614542, -97.985309 30.61517, -97.984857 30.615592, -97.981668 30.618568, -97.978955 30.621099, -97.978818 30.621227, -97.977867 30.622114, -97.973653 30.62269, -97.972903 30.622793, -97.966311 30.623676, -97.96259 30.62519, -97.956734 30.628249, -97.9547 30.627172, -97.951883 30.625191, -97.94974 30.623251, -97.944327 30.61833, -97.942988 30.617162, -97.940768 30.615073, -97.940608 30.614924, -97.9405 30.614824, -97.938248 30.613029, -97.934809 30.610286, -97.927985 30.608204, -97.927886 30.608174, -97.921919 30.606353, -97.917063 30.604871, -97.917613 30.603286, -97.917942 30.602368, -97.918116 30.601838, -97.918964 30.599394, -97.918994 30.599308, -97.919038 30.599182, -97.919054 30.599136, -97.919798 30.597017, -97.919879 30.596787, -97.920027 30.596369, -97.92008 30.596218, -97.920149 30.596003, -97.921129 30.593233, -97.921895 30.590958, -97.921835 30.590792, -97.920383 30.586774, -97.917096 30.582895, -97.916122 30.581746, -97.915123 30.580567, -97.916977 30.578546, -97.917074 30.57844, -97.918675 30.576696, -97.919033 30.576328, -97.919599 30.576461, -97.920139 30.576633, -97.920444 30.576768, -97.920737 30.576936, -97.921191 30.577258, -97.921888 30.577722, -97.922223 30.577984, -97.922856 30.578645, -97.923351 30.579163, -97.923588 30.579377, -97.924034 30.579693, -97.924409 30.579959, -97.924892 30.580188, -97.925537 30.580406, -97.925726 30.580453, -97.926233 30.580598, -97.927761 30.581034, -97.927816 30.581047, -97.927865 30.581059, -97.927958 30.581081, -97.929188 30.581377, -97.929799 30.581402, -97.931426 30.581339, -97.932148 30.581251, -97.933526 30.580836, -97.934172 30.580708, -97.934934 30.580557, -97.936461 30.58066, -97.936737 30.580607, -97.937043 30.580498, -97.937803 30.579945, -97.938199 30.579589, -97.938867 30.578868, -97.939081 30.578553, -97.939255 30.578193, -97.939355 30.57776, -97.939386 30.577095, -97.939429 30.576857, -97.939485 30.576671, -97.939534 30.576581, -97.939965 30.575877, -97.940086 30.575593, -97.940163 30.575195, -97.940285 30.574733, -97.940514 30.574319, -97.94184 30.572391, -97.942156 30.57194, -97.943892 30.569441, -97.944241 30.568965, -97.94436 30.568664, -97.944426 30.568499, -97.944485 30.568288, -97.944518 30.568018, -97.944544 30.567517, -97.944558 30.567254, -97.944624 30.567004, -97.944716 30.566773, -97.944953 30.566239, -97.945118 30.565811, -97.945414 30.564678, -97.945526 30.564184, -97.945638 30.563361, -97.945651 30.563012, -97.945625 30.562708, -97.945562 30.562461, -97.94547 30.562221, -97.945332 30.561885, -97.945289 30.561671, -97.945269 30.561529, -97.945272 30.561368, -97.945342 30.560992, -97.945391 30.560588, -97.945403 30.560493, -97.94578 30.559387, -97.945908 30.559134, -97.945931 30.559007, -97.945967 30.558815, -97.946011 30.558583, -97.946064 30.558298, -97.946048 30.558512, -97.946037 30.558583, -97.94601 30.558717, -97.945993 30.558811, -97.946952 30.558676, -97.947694 30.558472, -97.947764 30.558689, -97.947782 30.55875, -97.9478 30.558815, -97.947938 30.558788, -97.948021 30.558784, -97.948171 30.558789, -97.948329 30.558801, -97.948811 30.558897, -97.948968 30.55892, -97.949105 30.558926, -97.949352 30.558915, -97.949564 30.558888, -97.950183 30.558821, -97.950328 30.558798, -97.950456 30.558781, -97.950546 30.558778, -97.950604 30.558786, -97.950656 30.558804, -97.95072 30.558832, -97.950804 30.558882, -97.950876 30.558936, -97.950934 30.55899, -97.95102 30.559094, -97.951084 30.559201, -97.951149 30.559268, -97.951278 30.559368, -97.95134 30.559397, -97.951418 30.559416, -97.951469 30.559421, -97.951603 30.559422, -97.951736 30.559385, -97.951906 30.559333, -97.952064 30.559284, -97.952252 30.559199, -97.952307 30.559185, -97.952358 30.559179, -97.952397 30.559182, -97.952424 30.559195, -97.952619 30.559527, -97.952656 30.559563, -97.952775 30.559648, -97.952889 30.55976, -97.952954 30.559839, -97.953005 30.559929, -97.953042 30.560038, -97.953085 30.560216, -97.95311 30.560449, -97.953161 30.560855, -97.953183 30.561108, -97.953198 30.561207, -97.953226 30.561318, -97.953262 30.561408, -97.953296 30.56146, -97.953337 30.561505, -97.95341 30.561561, -97.953521 30.561633, -97.953706 30.561738, -97.954073 30.561931, -97.954257 30.562038, -97.954525 30.562183, -97.954729 30.562297, -97.954817 30.562356, -97.954902 30.562431, -97.955159 30.562707, -97.95524 30.562809, -97.955428 30.56315, -97.955484 30.563254, -97.955565 30.56338, -97.955639 30.56346, -97.955801 30.563596, -97.955992 30.563773, -97.956097 30.563865, -97.956275 30.563992, -97.956946 30.564439, -97.957065 30.564511, -97.957184 30.564567, -97.957306 30.564609, -97.957381 30.564625, -97.957447 30.564631, -97.957506 30.564625, -97.957692 30.564565, -97.958098 30.56442, -97.958344 30.564358, -97.958455 30.564326, -97.958537 30.564314, -97.958585 30.564318, -97.958646 30.564342, -97.958823 30.564441, -97.959043 30.564555, -97.959149 30.564605, -97.959247 30.564641, -97.95945 30.564696, -97.959577 30.564738, -97.959635 30.564758, -97.959717 30.564789, -97.959791 30.564828, -97.960153 30.565101, -97.960238 30.565154, -97.960314 30.565189, -97.960498 30.565242, -97.96061 30.565263, -97.960692 30.565286, -97.960735 30.56531, -97.960775 30.565345, -97.960813 30.565391, -97.961073 30.565784, -97.961088 30.565815, -97.961099 30.565871, -97.961096 30.565943, -97.961074 30.566042, -97.961062 30.566153, -97.96107 30.566208, -97.961088 30.56624, -97.96115 30.566305, -97.961199 30.566391, -97.961225 30.566464, -97.961233 30.566577, -97.961246 30.566626, -97.961282 30.566711, -97.961249 30.566818, -97.961164 30.566761, -97.961105 30.566735, -97.960981 30.566703, -97.960863 30.566683, -97.960634 30.566689, -97.960123 30.566683, -97.959566 30.566703, -97.959337 30.566709, -97.959199 30.566689, -97.959127 30.566644, -97.958931 30.566519, -97.958662 30.566316, -97.9584 30.566185, -97.958184 30.566093, -97.957882 30.565962, -97.957575 30.565864, -97.957214 30.565792, -97.956913 30.565713, -97.956664 30.565622, -97.956502 30.565626, -97.956455 30.565654, -97.956396 30.565707, -97.956284 30.565818, -97.955326 30.567233, -97.953776 30.569565, -97.952705 30.571261, -97.953398 30.571241, -97.953756 30.571209, -97.954147 30.571154, -97.954593 30.571002, -97.955119 30.570827, -97.95535 30.570771, -97.955509 30.570763, -97.955637 30.570787, -97.955828 30.570875, -97.956648 30.571321, -97.957868 30.572054, -97.958075 30.572157, -97.958242 30.572245, -97.958346 30.572399, -97.958437 30.572583, -97.958473 30.572798, -97.958477 30.573005, -97.958453 30.573224, -97.958421 30.573395, -97.958377 30.573511, -97.95827 30.573666, -97.95815 30.57383, -97.95799 30.574039, -97.95819 30.574248, -97.95823 30.574359, -97.958238 30.574445, -97.95823 30.574523, -97.95819 30.574646, -97.958073 30.574971, -97.957959 30.575282, -97.95794 30.575327, -97.957508 30.576733, -97.957585 30.576741, -97.957727 30.576745, -97.957929 30.576731, -97.958455 30.576724, -97.95863 30.5767, -97.958886 30.576653, -97.959047 30.576602, -97.959098 30.576589, -97.959259 30.576571, -97.959416 30.576543, -97.959558 30.576506, -97.959851 30.576415, -97.960066 30.576312, -97.960209 30.576258, -97.960318 30.576236, -97.96046 30.576221, -97.960646 30.576212, -97.960837 30.576218, -97.96107 30.576238, -97.961148 30.576255, -97.96125 30.576296, -97.961442 30.576387, -97.961528 30.576446, -97.961875 30.576738, -97.961958 30.576801, -97.962097 30.576882, -97.962175 30.576917, -97.96225 30.576965, -97.962321 30.577034, -97.96238 30.577118, -97.962609 30.577571, -97.962741 30.577888, -97.96279 30.578034, -97.962828 30.578204, -97.962891 30.578452, -97.962917 30.578519, -97.962958 30.578578, -97.963052 30.57867, -97.963169 30.578757, -97.963246 30.578801, -97.963329 30.578836, -97.963368 30.578845, -97.963504 30.578853, -97.963856 30.578853, -97.963932 30.578843, -97.964036 30.578812, -97.964273 30.578716, -97.964441 30.578623, -97.964556 30.578564, -97.964621 30.578538, -97.964703 30.578515, -97.964784 30.578501, -97.964951 30.578493, -97.965028 30.578497, -97.965061 30.578504, -97.965144 30.578534, -97.965252 30.578587, -97.965302 30.578617, -97.965393 30.57869, -97.965422 30.578722, -97.965481 30.578802, -97.965509 30.57886, -97.965518 30.578916, -97.965508 30.579055, -97.965474 30.57923, -97.965421 30.579399, -97.965387 30.579552, -97.965323 30.579764, -97.965221 30.580165, -97.965204 30.580286, -97.965214 30.580333, -97.965248 30.580398, -97.965318 30.580494, -97.965401 30.580588, -97.965475 30.580654, -97.96562 30.580756, -97.965769 30.580841, -97.965936 30.580917, -97.966078 30.580963, -97.966191 30.581014, -97.966246 30.581052, -97.966271 30.581078, -97.966354 30.581182, -97.96641 30.581289, -97.966441 30.581338, -97.96648 30.581377, -97.966556 30.581424, -97.966998 30.581627, -97.967078 30.58166, -97.967294 30.581747, -97.967483 30.581822, -97.967687 30.581913, -97.967759 30.581941, -97.968292 30.582087, -97.968446 30.582142, -97.968616 30.582186, -97.968811 30.582217, -97.968972 30.58223, -97.969137 30.582231, -97.969215 30.582222, -97.969262 30.582209, -97.969294 30.582187, -97.969345 30.582117, -97.969377 30.58208, -97.969454 30.582038, -97.969554 30.581994, -97.969699 30.581953, -97.969842 30.581923, -97.969987 30.581902, -97.970119 30.581895, -97.970288 30.581899, -97.970398 30.581908, -97.970485 30.581924, -97.970577 30.581952, -97.970718 30.582014, -97.970784 30.582055, -97.97086 30.582128, -97.970891 30.582097, -97.970918 30.58206, -97.970929 30.581998, -97.970942 30.581979, -97.971043 30.581925, -97.971147 30.581861, -97.971215 30.581828, -97.971332 30.5818, -97.971481 30.581751, -97.971595 30.581706, -97.971664 30.581685, -97.971726 30.581678, -97.971931 30.58168, -97.972018 30.581665, -97.972094 30.581642, -97.972294 30.582774, -97.972281 30.582828, -97.972271 30.582881, -97.972277 30.582927, -97.972383 30.58319, -97.972429 30.583276, -97.972491 30.583358, -97.972025 30.583689, -97.971847 30.583868, -97.971888 30.583934, -97.972095 30.584001, -97.972241 30.584053, -97.972362 30.584082, -97.972493 30.584102, -97.972832 30.584115, -97.973044 30.584115, -97.973202 30.584099, -97.973375 30.584063, -97.973449 30.584022, -97.973557 30.583973, -97.973664 30.583939, -97.973806 30.583913, -97.974138 30.583878, -97.974252 30.583876, -97.974318 30.583886, -97.975158 30.584178, -97.97547 30.584268, -97.975619 30.584319, -97.975728 30.584374, -97.975897 30.584487, -97.9761 30.584645, -97.976267 30.584764, -97.9764 30.58485, -97.97652 30.584913, -97.976859 30.585069, -97.977101 30.585175, -97.977224 30.585217, -97.977516 30.58529, -97.977868 30.585395, -97.978046 30.585474, -97.978126 30.585493, -97.978223 30.585496, -97.97837 30.585476, -97.978475 30.585445, -97.978542 30.585411, -97.978635 30.585344, -97.978731 30.585251, -97.978778 30.585195, -97.978868 30.585065, -97.978955 30.584961, -97.979071 30.584843, -97.979182 30.584748, -97.979291 30.584672, -97.979494 30.58454, -97.979732 30.584386, -97.979832 30.584329, -97.979943 30.584285, -97.980265 30.584205, -97.980455 30.584163, -97.980678 30.584127, -97.980839 30.584095, -97.980928 30.584063, -97.981026 30.584017, -97.981544 30.583721, -97.981633 30.583665, -97.981709 30.583609, -97.981774 30.583542, -97.981897 30.583367, -97.981948 30.583304, -97.982183 30.583054, -97.982449 30.582794, -97.982572 30.582655, -97.982668 30.582558, -97.982709 30.582533, -97.982762 30.582517, -97.982828 30.582509, -97.983016 30.582509, -97.9831 30.582516, -97.983171 30.582532, -97.98342 30.582632, -97.98388 30.582782, -97.984534 30.582945, -97.98476 30.583006, -97.984905 30.583056, -97.985043 30.583118, -97.985357 30.583292, -97.985715 30.583482, -97.986044 30.583672, -97.986207 30.583762, -97.986423 30.583902, -97.986599 30.584018, -97.986802 30.584165, -97.986913 30.58427, -97.986956 30.584323, -97.987049 30.584416, -97.987271 30.58459, -97.987471 30.584772, -97.987533 30.584818, -97.987642 30.584885, -97.987773 30.584949, -97.988044 30.585059, -97.988426 30.585191, -97.988582 30.585234, -97.98876 30.585272, -97.988921 30.585295, -97.989036 30.585296, -97.989131 30.585287, -97.989226 30.585265, -97.989313 30.585229, -97.989876 30.584891, -97.989991 30.584831, -97.990664 30.583789, -97.991663 30.584283, -97.996737 30.586879, -98.00712 30.591883, -98.023907 30.600037, -98.031981 30.603916, -98.033105 30.604432, -98.033212 30.604601, -98.033487 30.604601, -98.034144 30.604939, -98.036124 30.601769, -98.036273 30.60185, -98.037388 30.602304, -98.042446 30.60461, -98.042927 30.604813, -98.043386 30.605071, -98.047903 30.607177, -98.04887 30.607632, -98.048923 30.607705, -98.049163 30.607878, -98.049658 30.608026, -98.04978 30.608075, -98.049951 30.608147, -98.054141 30.610145, -98.055147 30.610625, -98.056743 30.611385))",53.3,2328.0,92232.0,21.0,0.0,44234614.74716698,5.2628467848227334e-05
"POLYGON ((-97.695953 30.440086, -97.695853 30.440106, -97.695315 30.440277, -97.69417 30.440897, -97.693454 30.441204, -97.692304 30.441504, -97.692149 30.441523, -97.692027 30.44157, -97.69176 30.441675, -97.691583 30.441713, -97.69079 30.441772, -97.690568 30.44175, -97.690331 30.44178, -97.689335 30.441769, -97.688694 30.441663, -97.688619 30.441628, -97.688525 30.441602, -97.687929 30.441368, -97.687451 30.441103, -97.68715 30.440867, -97.687082 30.440793, -97.687185 30.440691, -97.687241 30.440637, -97.687291 30.440587, -97.68727 30.44053, -97.687279 30.440495, -97.687815 30.439919, -97.68799 30.439593, -97.688091 30.439237, -97.68809 30.438249, -97.688158 30.438173, -97.688092 30.438087, -97.688098 30.437863, -97.688115 30.437255, -97.688229 30.436908, -97.68863 30.436214, -97.688727 30.436046, -97.688866 30.435956, -97.689247 30.436109, -97.692419 30.43764, -97.693949 30.438358, -97.694377 30.438559, -97.69462 30.438673, -97.695488 30.439189, -97.695603 30.439254, -97.695652 30.439287, -97.695693 30.439332, -97.695738 30.439404, -97.695847 30.439672, -97.695911 30.439978, -97.695953 30.440086))",29.5,1394.0,78500.0,127.0,0.0,325867.65897326934,0.00427781021409783
"POLYGON ((-97.71191 30.40997, -97.711586 30.410131, -97.711276 30.410328, -97.711209 30.410373, -97.711076 30.410461, -97.710858 30.410622, -97.71082 30.410646, -97.710746 30.410691, -97.710078 30.411244, -97.709971 30.411333, -97.709579 30.411734, -97.708693 30.41264, -97.707459 30.413825, -97.706623 30.414851, -97.706542 30.414954, -97.706094 30.415799, -97.705911 30.416217, -97.705172 30.41816, -97.704884 30.419191, -97.704406 30.420384, -97.704373 30.420466, -97.704338 30.420566, -97.704231 30.420508, -97.704182 30.420472, -97.704044 30.420384, -97.703806 30.420225, -97.703559 30.420055, -97.703322 30.419915, -97.702716 30.419494, -97.702589 30.419395, -97.701558 30.418644, -97.700989 30.418373, -97.700912 30.418295, -97.701625 30.417356, -97.701917 30.416916, -97.702123 30.41661, -97.703102 30.415406, -97.703433 30.414717, -97.703578 30.414515, -97.704156 30.413706, -97.704189 30.413662, -97.704605 30.413264, -97.703995 30.412775, -97.703479 30.412576, -97.703345 30.412524, -97.702657 30.412258, -97.702242 30.412132, -97.701906 30.412059, -97.701482 30.411912, -97.700667 30.411329, -97.699816 30.410278, -97.698902 30.409065, -97.698384 30.408606, -97.697071 30.408281, -97.697095 30.408188, -97.697278 30.407558, -97.697723 30.406018, -97.697736 30.405978, -97.697843 30.405976, -97.697941 30.405982, -97.698312 30.406049, -97.698348 30.406051, -97.698486 30.406037, -97.698707 30.406003, -97.698882 30.40599, -97.699089 30.405987, -97.699295 30.405979, -97.699428 30.405957, -97.699564 30.405923, -97.699793 30.405852, -97.69983 30.405833, -97.699957 30.40578, -97.700012 30.405762, -97.70007 30.405753, -97.700252 30.405739, -97.700637 30.40563, -97.700693 30.405619, -97.700764 30.405613, -97.701125 30.405633, -97.701225 30.405673, -97.701279 30.405685, -97.701346 30.405685, -97.701388 30.40568, -97.701467 30.405679, -97.701516 30.405694, -97.701605 30.405732, -97.701662 30.405766, -97.70172 30.405813, -97.701839 30.405881, -97.701905 30.405907, -97.702134 30.405977, -97.70224 30.405993, -97.702376 30.406007, -97.70244 30.406019, -97.70274 30.406049, -97.702831 30.406065, -97.702912 30.406069, -97.70343 30.406178, -97.703637 30.406239, -97.703731 30.406276, -97.703814 30.406317, -97.70388 30.406359, -97.703928 30.406404, -97.703965 30.406447, -97.703985 30.406491, -97.703991 30.406554, -97.704027 30.406619, -97.704068 30.406674, -97.704299 30.406923, -97.704358 30.406954, -97.704426 30.406978, -97.704468 30.406984, -97.704592 30.406958, -97.704665 30.406935, -97.704725 30.406911, -97.704794 30.40687, -97.704845 30.406831, -97.7049 30.406778, -97.705058 30.406572, -97.705105 30.406523, -97.705172 30.406466, -97.705224 30.406418, -97.70527 30.406389, -97.705292 30.406385, -97.705364 30.406383, -97.705423 30.406366, -97.705462 30.406335, -97.705546 30.406236, -97.705625 30.406115, -97.705663 30.406025, -97.705701 30.405985, -97.705746 30.405954, -97.70585 30.405913, -97.705896 30.405882, -97.706005 30.405782, -97.706267 30.405572, -97.706602 30.40532, -97.706655 30.40527, -97.707026 30.405122, -97.707109 30.405109, -97.707249 30.405077, -97.707457 30.40506, -97.707537 30.405064, -97.707666 30.40509, -97.707837 30.405129, -97.70791 30.405159, -97.708079 30.405257, -97.708164 30.405284, -97.708259 30.405342, -97.708316 30.405387, -97.708357 30.405411, -97.708407 30.405422, -97.708561 30.405417, -97.708694 30.40544, -97.708763 30.405448, -97.708827 30.405461, -97.709022 30.405517, -97.709114 30.405554, -97.709267 30.405632, -97.709376 30.405716, -97.709417 30.40576, -97.709498 30.405879, -97.709525 30.405928, -97.709557 30.405959, -97.709588 30.406002, -97.709656 30.40616, -97.70967 30.406236, -97.709668 30.406299, -97.709659 30.406373, -97.709657 30.406445, -97.709663 30.406488, -97.709661 30.40653, -97.709629 30.40659, -97.709582 30.406658, -97.709543 30.4067, -97.709503 30.406735, -97.709461 30.406787, -97.709412 30.406874, -97.709387 30.406944, -97.709356 30.406999, -97.709316 30.407061, -97.70924 30.40721, -97.709196 30.407335, -97.709197 30.407443, -97.709176 30.407504, -97.70915 30.407531, -97.709115 30.407546, -97.709079 30.407579, -97.709013 30.407702, -97.70898 30.407781, -97.708961 30.407886, -97.708926 30.407963, -97.708885 30.408012, -97.708847 30.40807, -97.708834 30.408194, -97.7088 30.408251, -97.708793 30.408335, -97.708798 30.408421, -97.708806 30.408477, -97.708806 30.408535, -97.708791 30.408614, -97.70879 30.408649, -97.708819 30.408888, -97.708832 30.408948, -97.70888 30.40905, -97.708886 30.40916, -97.708916 30.409298, -97.708936 30.409349, -97.708978 30.409427, -97.709043 30.409564, -97.709115 30.409698, -97.70919 30.409867, -97.709235 30.409917, -97.709324 30.409973, -97.709376 30.409998, -97.709403 30.410004, -97.709551 30.410006, -97.709782 30.409986, -97.709845 30.409971, -97.709917 30.409959, -97.709988 30.409954, -97.710054 30.409936, -97.710086 30.409918, -97.710113 30.409889, -97.710118 30.409871, -97.710104 30.409846, -97.710052 30.409837, -97.71 30.40982, -97.709974 30.409796, -97.709951 30.409751, -97.709929 30.409691, -97.709925 30.40965, -97.70995 30.409537, -97.709949 30.409495, -97.709961 30.409458, -97.709988 30.409407, -97.710026 30.409369, -97.710083 30.409321, -97.710147 30.409274, -97.710232 30.409243, -97.710266 30.409236, -97.710328 30.409227, -97.710404 30.409234, -97.71051 30.409267, -97.710595 30.409312, -97.71103 30.409519, -97.711113 30.409553, -97.711213 30.40959, -97.711262 30.409609, -97.711306 30.409632, -97.711402 30.409679, -97.71145 30.409705, -97.71154 30.409746, -97.711658 30.409797, -97.711748 30.409844, -97.711809 30.409866, -97.711831 30.40988, -97.71188 30.409928, -97.71191 30.40997))",29.9,1236.0,54125.0,0.0,0.0,1024898.6668580185,0.0012059728829476816
"POLYGON ((-97.693373 30.081942, -97.693192 30.081999, -97.692963 30.082069, -97.691971 30.082353, -97.691491 30.082585, -97.6908 30.082851, -97.689564 30.083646, -97.687849 30.085029, -97.68722 30.085622, -97.68551 30.087397, -97.684181 30.088697, -97.683998 30.088868, -97.683858 30.088998, -97.683719 30.089128, -97.683582 30.089256, -97.683445 30.089385, -97.683335 30.089487, -97.679624 30.093042, -97.678897 30.093698, -97.678436 30.094061, -97.677766 30.094577, -97.67725 30.09494, -97.676244 30.095848, -97.674695 30.097091, -97.673089 30.098515, -97.672293 30.099143, -97.672126 30.099352, -97.671204 30.100357, -97.669906 30.101991, -97.669307 30.102772, -97.668616 30.103729, -97.667236 30.1058, -97.666312 30.10728, -97.66593 30.107913, -97.665711 30.108316, -97.665455 30.108761, -97.665076 30.109329, -97.664464 30.110275, -97.663829 30.111288, -97.66305 30.112502, -97.662337 30.11366, -97.661803 30.114517, -97.661369 30.115229, -97.661093 30.115806, -97.66099 30.116087, -97.660868 30.116398, -97.66069 30.116877, -97.660523 30.117501, -97.660415 30.117892, -97.660367 30.118302, -97.660289 30.118892, -97.660266 30.119772, -97.660344 30.120674, -97.660411 30.12113, -97.660645 30.122065, -97.660968 30.123056, -97.661165 30.12353, -97.661286 30.123813, -97.661651 30.124462, -97.66224 30.125294, -97.66297 30.126491, -97.664187 30.128316, -97.664937 30.129533, -97.665458 30.1304, -97.665664 30.130909, -97.666092 30.132028, -97.666286 30.132678, -97.666465 30.133562, -97.666548 30.134418, -97.666534 30.135468, -97.666438 30.136367, -97.666286 30.137099, -97.666087 30.137683, -97.665913 30.138273, -97.66554 30.13913, -97.665139 30.139862, -97.664777 30.140422, -97.664286 30.140187, -97.663851 30.139979, -97.663046 30.139595, -97.662915 30.139534, -97.662718 30.139443, -97.659378 30.137904, -97.656101 30.136309, -97.650974 30.133833, -97.649869 30.1333, -97.649112 30.132934, -97.649017 30.132888, -97.648895 30.132829, -97.647136 30.13198, -97.646138 30.131498, -97.645309 30.131098, -97.645087 30.130991, -97.644971 30.130935, -97.64419 30.130521, -97.643992 30.130311, -97.643797 30.13013, -97.64362 30.129886, -97.643251 30.12933, -97.642739 30.128507, -97.642059 30.127562, -97.641328 30.126375, -97.640631 30.125402, -97.640305 30.124948, -97.637822 30.122857, -97.637683 30.12274, -97.637419 30.122518, -97.637231 30.122359, -97.636324 30.121596, -97.63526 30.1207, -97.635026 30.120495, -97.632615 30.11838, -97.632453 30.118251, -97.63218 30.118033, -97.630618 30.116784, -97.628952 30.115341, -97.626135 30.112903, -97.626027 30.112809, -97.624994 30.111957, -97.622936 30.110175, -97.622545 30.109845, -97.618921 30.106793, -97.615085 30.103561, -97.614534 30.103269, -97.614027 30.103093, -97.613591 30.102982, -97.613092 30.102896, -97.611792 30.102814, -97.610779 30.10275, -97.610942 30.102633, -97.611082 30.102519, -97.612517 30.101591, -97.614227 30.10046, -97.620401 30.094949, -97.620789 30.094603, -97.623087 30.092552, -97.625049 30.090801, -97.625916 30.09022, -97.626132 30.090041, -97.633654 30.08306, -97.633754 30.082974, -97.639128 30.078358, -97.639208 30.07829, -97.64053 30.076907, -97.644893 30.072341, -97.645272 30.071969, -97.646222 30.071034, -97.64937 30.067944, -97.64994 30.068436, -97.651094 30.069575, -97.652521 30.070609, -97.652899 30.070883, -97.653465 30.071369, -97.653693 30.071564, -97.657068 30.068559, -97.657649 30.068041, -97.65826 30.067497, -97.658797 30.067018, -97.659482 30.066407, -97.65988 30.066052, -97.660214 30.065755, -97.661164 30.064907, -97.661279 30.064804, -97.661852 30.064292, -97.662656 30.063573, -97.663049 30.063221, -97.663461 30.062852, -97.66367 30.062665, -97.664903 30.061562, -97.665162 30.061312, -97.666243 30.060269, -97.667841 30.058729, -97.669486 30.057202, -97.676191 30.051315, -97.67908 30.048778, -97.681712 30.046494, -97.685377 30.043259, -97.685389 30.043249, -97.686398 30.042353, -97.688336 30.040674, -97.68875 30.040294, -97.688955 30.040119, -97.689171 30.039922, -97.689207 30.039892, -97.689537 30.039612, -97.689804 30.039367, -97.690084 30.03912, -97.690098 30.039256, -97.690199 30.039999, -97.690384 30.04168, -97.69046 30.042593, -97.690493 30.042982, -97.690607 30.043917, -97.69092 30.046483, -97.691024 30.047588, -97.691044 30.047842, -97.691089 30.048399, -97.691105 30.0486, -97.691109 30.048635, -97.691598 30.052728, -97.69165 30.053457, -97.691808 30.054477, -97.692048 30.056021, -97.692362 30.058865, -97.692546 30.060535, -97.692816 30.063223, -97.692862 30.064461, -97.692936 30.066444, -97.692958 30.067298, -97.693045 30.070635, -97.693051 30.070849, -97.693105 30.072954, -97.693158 30.074828, -97.693192 30.07569, -97.693221 30.076443, -97.693277 30.078455, -97.69332 30.080036, -97.693336 30.080606, -97.693349 30.081069, -97.693363 30.081586, -97.69337 30.081833, -97.693373 30.081942))",43.7,1435.0,56094.0,12.0,0.0,36659289.17383143,3.9144239627656195e-05
"POLYGON ((-97.636268 30.402675, -97.636236 30.402796, -97.636099 30.403316, -97.636041 30.403696, -97.636009 30.4039, -97.635958 30.404233, -97.635549 30.40688, -97.635382 30.407962, -97.635364 30.408079, -97.635306 30.408459, -97.63527 30.408744, -97.635244 30.408955, -97.635219 30.409167, -97.63511 30.410058, -97.634937 30.410671, -97.634769 30.411073, -97.634621 30.411406, -97.63426 30.412067, -97.633917 30.412602, -97.633435 30.413441, -97.633284 30.413706, -97.633097 30.413992, -97.633015 30.414106, -97.632199 30.415485, -97.631221 30.417089, -97.630759 30.417805, -97.629319 30.420201, -97.628633 30.421311, -97.627871 30.422622, -97.627494 30.423207, -97.627374 30.423445, -97.627352 30.423489, -97.627272 30.423611, -97.627206 30.423708, -97.626992 30.424032, -97.62653 30.424736, -97.626423 30.424898, -97.626291 30.424825, -97.626029 30.424682, -97.624434 30.423958, -97.619629 30.421651, -97.619215 30.421447, -97.619305 30.421295, -97.619956 30.420201, -97.620202 30.419812, -97.620389 30.419515, -97.620531 30.419254, -97.621068 30.418379, -97.622958 30.415472, -97.623315 30.414923, -97.623955 30.413855, -97.624194 30.413485, -97.624323 30.413251, -97.624401 30.413067, -97.624442 30.412929, -97.62447 30.412768, -97.624488 30.412561, -97.624507 30.412093, -97.624534 30.411817, -97.624562 30.411675, -97.624608 30.411517, -97.624679 30.411381, -97.624776 30.411211, -97.62497 30.410906, -97.62526 30.410461, -97.62574 30.409709, -97.627085 30.407632, -97.627716 30.40663, -97.628085 30.406063, -97.628397 30.405634, -97.628437 30.405656, -97.628831 30.405844, -97.629776 30.406295, -97.630731 30.406765, -97.630963 30.406826, -97.631116 30.406864, -97.63123 30.406882, -97.631341 30.406889, -97.631484 30.406885, -97.631595 30.406871, -97.631692 30.406843, -97.631814 30.406805, -97.631932 30.406725, -97.632043 30.406645, -97.632123 30.406562, -97.63222 30.406437, -97.632325 30.406291, -97.632575 30.405916, -97.633119 30.405056, -97.633299 30.404804, -97.633571 30.404429, -97.634304 30.403246, -97.634382 30.403121, -97.63506 30.402031, -97.635295 30.40219, -97.63549 30.402303, -97.636221 30.40265, -97.636252 30.402666, -97.636268 30.402675))",34.7,2122.0,92200.0,32.0,43.0,1753965.7598289046,0.0012098297746741626
"POLYGON ((-97.651228 30.413539, -97.651198 30.413586, -97.651167 30.413633, -97.651139 30.413674, -97.651106 30.413722, -97.651079 30.413761, -97.651048 30.413809, -97.651016 30.413858, -97.65099 30.413898, -97.650954 30.413953, -97.650923 30.413998, -97.650895 30.414044, -97.650865 30.414091, -97.650839 30.414131, -97.650803 30.414183, -97.650773 30.414227, -97.650743 30.414273, -97.65071 30.414329, -97.65068 30.414377, -97.650646 30.414421, -97.650618 30.414467, -97.650588 30.414512, -97.650558 30.414558, -97.65053 30.414605, -97.650499 30.414651, -97.650465 30.414694, -97.650436 30.41474, -97.650404 30.414786, -97.650371 30.41483, -97.650341 30.414875, -97.650306 30.414923, -97.650275 30.414969, -97.650245 30.415019, -97.650212 30.415065, -97.650179 30.415114, -97.650146 30.415162, -97.650115 30.415208, -97.650085 30.415254, -97.650057 30.415299, -97.650044 30.415339, -97.650007 30.415382, -97.649296 30.416514, -97.648844 30.417214, -97.648614 30.417572, -97.648525 30.417661, -97.648352 30.417765, -97.648132 30.417843, -97.647868 30.417889, -97.64762 30.417901, -97.647064 30.417985, -97.646962 30.417991, -97.646902 30.41799, -97.646651 30.41796, -97.646488 30.417924, -97.646388 30.418134, -97.646307 30.418278, -97.646186 30.418462, -97.646001 30.418695, -97.645646 30.419288, -97.645439 30.419362, -97.645335 30.41941, -97.645325 30.419419, -97.645274 30.419472, -97.645251 30.419485, -97.645222 30.419487, -97.645187 30.419479, -97.645133 30.419448, -97.645088 30.419404, -97.645063 30.419357, -97.645059 30.419327, -97.645065 30.419047, -97.645055 30.418971, -97.645008 30.418833, -97.644964 30.418751, -97.64488 30.418635, -97.644831 30.418591, -97.644559 30.418399, -97.644405 30.418286, -97.644398 30.418258, -97.644398 30.418211, -97.644381 30.418169, -97.644361 30.41815, -97.64434 30.418151, -97.64429 30.418176, -97.644124 30.418182, -97.644018 30.418174, -97.643994 30.418161, -97.643969 30.418129, -97.64395 30.418071, -97.643941 30.417927, -97.643906 30.417787, -97.643855 30.417656, -97.643829 30.417532, -97.643796 30.417441, -97.643725 30.417334, -97.643647 30.417217, -97.643604 30.417183, -97.643561 30.417161, -97.643521 30.417148, -97.643437 30.417122, -97.643335 30.417073, -97.643285 30.417033, -97.643236 30.416974, -97.643199 30.416913, -97.643158 30.416831, -97.643079 30.416729, -97.643024 30.416678, -97.642968 30.416649, -97.642891 30.416631, -97.642803 30.416625, -97.642456 30.416625, -97.642355 30.416631, -97.642322 30.416628, -97.642248 30.416606, -97.642168 30.416571, -97.642102 30.416525, -97.64202 30.416435, -97.641793 30.416124, -97.64169 30.41591, -97.641677 30.415861, -97.64167 30.415787, -97.641643 30.415676, -97.641642 30.415561, -97.641659 30.415494, -97.641646 30.415454, -97.641562 30.415299, -97.64155 30.415255, -97.641568 30.41518, -97.641554 30.41507, -97.641545 30.414944, -97.641528 30.414901, -97.641476 30.414829, -97.641364 30.414717, -97.641316 30.414652, -97.641283 30.414592, -97.64113 30.414495, -97.641053 30.414404, -97.641018 30.414378, -97.640718 30.414228, -97.640607 30.414203, -97.640562 30.414185, -97.640461 30.414122, -97.640393 30.414066, -97.640356 30.414016, -97.640339 30.413964, -97.640332 30.413898, -97.640325 30.413726, -97.640324 30.413542, -97.640312 30.413493, -97.640285 30.41346, -97.64009 30.41331, -97.639996 30.413211, -97.639895 30.413082, -97.639703 30.41286, -97.639661 30.412788, -97.639561 30.412558, -97.639526 30.412502, -97.639435 30.412398, -97.639353 30.412317, -97.639175 30.412043, -97.639129 30.411994, -97.638968 30.411852, -97.638918 30.411761, -97.638727 30.411557, -97.638675 30.411524, -97.638639 30.411513, -97.638604 30.411512, -97.638321 30.411547, -97.638292 30.411542, -97.638246 30.411517, -97.638201 30.411479, -97.638131 30.411387, -97.638023 30.411291, -97.637962 30.41125, -97.637852 30.411186, -97.637713 30.411092, -97.637523 30.410935, -97.637463 30.410906, -97.637315 30.410864, -97.636959 30.410772, -97.636874 30.410736, -97.636802 30.410694, -97.636751 30.410655, -97.636694 30.410597, -97.636591 30.410478, -97.636554 30.410423, -97.636523 30.410338, -97.636487 30.410289, -97.636419 30.410218, -97.63634 30.410147, -97.636305 30.410101, -97.636219 30.409972, -97.636175 30.409916, -97.636081 30.409848, -97.636056 30.409816, -97.635995 30.409719, -97.635964 30.40969, -97.635907 30.409656, -97.635852 30.409577, -97.635799 30.409491, -97.635648 30.409223, -97.635637 30.409143, -97.635636 30.409069, -97.635609 30.409011, -97.63553 30.408897, -97.635462 30.40884, -97.635409 30.408811, -97.63533 30.408779, -97.635307 30.408765, -97.63527 30.408744, -97.635306 30.408459, -97.635364 30.408079, -97.635382 30.407962, -97.635549 30.40688, -97.635958 30.404233, -97.636009 30.4039, -97.636041 30.403696, -97.636099 30.403316, -97.636236 30.402796, -97.636268 30.402675, -97.63657 30.402822, -97.637005 30.403021, -97.638105 30.403571, -97.638317 30.403661, -97.638504 30.403749, -97.639258 30.404095, -97.639905 30.40441, -97.640178 30.404544, -97.640499 30.404717, -97.640821 30.404883, -97.641151 30.405135, -97.641443 30.405385, -97.641755 30.40581, -97.641987 30.406166, -97.642095 30.406272, -97.642341 30.406529, -97.642467 30.406625, -97.642608 30.406732, -97.642795 30.406849, -97.642955 30.406924, -97.64316 30.407031, -97.643643 30.40726, -97.64425 30.407558, -97.645453 30.408131, -97.646747 30.408756, -97.648297 30.409492, -97.648436 30.409547, -97.648461 30.409557, -97.648578 30.409603, -97.648766 30.40971, -97.649087 30.409924, -97.649265 30.410086, -97.649594 30.410458, -97.6501 30.411152, -97.650451 30.411803, -97.650506 30.411907, -97.650364 30.411987, -97.650205 30.412118, -97.65006 30.412305, -97.6498 30.412781, -97.650209 30.412974, -97.650189 30.412977, -97.650239 30.413004, -97.650289 30.413031, -97.650345 30.413056, -97.6504 30.413084, -97.650457 30.41311, -97.650505 30.413131, -97.650552 30.413155, -97.650599 30.413176, -97.650647 30.413199, -97.650707 30.413229, -97.650764 30.413254, -97.650811 30.413279, -97.65087 30.413304, -97.650928 30.41333, -97.650984 30.413356, -97.651038 30.413379, -97.65109 30.413404, -97.651161 30.413434, -97.651214 30.413459, -97.651254 30.413496, -97.651228 30.413539))",35.4,2896.0,106633.0,0.0,83.0,1362426.4108795775,0.002125619392632262
"POLYGON ((-97.898968 30.377021, -97.898957 30.377037, -97.89891 30.37716, -97.898862 30.37725, -97.898799 30.377345, -97.89871 30.377453, -97.898646 30.377524, -97.89856 30.37761, -97.89844 30.377707, -97.898307 30.377789, -97.8982 30.37784, -97.897908 30.377966, -97.897312 30.378222, -97.89723 30.378275, -97.897196 30.378307, -97.897046 30.378558, -97.896512 30.380276, -97.896522 30.380286, -97.896572 30.380351, -97.896631 30.380453, -97.896723 30.380698, -97.896886 30.380879, -97.897028 30.381021, -97.897083 30.38106, -97.897132 30.38108, -97.897217 30.381097, -97.897285 30.381102, -97.89735 30.38112, -97.897409 30.381152, -97.897431 30.38117, -97.897468 30.381223, -97.897546 30.381411, -97.897575 30.38146, -97.897623 30.381541, -97.897815 30.381935, -97.897904 30.382048, -97.897965 30.382162, -97.898009 30.382288, -97.898053 30.382372, -97.898101 30.382434, -97.898161 30.382482, -97.898199 30.382498, -97.898268 30.382512, -97.898291 30.382512, -97.898309 30.382522, -97.898004 30.382681, -97.897462 30.382933, -97.897367 30.383006, -97.897304 30.38307, -97.897278 30.38309, -97.897229 30.383112, -97.89717 30.383119, -97.897051 30.383115, -97.896912 30.383117, -97.896872 30.383109, -97.896783 30.383074, -97.896617 30.383045, -97.896512 30.38301, -97.896403 30.382994, -97.896147 30.383009, -97.896054 30.383016, -97.895828 30.383047, -97.895786 30.383058, -97.895766 30.383071, -97.895604 30.38331, -97.895569 30.383349, -97.895524 30.383377, -97.895456 30.383403, -97.895461 30.383434, -97.895456 30.383551, -97.895432 30.383845, -97.895413 30.383948, -97.895385 30.384019, -97.895337 30.384087, -97.895204 30.384229, -97.89516 30.384265, -97.895112 30.384291, -97.89496 30.384339, -97.894826 30.384386, -97.894754 30.384422, -97.894678 30.384479, -97.894577 30.384581, -97.894479 30.38466, -97.894419 30.384694, -97.894348 30.38472, -97.893944 30.384814, -97.893848 30.384851, -97.893726 30.384919, -97.893499 30.385063, -97.893459 30.385099, -97.893214 30.385422, -97.893088 30.385595, -97.892995 30.385763, -97.892929 30.385864, -97.892874 30.385926, -97.89281 30.385973, -97.892715 30.386024, -97.892602 30.386074, -97.892484 30.386113, -97.892239 30.386165, -97.892075 30.386224, -97.891886 30.386317, -97.891769 30.386385, -97.89162 30.386486, -97.891557 30.386538, -97.891521 30.386568, -97.891316 30.386757, -97.891247 30.386816, -97.891164 30.386861, -97.891113 30.386881, -97.891 30.387044, -97.890814 30.387285, -97.890746 30.387354, -97.890546 30.387508, -97.890345 30.387648, -97.890296 30.387674, -97.890177 30.387727, -97.890148 30.387736, -97.890343 30.388103, -97.890941 30.389223, -97.890907 30.389247, -97.890888 30.38926, -97.890762 30.389369, -97.889992 30.390035, -97.889296 30.390685, -97.888929 30.391027, -97.888409 30.392073, -97.888079 30.392647, -97.887696 30.393003, -97.887028 30.393367, -97.88631 30.393276, -97.885486 30.392991, -97.885115 30.392668, -97.884888 30.392292, -97.884752 30.391835, -97.88458 30.39121, -97.884576 30.391113, -97.884576 30.391036, -97.884583 30.390892, -97.884737 30.390577, -97.884799 30.390441, -97.88421 30.390215, -97.883631 30.389991, -97.883213 30.389892, -97.882909 30.389847, -97.88226 30.389786, -97.882365 30.389612, -97.882385 30.389338, -97.882428 30.388299, -97.882434 30.388161, -97.882502 30.386701, -97.882508 30.386667, -97.882662 30.386158, -97.882836 30.385619, -97.883199 30.384403, -97.883375 30.383865, -97.883545 30.383347, -97.883602 30.383194, -97.883688 30.382997, -97.884349 30.381734, -97.884783 30.380852, -97.884778 30.380689, -97.885037 30.379885, -97.885081 30.379249, -97.884994 30.378552, -97.884872 30.377569, -97.884861 30.377483, -97.884851 30.377435, -97.88484 30.37738, -97.884896 30.377111, -97.884856 30.376808, -97.884843 30.376393, -97.884861 30.376183, -97.884902 30.3758, -97.885023 30.37544, -97.88517 30.375163, -97.885346 30.374885, -97.885588 30.374519, -97.885697 30.374351, -97.886164 30.373783, -97.886438 30.373396, -97.886677 30.373095, -97.886971 30.372691, -97.887161 30.372436, -97.88742 30.372074, -97.887837 30.371484, -97.887963 30.371311, -97.888249 30.371027, -97.888392 30.370899, -97.888525 30.370797, -97.888686 30.370677, -97.888856 30.370568, -97.888975 30.370482, -97.889177 30.370368, -97.88932 30.370287, -97.889601 30.370159, -97.890258 30.36989, -97.890512 30.369776, -97.891013 30.369576, -97.891334 30.369448, -97.891682 30.369327, -97.891799 30.369267, -97.891786 30.369426, -97.891988 30.369938, -97.892053 30.370053, -97.892117 30.370143, -97.892172 30.370212, -97.892268 30.370308, -97.892345 30.370376, -97.892439 30.370445, -97.892558 30.370517, -97.892718 30.370594, -97.892866 30.370644, -97.89296 30.37067, -97.893103 30.370699, -97.893262 30.370714, -97.893384 30.370717, -97.894103 30.370692, -97.894238 30.370695, -97.894312 30.3707, -97.894446 30.370719, -97.894601 30.370752, -97.894737 30.370799, -97.894868 30.370856, -97.894991 30.370915, -97.895093 30.370894, -97.895465 30.37122, -97.895548 30.371337, -97.895704 30.371577, -97.895929 30.37198, -97.896125 30.372767, -97.896127 30.372905, -97.896119 30.373075, -97.896049 30.373493, -97.895985 30.373887, -97.896453 30.374003, -97.896563 30.374038, -97.89668 30.374084, -97.89686 30.374178, -97.89699 30.374263, -97.897118 30.374368, -97.897225 30.374474, -97.89735 30.374633, -97.897469 30.374847, -97.897815 30.375343, -97.897913 30.375521, -97.898109 30.375814, -97.898226 30.375951, -97.89834 30.376055, -97.898435 30.376128, -97.89857 30.376213, -97.898714 30.376285, -97.898842 30.376334, -97.898946 30.376369, -97.899114 30.376405, -97.898968 30.377021))",36.6,2975.0,161333.0,83.0,0.0,2407781.5302734305,0.0012355772160367704
"POLYGON ((-97.795275 30.415748, -97.795239 30.416001, -97.795176 30.416797, -97.795103 30.417211, -97.794914 30.417626, -97.794445 30.418211, -97.794154 30.418659, -97.793952 30.419221, -97.793811 30.41997, -97.793793 30.420068, -97.793769 30.420243, -97.793724 30.420568, -97.793707 30.420691, -97.79376 30.420839, -97.793813 30.42099, -97.794031 30.421283, -97.794138 30.421398, -97.794549 30.421843, -97.793613 30.422528, -97.793503 30.42263, -97.793401 30.422672, -97.793296 30.422715, -97.793095 30.422783, -97.792889 30.422834, -97.791462 30.423147, -97.791055 30.423224, -97.790875 30.423246, -97.790689 30.423245, -97.790563 30.423239, -97.790383 30.423219, -97.790189 30.423181, -97.789991 30.423122, -97.789819 30.423047, -97.7896 30.42296, -97.789104 30.422707, -97.788863 30.422614, -97.788649 30.422546, -97.788432 30.422495, -97.788182 30.422465, -97.787974 30.422451, -97.787689 30.422455, -97.787599 30.422473, -97.787459 30.422499, -97.787084 30.422558, -97.786591 30.422658, -97.786142 30.4228, -97.786055 30.422838, -97.785938 30.422918, -97.785689 30.423069, -97.785558 30.423173, -97.785438 30.42328, -97.785251 30.423502, -97.785171 30.423621, -97.785087 30.423758, -97.784987 30.423968, -97.784958 30.424045, -97.78493 30.424134, -97.784886 30.424383, -97.784877 30.424558, -97.784887 30.424733, -97.784905 30.424913, -97.784934 30.425059, -97.784959 30.425138, -97.784831 30.425145, -97.784803 30.425146, -97.784674 30.425153, -97.784475 30.425124, -97.784449 30.425112, -97.78438 30.425078, -97.781977 30.423926, -97.781062 30.423493, -97.779809 30.422876, -97.779924 30.422389, -97.779998 30.42219, -97.780167 30.421739, -97.780339 30.42128, -97.780537 30.420751, -97.780556 30.420661, -97.780788 30.419573, -97.780795 30.419535, -97.780892 30.418998, -97.78102 30.418486, -97.781349 30.417093, -97.781562 30.416484, -97.781615 30.415924, -97.781788 30.415022, -97.779432 30.414814, -97.779422 30.414683, -97.779409 30.41459, -97.779389 30.414485, -97.779227 30.413948, -97.778864 30.412974, -97.778748 30.412766, -97.77866 30.412642, -97.778587 30.412541, -97.778466 30.412386, -97.777961 30.411855, -97.777628 30.411502, -97.777353 30.411172, -97.777169 30.410824, -97.776997 30.410502, -97.776958 30.410347, -97.776906 30.410074, -97.77684 30.40953, -97.776881 30.409108, -97.776892 30.408294, -97.776845 30.408109, -97.776814 30.407951, -97.776773 30.407824, -97.776682 30.407423, -97.776443 30.40661, -97.776152 30.405718, -97.776101 30.405464, -97.776045 30.405078, -97.77604 30.404996, -97.776023 30.404844, -97.77605 30.40463, -97.77612 30.404222, -97.776176 30.404022, -97.776293 30.403411, -97.77635 30.403198, -97.776395 30.402871, -97.776371 30.402714, -97.776399 30.402437, -97.776382 30.402285, -97.776342 30.402152, -97.776279 30.401944, -97.776215 30.401729, -97.776102 30.401406, -97.775925 30.400993, -97.775822 30.400767, -97.772166 30.400758, -97.771714 30.400757, -97.771454 30.400756, -97.771021 30.400754, -97.77019 30.400753, -97.767525 30.400748, -97.767531 30.400488, -97.76754 30.400448, -97.767682 30.399867, -97.767783 30.399454, -97.767743 30.399088, -97.767538 30.398376, -97.767446 30.398031, -97.767428 30.397029, -97.767578 30.396488, -97.767982 30.395891, -97.76845 30.395233, -97.768539 30.395079, -97.768625 30.394884, -97.768949 30.394106, -97.769069 30.393849, -97.769133 30.393729, -97.769244 30.393575, -97.769437 30.393383, -97.76959 30.393212, -97.769685 30.393075, -97.769754 30.392921, -97.769774 30.392771, -97.769781 30.39266, -97.769762 30.392534, -97.769704 30.392386, -97.769627 30.392219, -97.769533 30.392014, -97.769488 30.391863, -97.769477 30.391733, -97.769481 30.391615, -97.769505 30.39145, -97.769522 30.391166, -97.769494 30.39105, -97.769279 30.390625, -97.769019 30.390303, -97.768009 30.389417, -97.767856 30.389199, -97.767795 30.388959, -97.767854 30.38852, -97.768028 30.388229, -97.7684 30.387827, -97.767701 30.387257, -97.767512 30.386987, -97.767471 30.386917, -97.767436 30.386845, -97.767233 30.386266, -97.766947 30.385452, -97.766804 30.385124, -97.766968 30.385002, -97.767019 30.384964, -97.767545 30.384652, -97.768039 30.384376, -97.768639 30.384087, -97.770369 30.383254, -97.770404 30.383238, -97.770489 30.383201, -97.771254 30.382839, -97.771415 30.38276, -97.77153 30.382983, -97.771559 30.383091, -97.771559 30.38324, -97.771521 30.383456, -97.771515 30.383541, -97.771505 30.383611, -97.771399 30.384055, -97.771322 30.384376, -97.771314 30.384488, -97.771331 30.384613, -97.771379 30.384886, -97.771517 30.385661, -97.77157 30.3858, -97.771666 30.385962, -97.771758 30.386079, -97.771855 30.386168, -97.771956 30.386245, -97.772056 30.386318, -97.772177 30.386403, -97.772625 30.386663, -97.77282 30.386778, -97.772925 30.386843, -97.773071 30.386939, -97.773162 30.387011, -97.773231 30.387091, -97.773312 30.387214, -97.773347 30.387275, -97.773466 30.387502, -97.773677 30.387956, -97.77384 30.388274, -97.773927 30.388499, -97.773998 30.388706, -97.774064 30.389031, -97.774097 30.389211, -97.774101 30.38931, -97.774137 30.389548, -97.774152 30.389625, -97.774188 30.389728, -97.774233 30.389815, -97.774287 30.389884, -97.77434 30.389943, -97.774492 30.390062, -97.7746 30.390139, -97.774802 30.390291, -97.774931 30.390387, -97.775269 30.390636, -97.775441 30.390748, -97.77555 30.390815, -97.775641 30.39086, -97.775754 30.390892, -97.775863 30.39092, -97.775994 30.390938, -97.776102 30.390938, -97.776307 30.390948, -97.776846 30.390975, -97.777328 30.390984, -97.777562 30.390999, -97.77793 30.391018, -97.7781 30.391048, -97.778222 30.391114, -97.778305 30.391193, -97.778468 30.391411, -97.778515 30.39154, -97.778541 30.391611, -97.778577 30.391769, -97.7786 30.391869, -97.778613 30.391931, -97.778592 30.391979, -97.778572 30.392009, -97.778341 30.392357, -97.778292 30.392428, -97.778172 30.392601, -97.778142 30.392644, -97.777769 30.393426, -97.77764 30.393713, -97.777428 30.394104, -97.777297 30.394446, -97.777137 30.395162, -97.777065 30.395599, -97.777103 30.395748, -97.77716 30.395873, -97.777254 30.396016, -97.777363 30.396114, -97.777571 30.396319, -97.77866 30.397006, -97.778722 30.397045, -97.779082 30.39727, -97.779122 30.397284, -97.779551 30.397428, -97.779772 30.397474, -97.780215 30.397565, -97.780588 30.39766, -97.780953 30.397783, -97.781016 30.397804, -97.781359 30.397928, -97.781559 30.398001, -97.781996 30.398306, -97.782192 30.398443, -97.78288 30.39921, -97.783088 30.399433, -97.783103 30.399449, -97.783149 30.39949, -97.783254 30.399584, -97.783412 30.399726, -97.783577 30.399873, -97.783733 30.400177, -97.783805 30.400318, -97.784095 30.40101, -97.784203 30.401234, -97.784661 30.40218, -97.784812 30.402491, -97.785522 30.403427, -97.785843 30.403769, -97.785857 30.403784, -97.7859 30.403814, -97.786195 30.404026, -97.787003 30.404383, -97.787167 30.404421, -97.787606 30.404522, -97.788295 30.404857, -97.788337 30.404894, -97.788746 30.405273, -97.78922 30.405669, -97.789484 30.405972, -97.789668 30.406275, -97.789852 30.406551, -97.790116 30.406815, -97.790643 30.40725, -97.791842 30.408198, -97.792303 30.408646, -97.792395 30.408752, -97.792461 30.40891, -97.792487 30.409173, -97.792448 30.409582, -97.792382 30.410003, -97.792325 30.410186, -97.792237 30.410478, -97.792158 30.410754, -97.792145 30.410899, -97.79219 30.411111, -97.792212 30.411197, -97.792419 30.412744, -97.792882 30.413375, -97.79461 30.414916, -97.795042 30.41523, -97.795249 30.41551, -97.795265 30.415582, -97.795275 30.415748))",52.6,2701.0,186313.0,73.0,39.0,4713115.205825166,0.0005730816842036249
"POLYGON ((-97.601267 30.457133, -97.598792 30.461056, -97.598502 30.461517, -97.59767 30.462848, -97.597588 30.462977, -97.596897 30.464084, -97.596533 30.464421, -97.596134 30.464672, -97.595753 30.46483, -97.595325 30.464886, -97.595158 30.464895, -97.594963 30.464895, -97.59474 30.464877, -97.594108 30.464895, -97.59363 30.464909, -97.59359 30.465336, -97.593561 30.465723, -97.593504 30.46611, -97.593364 30.466838, -97.5932 30.467641, -97.59316 30.467924, -97.592787 30.46937, -97.592101 30.471157, -97.591951 30.471507, -97.591865 30.471708, -97.591784 30.471896, -97.591662 30.47218, -97.591098 30.471655, -97.590912 30.471454, -97.589883 30.470186, -97.589805 30.470047, -97.588847 30.469583, -97.587083 30.468731, -97.587029 30.468705, -97.584997 30.467722, -97.584601 30.467534, -97.583228 30.466884, -97.582656 30.466613, -97.582562 30.466568, -97.581855 30.466233, -97.579813 30.46528, -97.577554 30.464226, -97.574778 30.462918, -97.574702 30.462882, -97.575255 30.462021, -97.575606 30.461478, -97.575709 30.461318, -97.57581 30.461038, -97.575921 30.460582, -97.575927 30.460128, -97.575927 30.460064, -97.575937 30.459472, -97.57599 30.459229, -97.576026 30.45911, -97.576114 30.458866, -97.576196 30.458715, -97.576328 30.458499, -97.576461 30.458327, -97.576689 30.458082, -97.576985 30.457852, -97.577134 30.45776, -97.577329 30.457651, -97.577555 30.457546, -97.577827 30.457434, -97.577964 30.457397, -97.578193 30.457355, -97.578476 30.457324, -97.578659 30.457304, -97.578951 30.45731, -97.579232 30.457329, -97.579529 30.45738, -97.579834 30.457472, -97.580272 30.457626, -97.580708 30.457787, -97.580923 30.457854, -97.581223 30.457924, -97.581568 30.457972, -97.581749 30.457985, -97.582297 30.457976, -97.582802 30.457965, -97.583383 30.457937, -97.583819 30.45794, -97.58423 30.457912, -97.584587 30.457934, -97.58494 30.458062, -97.585261 30.45823, -97.585548 30.458505, -97.585938 30.459085, -97.586182 30.458966, -97.587042 30.458476, -97.587294 30.458332, -97.587401 30.458269, -97.587605 30.458153, -97.587898 30.457937, -97.588209 30.457656, -97.58832 30.457561, -97.588521 30.457393, -97.588793 30.457157, -97.588982 30.456986, -97.589107 30.456884, -97.589233 30.4568, -97.589631 30.456577, -97.589403 30.45617, -97.589245 30.455749, -97.589191 30.455501, -97.589185 30.455205, -97.589257 30.454597, -97.589379 30.454038, -97.589499 30.45338, -97.589523 30.452889, -97.589502 30.452765, -97.589439 30.452398, -97.589383 30.452173, -97.589212 30.451476, -97.589092 30.45095, -97.589056 30.450614, -97.589116 30.450327, -97.589391 30.449764, -97.58964 30.449386, -97.593129 30.451229, -97.59343 30.451388, -97.593918 30.451645, -97.594009 30.451693, -97.594547 30.451978, -97.594641 30.452028, -97.594711 30.45206, -97.595046 30.452226, -97.595186 30.452296, -97.595566 30.452486, -97.595756 30.452581, -97.59637 30.452887, -97.598203 30.453823, -97.598531 30.453991, -97.600971 30.455238, -97.602064 30.455899, -97.601267 30.457133))",45.0,2903.0,139102.0,148.0,146.0,2901457.0319551933,0.0010005317907616116
"POLYGON ((-97.635455 30.456271, -97.634927 30.457106, -97.634681 30.457514, -97.634459 30.457918, -97.634305 30.458275, -97.634213 30.458784, -97.634176 30.458914, -97.634174 30.459162, -97.634298 30.4605, -97.6343 30.460593, -97.634428 30.461472, -97.634442 30.461592, -97.634451 30.461784, -97.634454 30.46205, -97.634406 30.462315, -97.63438 30.462386, -97.634353 30.462517, -97.634304 30.462698, -97.634263 30.462824, -97.634161 30.463057, -97.634059 30.463262, -97.633962 30.463428, -97.633839 30.463603, -97.633811 30.463642, -97.633721 30.46376, -97.633594 30.463911, -97.633427 30.464093, -97.63321 30.464287, -97.632873 30.464533, -97.632739 30.464615, -97.632567 30.464711, -97.632409 30.46483, -97.6314 30.465387, -97.631122 30.465578, -97.630934 30.465723, -97.630752 30.465881, -97.630592 30.466037, -97.630394 30.466244, -97.630262 30.466417, -97.630128 30.466627, -97.629883 30.467009, -97.629732 30.466937, -97.629361 30.466762, -97.627557 30.465906, -97.626745 30.465281, -97.625874 30.464275, -97.625144 30.463641, -97.624219 30.462973, -97.623682 30.462702, -97.623614 30.462668, -97.623156 30.462436, -97.62246 30.462118, -97.622287 30.462035, -97.621723 30.461766, -97.619259 30.460594, -97.618827 30.460388, -97.617591 30.459863, -97.61703 30.459601, -97.616544 30.459388, -97.616037 30.459154, -97.616354 30.458636, -97.616506 30.458151, -97.616593 30.457764, -97.616652 30.456929, -97.616764 30.455921, -97.617457 30.455979, -97.6178 30.455951, -97.618034 30.455897, -97.618867 30.455464, -97.62052 30.454598, -97.62106 30.454361, -97.621485 30.45431, -97.62183 30.454314, -97.621946 30.454316, -97.622289 30.454322, -97.622501 30.454321, -97.622607 30.454322, -97.623252 30.454241, -97.623708 30.454073, -97.625378 30.453444, -97.62621 30.453142, -97.626508 30.453065, -97.626638 30.453032, -97.627364 30.452989, -97.627788 30.452997, -97.628442 30.453094, -97.628685 30.453184, -97.62943 30.453459, -97.630244 30.453864, -97.632322 30.454816, -97.632659 30.45497, -97.633384 30.455323, -97.633866 30.455551, -97.634292 30.45575, -97.634968 30.456065, -97.635455 30.456271))",33.9,4613.0,155417.0,763.0,196.0,1727645.5215189327,0.002670107925811243
"POLYGON ((-97.746817 30.179755, -97.746684 30.180625, -97.746577 30.181017, -97.746294 30.181496, -97.745737 30.182334, -97.745679 30.182415, -97.745502 30.182696, -97.74527 30.183064, -97.74522 30.18314, -97.745175 30.183219, -97.745143 30.183273, -97.744927 30.183632, -97.744786 30.183943, -97.744408 30.184536, -97.744296 30.184712, -97.743384 30.186143, -97.742598 30.187375, -97.742192 30.188007, -97.74119 30.189578, -97.740284 30.190963, -97.739863 30.191692, -97.739749 30.191869, -97.738958 30.193095, -97.738908 30.193173, -97.738882 30.193213, -97.738857 30.193254, -97.738777 30.193216, -97.738097 30.192894, -97.737444 30.192561, -97.73734 30.192512, -97.737263 30.192471, -97.735834 30.191781, -97.735706 30.191733, -97.735609 30.191673, -97.734721 30.191254, -97.734626 30.191205, -97.734523 30.191159, -97.734157 30.190983, -97.734046 30.190937, -97.733942 30.190897, -97.733608 30.190787, -97.733132 30.190714, -97.733014 30.190706, -97.732904 30.190708, -97.732257 30.190785, -97.731763 30.190997, -97.73127 30.191278, -97.731184 30.191323, -97.731095 30.191375, -97.730096 30.191929, -97.729323 30.192367, -97.72904 30.192527, -97.72883 30.192647, -97.728023 30.193108, -97.727606 30.193421, -97.726652 30.194318, -97.726571 30.194396, -97.726262 30.194763, -97.724178 30.198339, -97.724002 30.198622, -97.723824 30.19884, -97.723655 30.199045, -97.723278 30.199488, -97.72256 30.200305, -97.722021 30.200877, -97.721694 30.201201, -97.721294 30.201531, -97.721026 30.2017, -97.720662 30.201925, -97.720041 30.202312, -97.71938 30.202695, -97.718827 30.203052, -97.718378 30.20336, -97.717865 30.203816, -97.717627 30.204104, -97.717425 30.204405, -97.716601 30.205573, -97.71652 30.20553, -97.715913 30.205214, -97.713969 30.204237, -97.713537 30.204043, -97.712957 30.203736, -97.712287 30.203361, -97.711526 30.202929, -97.710628 30.202338, -97.710305 30.202023, -97.709232 30.201143, -97.709092 30.201027, -97.708853 30.200827, -97.7071 30.199364, -97.706093 30.198524, -97.705083 30.197682, -97.704925 30.197551, -97.704767 30.197418, -97.704128 30.196877, -97.70406 30.19682, -97.704047 30.196809, -97.703595 30.196426, -97.703567 30.196402, -97.702983 30.195908, -97.701942 30.195027, -97.701417 30.194584, -97.700846 30.194101, -97.699058 30.192589, -97.698458 30.192064, -97.698428 30.192038, -97.698371 30.191989, -97.698328 30.191935, -97.698401 30.19188, -97.698432 30.191855, -97.698528 30.191776, -97.698743 30.1916, -97.699813 30.190676, -97.699904 30.190606, -97.700056 30.19047, -97.700235 30.190318, -97.70045 30.190139, -97.70069 30.189978, -97.700902 30.189849, -97.701201 30.18974, -97.701363 30.189693, -97.7015 30.189659, -97.701772 30.189608, -97.702023 30.189589, -97.702173 30.189592, -97.702409 30.189603, -97.70289 30.189648, -97.70299 30.189652, -97.703072 30.189658, -97.705679 30.189826, -97.708742 30.190023, -97.709042 30.190046, -97.709224 30.190047, -97.70951 30.19004, -97.709718 30.190026, -97.709933 30.190006, -97.710105 30.189984, -97.710536 30.1899, -97.711011 30.189767, -97.711195 30.189706, -97.711446 30.189602, -97.711636 30.189522, -97.711842 30.18943, -97.71202 30.189331, -97.712136 30.189259, -97.712296 30.189169, -97.712591 30.188961, -97.712825 30.18878, -97.712992 30.18863, -97.713326 30.188332, -97.713436 30.188228, -97.713858 30.187833, -97.714474 30.187243, -97.714899 30.186848, -97.71545 30.186307, -97.716297 30.185514, -97.716707 30.18514, -97.717377 30.184528, -97.717594 30.184322, -97.717603 30.184314, -97.717616 30.184302, -97.717675 30.184362, -97.717757 30.184286, -97.719038 30.183092, -97.719075 30.183056, -97.719387 30.182756, -97.719625 30.18252, -97.719916 30.182159, -97.720225 30.181743, -97.720429 30.181421, -97.720708 30.180937, -97.720877 30.18053, -97.720959 30.180331, -97.721078 30.180007, -97.721148 30.179736, -97.721228 30.179357, -97.721238 30.179291, -97.721516 30.177378, -97.721563 30.176927, -97.722051 30.173211, -97.722108 30.172522, -97.722108 30.172453, -97.722117 30.172403, -97.722421 30.170766, -97.722461 30.170612, -97.722465 30.170591, -97.723025 30.167962, -97.723112 30.16763, -97.723192 30.167435, -97.723244 30.167323, -97.723386 30.167106, -97.723305 30.167086, -97.723799 30.166281, -97.723837 30.166224, -97.723849 30.166205, -97.723927 30.166088, -97.723982 30.166006, -97.724501 30.165203, -97.724828 30.164671, -97.725402 30.163743, -97.72549 30.16366, -97.725812 30.16319, -97.727657 30.160295, -97.728252 30.159362, -97.728579 30.15885, -97.729841 30.156863, -97.730999 30.157442, -97.732878 30.158322, -97.734439 30.159053, -97.735988 30.159778, -97.736173 30.159865, -97.736227 30.160114, -97.736298 30.160354, -97.736321 30.160484, -97.736333 30.160597, -97.736327 30.160834, -97.736302 30.160965, -97.736262 30.161135, -97.736189 30.161356, -97.736107 30.161573, -97.736021 30.161859, -97.736001 30.162007, -97.735988 30.162141, -97.73601 30.162293, -97.736047 30.162418, -97.736166 30.162637, -97.736265 30.162741, -97.736411 30.162868, -97.736573 30.16297, -97.736831 30.16311, -97.73871 30.16407, -97.741634 30.165551, -97.740703 30.166992, -97.739861 30.168333, -97.739383 30.168648, -97.738748 30.168876, -97.738373 30.169011, -97.73874 30.169718, -97.739094 30.170544, -97.73929 30.170904, -97.739459 30.171158, -97.739634 30.171391, -97.740163 30.171989, -97.740851 30.17273, -97.741078 30.172985, -97.741385 30.173328, -97.742227 30.174248, -97.742708 30.174735, -97.743089 30.175259, -97.743322 30.175603, -97.743677 30.176148, -97.744182 30.176821, -97.744638 30.177427, -97.745103 30.178013, -97.745124 30.17804, -97.745799 30.178804, -97.745965 30.178999, -97.746273 30.179282, -97.746631 30.179617, -97.746815 30.1797, -97.746817 30.179755))",34.9,2839.0,80000.0,179.0,18.0,10029032.028829293,0.000283078166650486
"POLYGON ((-97.76528 30.26507, -97.765088 30.265148, -97.765032 30.265176, -97.764964 30.265184, -97.764947 30.265195, -97.764935 30.265211, -97.764788 30.265291, -97.76471 30.26532, -97.764621 30.265346, -97.764545 30.265375, -97.76444 30.265424, -97.764368 30.265463, -97.764285 30.265483, -97.764229 30.265517, -97.764033 30.265631, -97.763846 30.265732, -97.763785 30.265785, -97.763688 30.265838, -97.763618 30.265856, -97.76347 30.265955, -97.763378 30.266, -97.763254 30.266077, -97.763169 30.266119, -97.763126 30.266136, -97.763008 30.266161, -97.762949 30.266185, -97.762839 30.266253, -97.762773 30.266279, -97.762692 30.266301, -97.762502 30.266391, -97.762445 30.266428, -97.762326 30.26649, -97.762234 30.266529, -97.762157 30.266574, -97.761983 30.266663, -97.761827 30.266754, -97.761376 30.267035, -97.761034 30.267268, -97.760657 30.267526, -97.759923 30.267226, -97.75885 30.266789, -97.757735 30.266296, -97.756686 30.265743, -97.756611 30.265703, -97.756545 30.265668, -97.755984 30.26542, -97.755365 30.265212, -97.754792 30.265043, -97.754549 30.264987, -97.754495 30.264975, -97.754589 30.264816, -97.754816 30.264435, -97.755074 30.263995, -97.755145 30.263874, -97.755205 30.263772, -97.756283 30.261932, -97.756765 30.261124, -97.757073 30.260608, -97.757827 30.260742, -97.7585 30.260928, -97.759158 30.261176, -97.760019 30.261523, -97.761494 30.261992, -97.76367 30.263807, -97.764146 30.264133, -97.764988 30.264769, -97.765372 30.265031, -97.76528 30.26507))",35.3,1469.0,148333.0,0.0,51.0,434895.1332950848,0.0033778257964621897
"POLYGON ((-97.650859 30.13389, -97.650799 30.13392, -97.650689 30.134004, -97.650641 30.134054, -97.650567 30.134157, -97.650531 30.134179, -97.650432 30.134218, -97.650334 30.134243, -97.650141 30.134254, -97.649971 30.134285, -97.64988 30.134314, -97.649761 30.134365, -97.64968 30.134383, -97.649625 30.134388, -97.649531 30.134369, -97.64947 30.134381, -97.649412 30.134408, -97.649392 30.134426, -97.64937 30.134461, -97.649324 30.134499, -97.649281 30.13452, -97.649229 30.134529, -97.649121 30.134534, -97.648931 30.134564, -97.648837 30.134566, -97.648735 30.134553, -97.648633 30.134526, -97.648538 30.134487, -97.648455 30.134437, -97.648407 30.134399, -97.648286 30.134286, -97.64825 30.134275, -97.648202 30.134269, -97.648116 30.134253, -97.647988 30.134228, -97.647901 30.134221, -97.647832 30.134224, -97.647713 30.134228, -97.647665 30.134236, -97.647635 30.134251, -97.647617 30.134272, -97.647605 30.134304, -97.647605 30.134348, -97.647626 30.134399, -97.647619 30.134427, -97.647585 30.134485, -97.647588 30.134503, -97.647584 30.134567, -97.647568 30.134627, -97.647537 30.134671, -97.64748 30.134711, -97.647405 30.134747, -97.647361 30.134762, -97.647238 30.134805, -97.647197 30.134811, -97.647115 30.134802, -97.647064 30.134787, -97.64695 30.134735, -97.646906 30.134725, -97.646876 30.134726, -97.64685 30.134742, -97.646826 30.134776, -97.646818 30.134807, -97.646817 30.134863, -97.646808 30.13488, -97.646734 30.134942, -97.646614 30.135029, -97.646577 30.135074, -97.646534 30.135141, -97.646364 30.135293, -97.646258 30.135395, -97.646219 30.135419, -97.646188 30.135428, -97.646162 30.135422, -97.646113 30.135402, -97.646066 30.135407, -97.646028 30.135424, -97.646004 30.135448, -97.645986 30.135499, -97.64597 30.135577, -97.645933 30.135705, -97.645913 30.135738, -97.645892 30.135754, -97.645867 30.13576, -97.645542 30.135763, -97.645495 30.135773, -97.645451 30.135792, -97.645425 30.135813, -97.645406 30.135847, -97.645389 30.135948, -97.645386 30.135993, -97.645389 30.136031, -97.645328 30.136097, -97.645291 30.136164, -97.64527 30.136228, -97.645267 30.136249, -97.645266 30.136286, -97.645284 30.136403, -97.645327 30.136574, -97.645364 30.136677, -97.645382 30.136704, -97.645411 30.136724, -97.645573 30.136774, -97.645583 30.136797, -97.645583 30.136915, -97.645568 30.136971, -97.645546 30.136992, -97.645498 30.137028, -97.645474 30.137078, -97.645467 30.137113, -97.645476 30.137171, -97.645495 30.137219, -97.645532 30.137276, -97.645535 30.137324, -97.645523 30.137423, -97.645528 30.137545, -97.645546 30.137652, -97.64556 30.137702, -97.645613 30.137795, -97.645637 30.137877, -97.645641 30.137947, -97.64563 30.13801, -97.645603 30.138073, -97.645562 30.138122, -97.64555 30.138171, -97.645539 30.138266, -97.64554 30.138355, -97.64552 30.138402, -97.645471 30.138468, -97.645428 30.138558, -97.645401 30.138593, -97.645308 30.138672, -97.64521 30.138744, -97.645168 30.138785, -97.645141 30.138825, -97.645025 30.13905, -97.644971 30.139043, -97.644932 30.139052, -97.644855 30.139102, -97.644727 30.139172, -97.644461 30.139267, -97.644389 30.139284, -97.643974 30.139334, -97.643934 30.139353, -97.643762 30.139509, -97.643696 30.139585, -97.643659 30.139611, -97.64361 30.139632, -97.643505 30.139666, -97.643485 30.139659, -97.643347 30.139577, -97.643298 30.139567, -97.64324 30.13957, -97.643193 30.139584, -97.643148 30.139614, -97.643126 30.139659, -97.64309 30.13968, -97.643068 30.139683, -97.642868 30.139679, -97.642835 30.139687, -97.642816 30.139704, -97.642792 30.139736, -97.642761 30.139789, -97.642709 30.139843, -97.642552 30.139944, -97.642499 30.139969, -97.642257 30.140003, -97.642216 30.140014, -97.642189 30.140038, -97.642154 30.140094, -97.642128 30.140152, -97.642098 30.140212, -97.642056 30.140256, -97.642043 30.140282, -97.642035 30.140329, -97.642024 30.140547, -97.642015 30.14058, -97.64198 30.140632, -97.641945 30.140667, -97.641859 30.140725, -97.641847 30.14074, -97.641854 30.140768, -97.641829 30.140861, -97.641792 30.140898, -97.641639 30.141249, -97.641602 30.141384, -97.641534 30.141751, -97.641486 30.141934, -97.641486 30.141961, -97.641505 30.142004, -97.641531 30.142033, -97.641583 30.142067, -97.64168 30.142121, -97.641702 30.142143, -97.641709 30.142176, -97.641701 30.142219, -97.641669 30.142277, -97.641631 30.142319, -97.64145 30.142497, -97.641288 30.142649, -97.641245 30.142691, -97.641233 30.142715, -97.641225 30.142849, -97.641228 30.142929, -97.641241 30.142987, -97.641238 30.143088, -97.641222 30.143105, -97.641049 30.14317, -97.640943 30.143198, -97.640926 30.143211, -97.640927 30.143243, -97.640937 30.143301, -97.640952 30.143328, -97.640977 30.14335, -97.641051 30.143383, -97.641084 30.143409, -97.641096 30.143441, -97.641094 30.143474, -97.641076 30.143546, -97.64105 30.143611, -97.641033 30.14363, -97.641005 30.14365, -97.640865 30.143725, -97.640808 30.14377, -97.640635 30.143945, -97.640567 30.144003, -97.640487 30.144081, -97.64041 30.14414, -97.639902 30.144422, -97.639694 30.144551, -97.639587 30.144624, -97.639225 30.144845, -97.639098 30.144902, -97.639001 30.144959, -97.638925 30.145053, -97.638894 30.14507, -97.638842 30.145091, -97.638711 30.145172, -97.63868 30.145204, -97.638657 30.145247, -97.638645 30.145296, -97.638641 30.145354, -97.638626 30.145391, -97.638603 30.145424, -97.638492 30.145517, -97.638362 30.145617, -97.638317 30.145637, -97.638213 30.145667, -97.638163 30.145664, -97.637943 30.145628, -97.637908 30.145629, -97.637441 30.145702, -97.637295 30.145702, -97.637174 30.145695, -97.637113 30.145683, -97.637063 30.145663, -97.637039 30.145648, -97.636957 30.14565, -97.63691 30.145621, -97.636865 30.145583, -97.636797 30.145565, -97.636648 30.145549, -97.636558 30.145563, -97.636497 30.145603, -97.636431 30.145638, -97.636395 30.145635, -97.63632 30.145603, -97.636201 30.145567, -97.636128 30.145551, -97.636078 30.145525, -97.635944 30.145502, -97.635827 30.145477, -97.63574 30.145466, -97.635638 30.145442, -97.635557 30.145575, -97.635497 30.145691, -97.635444 30.145767, -97.635372 30.145856, -97.635335 30.145896, -97.635308 30.146001, -97.635293 30.146061, -97.635187 30.146267, -97.635145 30.146375, -97.635012 30.146618, -97.635003 30.146652, -97.634997 30.146727, -97.634965 30.146891, -97.634922 30.146999, -97.634852 30.147124, -97.634847 30.147151, -97.63486 30.147181, -97.634914 30.147258, -97.634969 30.147446, -97.635 30.147507, -97.635003 30.147571, -97.634996 30.147805, -97.634999 30.147836, -97.635018 30.14789, -97.635047 30.147941, -97.635066 30.148047, -97.635054 30.148086, -97.634942 30.148275, -97.634927 30.148301, -97.634914 30.148349, -97.634907 30.148576, -97.634913 30.148659, -97.634896 30.148719, -97.634857 30.148812, -97.634854 30.148907, -97.634848 30.148961, -97.634812 30.149105, -97.634813 30.149142, -97.634827 30.149167, -97.634879 30.149221, -97.634917 30.149236, -97.635073 30.14926, -97.635113 30.14928, -97.63513 30.149302, -97.635136 30.149341, -97.635129 30.149376, -97.635039 30.149524, -97.635023 30.149576, -97.635022 30.14961, -97.635037 30.149674, -97.635068 30.149738, -97.635096 30.149773, -97.635116 30.149779, -97.63526 30.149792, -97.635285 30.149804, -97.635354 30.150006, -97.635378 30.15005, -97.635408 30.150088, -97.635422 30.150123, -97.635387 30.150256, -97.635395 30.150295, -97.63548 30.150437, -97.635498 30.150491, -97.635499 30.150569, -97.635491 30.150726, -97.635501 30.150847, -97.635499 30.150906, -97.635483 30.150981, -97.635457 30.151035, -97.635427 30.151079, -97.635404 30.151101, -97.635358 30.151122, -97.635286 30.151129, -97.635155 30.151127, -97.635039 30.151139, -97.635001 30.151146, -97.634887 30.151178, -97.634742 30.151196, -97.634646 30.151195, -97.634627 30.151207, -97.634594 30.151248, -97.63456 30.151314, -97.634534 30.151411, -97.634519 30.151448, -97.634501 30.151492, -97.634474 30.151547, -97.634431 30.151614, -97.634336 30.151723, -97.634275 30.151775, -97.634249 30.151816, -97.634236 30.151861, -97.634234 30.151927, -97.634215 30.151986, -97.634192 30.152023, -97.634195 30.152051, -97.63422 30.152138, -97.634213 30.152155, -97.634191 30.152182, -97.634176 30.152215, -97.634174 30.152257, -97.634145 30.152314, -97.63401 30.15251, -97.633946 30.152613, -97.633859 30.152721, -97.633586 30.1531, -97.633537 30.153181, -97.633442 30.153292, -97.633332 30.153409, -97.633284 30.15347, -97.633256 30.153519, -97.633177 30.153593, -97.633077 30.153713, -97.63306 30.153748, -97.63304 30.153808, -97.633003 30.153852, -97.632934 30.153905, -97.632918 30.153927, -97.632884 30.15398, -97.63275 30.154163, -97.632585 30.154407, -97.632473 30.154635, -97.632424 30.154693, -97.632363 30.154858, -97.632401 30.154971, -97.632424 30.155093, -97.632437 30.155134, -97.632431 30.155164, -97.63242 30.155188, -97.632348 30.155287, -97.632314 30.155351, -97.632313 30.155362, -97.632308 30.155401, -97.632288 30.155471, -97.632253 30.155533, -97.632214 30.155628, -97.632198 30.155655, -97.632169 30.155646, -97.632136 30.155629, -97.632084 30.155632, -97.632058 30.155673, -97.632071 30.155736, -97.631982 30.155907, -97.631879 30.155944, -97.631647 30.156043, -97.631609 30.156102, -97.631581 30.156118, -97.63153 30.156113, -97.631504 30.156071, -97.631481 30.156068, -97.631403 30.156131, -97.631324 30.156043, -97.63132 30.156019, -97.631333 30.155995, -97.631371 30.155958, -97.631366 30.15593, -97.631336 30.155913, -97.63121 30.155876, -97.631192 30.155907, -97.631187 30.155925, -97.631172 30.155938, -97.631088 30.155975, -97.630942 30.156058, -97.630878 30.156106, -97.630858 30.15613, -97.630852 30.156148, -97.630854 30.15619, -97.63087 30.156248, -97.630933 30.156275, -97.630949 30.156287, -97.630956 30.156311, -97.630853 30.156465, -97.630677 30.156658, -97.630599 30.15677, -97.630589 30.156807, -97.630596 30.15685, -97.630687 30.156943, -97.630755 30.157026, -97.630804 30.157078, -97.630811 30.157106, -97.630798 30.15716, -97.630778 30.157186, -97.630738 30.157221, -97.630681 30.157262, -97.630671 30.157278, -97.630664 30.157376, -97.630668 30.157464, -97.630664 30.157495, -97.630512 30.157755, -97.630424 30.157923, -97.630421 30.157999, -97.630463 30.158047, -97.630484 30.158081, -97.630487 30.158109, -97.63047 30.158204, -97.630489 30.15838, -97.630484 30.158524, -97.630465 30.158788, -97.630428 30.159011, -97.63036 30.159232, -97.630314 30.15947, -97.630329 30.15962, -97.63032 30.159672, -97.63022 30.159883, -97.630202 30.159933, -97.630196 30.159951, -97.630194 30.159969, -97.630211 30.160051, -97.630249 30.160179, -97.630251 30.16021, -97.630241 30.160235, -97.630211 30.160242, -97.630193 30.160225, -97.630165 30.160223, -97.630135 30.160231, -97.6301 30.160258, -97.630061 30.160339, -97.63003 30.160404, -97.630026 30.160422, -97.630085 30.160463, -97.63011 30.16049, -97.630116 30.160516, -97.630107 30.160545, -97.630073 30.1606, -97.630036 30.160635, -97.629989 30.160667, -97.629968 30.160671, -97.629919 30.160662, -97.629847 30.160641, -97.629806 30.160643, -97.62977 30.160657, -97.629637 30.160781, -97.629498 30.160919, -97.629489 30.16094, -97.629481 30.161129, -97.629497 30.161166, -97.629488 30.161196, -97.629472 30.161214, -97.629438 30.161241, -97.629427 30.16128, -97.629394 30.161447, -97.62937 30.161507, -97.629335 30.161569, -97.629283 30.161631, -97.629276 30.161657, -97.629279 30.161678, -97.629332 30.161789, -97.629334 30.161815, -97.629324 30.161834, -97.629301 30.161846, -97.62926 30.161838, -97.629212 30.161843, -97.629089 30.161877, -97.62904 30.161896, -97.628952 30.161944, -97.628894 30.161993, -97.62882 30.16209, -97.628791 30.162167, -97.628731 30.162377, -97.628628 30.1625, -97.628584 30.162539, -97.628426 30.162628, -97.628251 30.162748, -97.628192 30.162798, -97.628134 30.162861, -97.62806 30.162966, -97.627875 30.163317, -97.627791 30.163427, -97.627684 30.163705, -97.627674 30.163722, -97.627651 30.163741, -97.627571 30.163756, -97.627514 30.163754, -97.627409 30.163762, -97.627332 30.163801, -97.627278 30.163849, -97.627224 30.163933, -97.627208 30.163961, -97.627144 30.164039, -97.627125 30.164052, -97.627065 30.164073, -97.62703 30.164075, -97.626994 30.164072, -97.626972 30.16406, -97.626965 30.164043, -97.626949 30.163925, -97.626932 30.163913, -97.626882 30.163902, -97.62673 30.163918, -97.62672 30.163934, -97.626705 30.163991, -97.62675 30.164103, -97.626753 30.164121, -97.626748 30.164141, -97.62671 30.164182, -97.62669 30.164187, -97.626619 30.164192, -97.626599 30.164185, -97.626551 30.164158, -97.626491 30.164142, -97.626406 30.164164, -97.626132 30.164179, -97.626067 30.164154, -97.625898 30.164128, -97.625561 30.164149, -97.625268 30.164175, -97.625091 30.164231, -97.62493 30.16424, -97.624766 30.164225, -97.624731 30.164217, -97.624721 30.164185, -97.62472 30.164096, -97.624665 30.163992, -97.624457 30.163866, -97.624162 30.163724, -97.623969 30.16365, -97.623886 30.163659, -97.623822 30.163666, -97.623784 30.163681, -97.623708 30.163728, -97.623577 30.163938, -97.623424 30.164168, -97.623411 30.164182, -97.623388 30.164189, -97.623348 30.164189, -97.62328 30.164118, -97.623168 30.164112, -97.623003 30.164206, -97.622817 30.164215, -97.622675 30.164235, -97.622655 30.164242, -97.622601 30.164282, -97.622523 30.164349, -97.622443 30.164465, -97.622429 30.164479, -97.622239 30.164616, -97.622173 30.164664, -97.622071 30.16485, -97.621856 30.165064, -97.621837 30.165072, -97.621696 30.165059, -97.621674 30.165048, -97.621522 30.164949, -97.621366 30.164879, -97.621345 30.164876, -97.621161 30.164875, -97.620832 30.164914, -97.620384 30.164933, -97.620361 30.164931, -97.620154 30.164886, -97.61994 30.164881, -97.619677 30.164919, -97.619531 30.164919, -97.619129 30.164828, -97.619071 30.164815, -97.618408 30.164734, -97.618379 30.164728, -97.618305 30.164713, -97.618203 30.164654, -97.618132 30.16462, -97.617911 30.164613, -97.61767 30.164657, -97.617494 30.164678, -97.617314 30.164726, -97.617208 30.164729, -97.61706 30.164778, -97.617042 30.164787, -97.617033 30.164806, -97.617008 30.164821, -97.616746 30.164812, -97.616372 30.164858, -97.615743 30.164912, -97.61521 30.164928, -97.614916 30.164977, -97.614897 30.164985, -97.614654 30.165146, -97.614445 30.165205, -97.614261 30.165215, -97.611091 30.163698, -97.609996 30.163175, -97.608143 30.162256, -97.608073 30.162221, -97.604189 30.160555, -97.60415 30.160538, -97.603931 30.160445, -97.603376 30.160207, -97.602383 30.159575, -97.602002 30.159332, -97.600195 30.158183, -97.599572 30.157865, -97.598963 30.157555, -97.596967 30.156539, -97.596724 30.156415, -97.59279 30.154645, -97.592103 30.154336, -97.588352 30.152822, -97.587047 30.152178, -97.586725 30.15202, -97.586228 30.151767, -97.58395 30.150608, -97.582767 30.150023, -97.580475 30.148888, -97.578995 30.148179, -97.578075 30.147337, -97.578008 30.147285, -97.577017 30.146513, -97.576769 30.146319, -97.575376 30.145696, -97.574933 30.145498, -97.573052 30.144677, -97.571365 30.143898, -97.571137 30.143749, -97.570886 30.143584, -97.569022 30.142363, -97.568425 30.141972, -97.568263 30.141784, -97.567998 30.141458, -97.568109 30.141354, -97.568235 30.141236, -97.57026 30.139334, -97.570392 30.139212, -97.573226 30.136587, -97.57632 30.133712, -97.579366 30.131124, -97.579384 30.131109, -97.5794 30.131096, -97.579415 30.131083, -97.579429 30.131071, -97.579481 30.131027, -97.579723 30.130804, -97.579868 30.130669, -97.581851 30.128829, -97.582072 30.128624, -97.582488 30.128242, -97.582686 30.128064, -97.582741 30.128014, -97.582752 30.128004, -97.583105 30.127686, -97.583641 30.127204, -97.584445 30.126481, -97.584531 30.126403, -97.584617 30.126325, -97.586173 30.12492, -97.586227 30.124871, -97.586368 30.124741, -97.586379 30.124731, -97.586395 30.124716, -97.586521 30.1246, -97.587163 30.12401, -97.587645 30.123569, -97.590082 30.121332, -97.592261 30.119331, -97.592898 30.118746, -97.593487 30.118213, -97.59355 30.118156, -97.594127 30.117633, -97.596663 30.115316, -97.596905 30.115095, -97.597009 30.115, -97.59702 30.11499, -97.59703 30.114981, -97.597046 30.114966, -97.598675 30.113477, -97.598966 30.113214, -97.599176 30.113023, -97.59928 30.112928, -97.600845 30.111501, -97.601802 30.110627, -97.6038 30.108805, -97.604163 30.108478, -97.606533 30.10634, -97.609464 30.103697, -97.609749 30.103447, -97.609899 30.103344, -97.61045 30.102985, -97.610514 30.102939, -97.610571 30.102899, -97.610744 30.102775, -97.610779 30.10275, -97.611792 30.102814, -97.613092 30.102896, -97.613591 30.102982, -97.614027 30.103093, -97.614534 30.103269, -97.615085 30.103561, -97.618921 30.106793, -97.622545 30.109845, -97.622936 30.110175, -97.624994 30.111957, -97.626027 30.112809, -97.626135 30.112903, -97.628952 30.115341, -97.630618 30.116784, -97.63218 30.118033, -97.632453 30.118251, -97.632615 30.11838, -97.635026 30.120495, -97.63526 30.1207, -97.636324 30.121596, -97.637231 30.122359, -97.637419 30.122518, -97.637683 30.12274, -97.637822 30.122857, -97.640305 30.124948, -97.640631 30.125402, -97.641328 30.126375, -97.642059 30.127562, -97.642739 30.128507, -97.643251 30.12933, -97.64362 30.129886, -97.643797 30.13013, -97.643992 30.130311, -97.64419 30.130521, -97.644971 30.130935, -97.645087 30.130991, -97.645309 30.131098, -97.646138 30.131498, -97.647136 30.13198, -97.648895 30.132829, -97.649017 30.132888, -97.649112 30.132934, -97.649869 30.1333, -97.650974 30.133833, -97.650859 30.13389))",31.5,4880.0,89008.0,35.0,28.0,29675058.3250974,0.00016444786549493607
"POLYGON ((-97.692987 30.164246, -97.692378 30.166455, -97.692355 30.166538, -97.692108 30.167433, -97.691959 30.167971, -97.691574 30.169368, -97.691124 30.170932, -97.69032 30.1738, -97.690077 30.174664, -97.690052 30.174752, -97.689487 30.176765, -97.689183 30.177852, -97.689135 30.178025, -97.688534 30.180062, -97.687824 30.182733, -97.687796 30.182843, -97.687754 30.183, -97.687521 30.182841, -97.68699 30.182625, -97.6869 30.182588, -97.685884 30.181425, -97.685817 30.18136, -97.685584 30.181131, -97.685305 30.180845, -97.684414 30.179974, -97.684006 30.179616, -97.683467 30.179231, -97.683019 30.178899, -97.682129 30.178235, -97.681692 30.177957, -97.681345 30.177639, -97.680922 30.176939, -97.680642 30.176617, -97.68027 30.176348, -97.679798 30.176231, -97.679285 30.176098, -97.679189 30.176073, -97.677279 30.175692, -97.676661 30.175407, -97.675004 30.174642, -97.674638 30.174494, -97.674398 30.174398, -97.674084 30.174273, -97.673768 30.174147, -97.673343 30.173978, -97.673078 30.173872, -97.672682 30.173751, -97.672058 30.17356, -97.670588 30.173108, -97.669968 30.172875, -97.669637 30.172751, -97.669319 30.172631, -97.668998 30.172511, -97.668747 30.17241, -97.668142 30.172168, -97.668006 30.172114, -97.667734 30.171999, -97.667303 30.171816, -97.666018 30.171273, -97.665899 30.171218, -97.665453 30.171036, -97.66503 30.170878, -97.663505 30.170337, -97.662807 30.17008, -97.66233 30.169872, -97.66204 30.169756, -97.661581 30.169471, -97.661523 30.169423, -97.660951 30.168945, -97.660768 30.168792, -97.659318 30.167359, -97.65911 30.167134, -97.658902 30.166929, -97.658726 30.166719, -97.65792 30.165674, -97.657687 30.165557, -97.653176 30.163305, -97.65279 30.163112, -97.652478 30.162956, -97.652231 30.162833, -97.651811 30.162623, -97.651495 30.162465, -97.65136 30.162398, -97.651258 30.162347, -97.650539 30.161988, -97.650257 30.161847, -97.650208 30.161822, -97.648556 30.161011, -97.645809 30.159732, -97.644302 30.15903, -97.644163 30.158966, -97.643678 30.158735, -97.643147 30.158469, -97.642477 30.158062, -97.642226 30.15786, -97.642014 30.157666, -97.641794 30.157421, -97.641603 30.157159, -97.641452 30.156916, -97.641264 30.156586, -97.64104 30.156126, -97.640928 30.155865, -97.640809 30.155515, -97.640729 30.155239, -97.640648 30.15497, -97.640533 30.154702, -97.640317 30.154432, -97.640033 30.154161, -97.639737 30.153953, -97.635619 30.151976, -97.634519 30.151448, -97.634534 30.151411, -97.63456 30.151314, -97.634594 30.151248, -97.634627 30.151207, -97.634646 30.151195, -97.634742 30.151196, -97.634887 30.151178, -97.635001 30.151146, -97.635039 30.151139, -97.635155 30.151127, -97.635286 30.151129, -97.635358 30.151122, -97.635404 30.151101, -97.635427 30.151079, -97.635457 30.151035, -97.635483 30.150981, -97.635499 30.150906, -97.635501 30.150847, -97.635491 30.150726, -97.635499 30.150569, -97.635498 30.150491, -97.63548 30.150437, -97.635395 30.150295, -97.635387 30.150256, -97.635422 30.150123, -97.635408 30.150088, -97.635378 30.15005, -97.635354 30.150006, -97.635285 30.149804, -97.63526 30.149792, -97.635116 30.149779, -97.635096 30.149773, -97.635068 30.149738, -97.635037 30.149674, -97.635022 30.14961, -97.635023 30.149576, -97.635039 30.149524, -97.635129 30.149376, -97.635136 30.149341, -97.63513 30.149302, -97.635113 30.14928, -97.635073 30.14926, -97.634917 30.149236, -97.634879 30.149221, -97.634827 30.149167, -97.634813 30.149142, -97.634812 30.149105, -97.634848 30.148961, -97.634854 30.148907, -97.634857 30.148812, -97.634896 30.148719, -97.634913 30.148659, -97.634907 30.148576, -97.634914 30.148349, -97.634927 30.148301, -97.634942 30.148275, -97.635054 30.148086, -97.635066 30.148047, -97.635047 30.147941, -97.635018 30.14789, -97.634999 30.147836, -97.634996 30.147805, -97.635003 30.147571, -97.635 30.147507, -97.634969 30.147446, -97.634914 30.147258, -97.63486 30.147181, -97.634847 30.147151, -97.634852 30.147124, -97.634922 30.146999, -97.634965 30.146891, -97.634997 30.146727, -97.635003 30.146652, -97.635012 30.146618, -97.635145 30.146375, -97.635187 30.146267, -97.635293 30.146061, -97.635308 30.146001, -97.635335 30.145896, -97.635372 30.145856, -97.635444 30.145767, -97.635497 30.145691, -97.635557 30.145575, -97.635638 30.145442, -97.63574 30.145466, -97.635827 30.145477, -97.635944 30.145502, -97.636078 30.145525, -97.636128 30.145551, -97.636201 30.145567, -97.63632 30.145603, -97.636395 30.145635, -97.636431 30.145638, -97.636497 30.145603, -97.636558 30.145563, -97.636648 30.145549, -97.636797 30.145565, -97.636865 30.145583, -97.63691 30.145621, -97.636957 30.14565, -97.637039 30.145648, -97.637063 30.145663, -97.637113 30.145683, -97.637174 30.145695, -97.637295 30.145702, -97.637441 30.145702, -97.637908 30.145629, -97.637943 30.145628, -97.638163 30.145664, -97.638213 30.145667, -97.638317 30.145637, -97.638362 30.145617, -97.638492 30.145517, -97.638603 30.145424, -97.638626 30.145391, -97.638641 30.145354, -97.638645 30.145296, -97.638657 30.145247, -97.63868 30.145204, -97.638711 30.145172, -97.638842 30.145091, -97.638894 30.14507, -97.638925 30.145053, -97.639001 30.144959, -97.639098 30.144902, -97.639225 30.144845, -97.639587 30.144624, -97.639694 30.144551, -97.639902 30.144422, -97.64041 30.14414, -97.640487 30.144081, -97.640567 30.144003, -97.640635 30.143945, -97.640808 30.14377, -97.640865 30.143725, -97.641005 30.14365, -97.641033 30.14363, -97.64105 30.143611, -97.641076 30.143546, -97.641094 30.143474, -97.641096 30.143441, -97.641084 30.143409, -97.641051 30.143383, -97.640977 30.14335, -97.640952 30.143328, -97.640937 30.143301, -97.640927 30.143243, -97.640926 30.143211, -97.640943 30.143198, -97.641049 30.14317, -97.641222 30.143105, -97.641238 30.143088, -97.641241 30.142987, -97.641228 30.142929, -97.641225 30.142849, -97.641233 30.142715, -97.641245 30.142691, -97.641288 30.142649, -97.64145 30.142497, -97.641631 30.142319, -97.641669 30.142277, -97.641701 30.142219, -97.641709 30.142176, -97.641702 30.142143, -97.64168 30.142121, -97.641583 30.142067, -97.641531 30.142033, -97.641505 30.142004, -97.641486 30.141961, -97.641486 30.141934, -97.641534 30.141751, -97.641602 30.141384, -97.641639 30.141249, -97.641792 30.140898, -97.641829 30.140861, -97.641854 30.140768, -97.641847 30.14074, -97.641859 30.140725, -97.641945 30.140667, -97.64198 30.140632, -97.642015 30.14058, -97.642024 30.140547, -97.642035 30.140329, -97.642043 30.140282, -97.642056 30.140256, -97.642098 30.140212, -97.642128 30.140152, -97.642154 30.140094, -97.642189 30.140038, -97.642216 30.140014, -97.642257 30.140003, -97.642499 30.139969, -97.642552 30.139944, -97.642709 30.139843, -97.642761 30.139789, -97.642792 30.139736, -97.642816 30.139704, -97.642835 30.139687, -97.642868 30.139679, -97.643068 30.139683, -97.64309 30.13968, -97.643126 30.139659, -97.643148 30.139614, -97.643193 30.139584, -97.64324 30.13957, -97.643298 30.139567, -97.643347 30.139577, -97.643485 30.139659, -97.643505 30.139666, -97.64361 30.139632, -97.643659 30.139611, -97.643696 30.139585, -97.643762 30.139509, -97.643934 30.139353, -97.643974 30.139334, -97.644389 30.139284, -97.644461 30.139267, -97.644727 30.139172, -97.644855 30.139102, -97.644932 30.139052, -97.644971 30.139043, -97.645025 30.13905, -97.645141 30.138825, -97.645168 30.138785, -97.64521 30.138744, -97.645308 30.138672, -97.645401 30.138593, -97.645428 30.138558, -97.645471 30.138468, -97.64552 30.138402, -97.64554 30.138355, -97.645539 30.138266, -97.64555 30.138171, -97.645562 30.138122, -97.645603 30.138073, -97.64563 30.13801, -97.645641 30.137947, -97.645637 30.137877, -97.645613 30.137795, -97.64556 30.137702, -97.645546 30.137652, -97.645528 30.137545, -97.645523 30.137423, -97.645535 30.137324, -97.645532 30.137276, -97.645495 30.137219, -97.645476 30.137171, -97.645467 30.137113, -97.645474 30.137078, -97.645498 30.137028, -97.645546 30.136992, -97.645568 30.136971, -97.645583 30.136915, -97.645583 30.136797, -97.645573 30.136774, -97.645411 30.136724, -97.645382 30.136704, -97.645364 30.136677, -97.645327 30.136574, -97.645284 30.136403, -97.645266 30.136286, -97.645267 30.136249, -97.64527 30.136228, -97.645291 30.136164, -97.645328 30.136097, -97.645389 30.136031, -97.645386 30.135993, -97.645389 30.135948, -97.645406 30.135847, -97.645425 30.135813, -97.645451 30.135792, -97.645495 30.135773, -97.645542 30.135763, -97.645867 30.13576, -97.645892 30.135754, -97.645913 30.135738, -97.645933 30.135705, -97.64597 30.135577, -97.645986 30.135499, -97.646004 30.135448, -97.646028 30.135424, -97.646066 30.135407, -97.646113 30.135402, -97.646162 30.135422, -97.646188 30.135428, -97.646219 30.135419, -97.646258 30.135395, -97.646364 30.135293, -97.646534 30.135141, -97.646577 30.135074, -97.646614 30.135029, -97.646734 30.134942, -97.646808 30.13488, -97.646817 30.134863, -97.646818 30.134807, -97.646826 30.134776, -97.64685 30.134742, -97.646876 30.134726, -97.646906 30.134725, -97.64695 30.134735, -97.647064 30.134787, -97.647115 30.134802, -97.647197 30.134811, -97.647238 30.134805, -97.647361 30.134762, -97.647405 30.134747, -97.64748 30.134711, -97.647537 30.134671, -97.647568 30.134627, -97.647584 30.134567, -97.647588 30.134503, -97.647585 30.134485, -97.647619 30.134427, -97.647626 30.134399, -97.647605 30.134348, -97.647605 30.134304, -97.647617 30.134272, -97.647635 30.134251, -97.647665 30.134236, -97.647713 30.134228, -97.647832 30.134224, -97.647901 30.134221, -97.647988 30.134228, -97.648116 30.134253, -97.648202 30.134269, -97.64825 30.134275, -97.648286 30.134286, -97.648407 30.134399, -97.648455 30.134437, -97.648538 30.134487, -97.648633 30.134526, -97.648735 30.134553, -97.648837 30.134566, -97.648931 30.134564, -97.649121 30.134534, -97.649229 30.134529, -97.649281 30.13452, -97.649324 30.134499, -97.64937 30.134461, -97.649392 30.134426, -97.649412 30.134408, -97.64947 30.134381, -97.649531 30.134369, -97.649625 30.134388, -97.64968 30.134383, -97.649761 30.134365, -97.64988 30.134314, -97.649971 30.134285, -97.650141 30.134254, -97.650334 30.134243, -97.650432 30.134218, -97.650531 30.134179, -97.650567 30.134157, -97.650641 30.134054, -97.650689 30.134004, -97.650799 30.13392, -97.650859 30.13389, -97.650974 30.133833, -97.656101 30.136309, -97.659378 30.137904, -97.662718 30.139443, -97.662915 30.139534, -97.663046 30.139595, -97.663851 30.139979, -97.664286 30.140187, -97.664777 30.140422, -97.665217 30.140632, -97.671091 30.143437, -97.671193 30.143415, -97.671214 30.143414, -97.67138 30.143436, -97.671548 30.143513, -97.671926 30.143698, -97.672072 30.143743, -97.672278 30.143843, -97.672518 30.143938, -97.672826 30.144092, -97.673227 30.144304, -97.673426 30.144377, -97.674085 30.144638, -97.67419 30.14467, -97.674242 30.144685, -97.674324 30.144699, -97.674246 30.14478, -97.674159 30.144871, -97.673321 30.145388, -97.673372 30.145691, -97.67339 30.145917, -97.673371 30.146174, -97.67335 30.14632, -97.673326 30.146442, -97.673255 30.146647, -97.673102 30.146955, -97.671795 30.149334, -97.670774 30.151208, -97.670547 30.151625, -97.670477 30.151753, -97.670452 30.151906, -97.670423 30.152062, -97.670417 30.152339, -97.670463 30.152621, -97.670527 30.152866, -97.670557 30.152956, -97.670602 30.153078, -97.670668 30.15322, -97.670832 30.153494, -97.670963 30.153639, -97.671824 30.154161, -97.672307 30.154415, -97.673594 30.15509, -97.674399 30.155468, -97.675665 30.156063, -97.67924 30.157741, -97.682996 30.159504, -97.684452 30.160188, -97.685857 30.160847, -97.687982 30.161845, -97.688216 30.161953, -97.688715 30.162184, -97.689343 30.162474, -97.691942 30.163741, -97.692492 30.164009, -97.692756 30.164138, -97.692789 30.164154, -97.692987 30.164246))",44.2,3515.0,85087.0,108.0,18.0,13390902.337090136,0.0002624916463070714
"POLYGON ((-97.618265 30.422883, -97.616823 30.42517, -97.616585 30.425546, -97.616365 30.425896, -97.616251 30.426063, -97.616191 30.426154, -97.61592 30.426554, -97.614562 30.428671, -97.614432 30.428877, -97.613504 30.430296, -97.611446 30.433405, -97.610846 30.434385, -97.610504 30.434952, -97.609207 30.434356, -97.609048 30.434281, -97.608684 30.434099, -97.608339 30.433936, -97.60786 30.433715, -97.607422 30.433513, -97.605641 30.432657, -97.605147 30.432422, -97.604394 30.432056, -97.603966 30.431832, -97.603921 30.431812, -97.603763 30.431733, -97.60323 30.431487, -97.600919 30.430295, -97.600275 30.429999, -97.599814 30.429702, -97.599704 30.429632, -97.597219 30.427884, -97.595565 30.426765, -97.594132 30.426196, -97.593917 30.426112, -97.593867 30.426093, -97.593841 30.426083, -97.593342 30.425888, -97.593093 30.425791, -97.593006 30.425757, -97.592234 30.425456, -97.591852 30.425307, -97.591722 30.425245, -97.591145 30.424969, -97.591091 30.424943, -97.590771 30.424795, -97.590577 30.424698, -97.589827 30.424361, -97.589335 30.42414, -97.588942 30.423977, -97.588309 30.423683, -97.587572 30.423349, -97.586924 30.423097, -97.586483 30.422888, -97.586166 30.422741, -97.585843 30.422608, -97.585324 30.42235, -97.581732 30.420648, -97.579179 30.419439, -97.576436 30.418142, -97.576153 30.417997, -97.5761 30.417965, -97.576051 30.417928, -97.576007 30.417887, -97.575968 30.417841, -97.575937 30.417792, -97.575911 30.41774, -97.575893 30.417686, -97.575882 30.417631, -97.575879 30.417575, -97.575882 30.417522, -97.575891 30.41747, -97.575906 30.417419, -97.575927 30.41737, -97.576036 30.417157, -97.576087 30.417072, -97.576139 30.417006, -97.576328 30.416768, -97.580766 30.40975, -97.581701 30.40827, -97.582422 30.407129, -97.582776 30.406569, -97.582914 30.406351, -97.58312 30.406026, -97.583415 30.40556, -97.583577 30.405303, -97.583847 30.404877, -97.58458 30.403718, -97.584883 30.403238, -97.585565 30.40216, -97.585722 30.401911, -97.589646 30.395705, -97.589805 30.395465, -97.590094 30.39559, -97.59202 30.396499, -97.592275 30.396609, -97.592488 30.39665, -97.592643 30.396673, -97.592809 30.396682, -97.592995 30.396681, -97.593137 30.396661, -97.593313 30.396621, -97.593501 30.396573, -97.593761 30.396471, -97.594075 30.396231, -97.594294 30.395991, -97.59465 30.395454, -97.595868 30.393596, -97.596468 30.394154, -97.598018 30.39587, -97.599559 30.398073, -97.600806 30.400099, -97.601723 30.400996, -97.602764 30.401651, -97.604658 30.402563, -97.605796 30.403107, -97.605909 30.403246, -97.609136 30.404534, -97.609242 30.404576, -97.610632 30.405412, -97.611431 30.406283, -97.611965 30.407691, -97.612487 30.410123, -97.612424 30.41172, -97.611975 30.41506, -97.612035 30.415502, -97.612039 30.415533, -97.61218 30.416039, -97.612446 30.416814, -97.61267 30.41723, -97.612822 30.417465, -97.612907 30.417595, -97.613092 30.417864, -97.613412 30.418235, -97.613636 30.418465, -97.613905 30.41869, -97.614155 30.418875, -97.614456 30.419112, -97.614725 30.419291, -97.614936 30.419407, -97.615346 30.419618, -97.615858 30.419855, -97.616722 30.420258, -97.617177 30.420464, -97.617282 30.420512, -97.617566 30.420651, -97.618127 30.420926, -97.619215 30.421447, -97.618265 30.422883))",34.8,4747.0,82277.0,232.0,16.0,9897095.044629185,0.0004796356889162174
"POLYGON ((-97.595639 30.218066, -97.595632 30.21816, -97.595598 30.218641, -97.595588 30.218987, -97.595553 30.21962, -97.595513 30.219886, -97.595414 30.220316, -97.595353 30.220545, -97.595239 30.220766, -97.595107 30.221008, -97.59477 30.221343, -97.594529 30.221515, -97.594231 30.221648, -97.594011 30.221721, -97.59379 30.221821, -97.593497 30.221962, -97.593289 30.222087, -97.593039 30.22227, -97.592785 30.222484, -97.592649 30.222623, -97.592522 30.222822, -97.592442 30.223015, -97.592367 30.223172, -97.592208 30.22359, -97.592149 30.223821, -97.592108 30.224028, -97.592085 30.224274, -97.592094 30.22451, -97.592161 30.22491, -97.592191 30.225145, -97.592197 30.225183, -97.592196 30.225389, -97.592212 30.225678, -97.592239 30.225865, -97.59225 30.225911, -97.592284 30.226003, -97.592462 30.226426, -97.592612 30.226647, -97.592917 30.22705, -97.593069 30.227223, -97.593138 30.227311, -97.593327 30.227492, -97.59349 30.227634, -97.593684 30.227779, -97.593802 30.227858, -97.593732 30.227969, -97.593654 30.227923, -97.593712 30.228002, -97.594249 30.228729, -97.593569 30.229891, -97.595192 30.231471, -97.592199 30.236118, -97.592034 30.23608, -97.591912 30.236078, -97.591788 30.236091, -97.591637 30.236136, -97.591435 30.236179, -97.591207 30.23614, -97.591125 30.236087, -97.591091 30.236012, -97.591086 30.235798, -97.591042 30.235684, -97.590994 30.235626, -97.590901 30.235602, -97.590701 30.235591, -97.5904 30.235618, -97.590203 30.235619, -97.590004 30.235575, -97.589839 30.235512, -97.58916 30.235477, -97.589085 30.235464, -97.588954 30.235463, -97.588581 30.235453, -97.588553 30.235445, -97.588401 30.235406, -97.588294 30.2354, -97.588147 30.235404, -97.588052 30.235418, -97.588014 30.235425, -97.587857 30.23547, -97.5875 30.235642, -97.587406 30.235678, -97.587327 30.235676, -97.587167 30.235681, -97.587056 30.235746, -97.58694 30.235784, -97.586811 30.235811, -97.586664 30.235827, -97.586582 30.235825, -97.586342 30.235773, -97.58629 30.235739, -97.586202 30.23565, -97.58615 30.235647, -97.586045 30.235651, -97.585894 30.235671, -97.585852 30.235671, -97.585772 30.235671, -97.585654 30.235661, -97.585531 30.235633, -97.585415 30.235583, -97.58521 30.235463, -97.585122 30.235399, -97.585085 30.235314, -97.585033 30.235247, -97.584953 30.235163, -97.58484 30.235077, -97.584765 30.235059, -97.58464 30.23506, -97.584164 30.235853, -97.583163 30.237436, -97.581603 30.239912, -97.581561 30.239979, -97.580592 30.241531, -97.580456 30.241749, -97.579804 30.242762, -97.57976 30.242973, -97.579686 30.243, -97.579294 30.243414, -97.578727 30.244267, -97.575764 30.248741, -97.575756 30.248833, -97.575239 30.248834, -97.572982 30.248836, -97.571775 30.248972, -97.570666 30.249097, -97.569037 30.248999, -97.566328 30.248344, -97.564804 30.24814, -97.561598 30.248566, -97.560975 30.248866, -97.560725 30.249029, -97.560379 30.249255, -97.559739 30.249735, -97.559517 30.250026, -97.559156 30.250639, -97.557925 30.252639, -97.55709 30.253967, -97.556454 30.254938, -97.556208 30.255284, -97.556074 30.255419, -97.555417 30.255885, -97.554602 30.256088, -97.553793 30.256084, -97.552932 30.255818, -97.547963 30.25359, -97.547501 30.253516, -97.546659 30.253613, -97.546251 30.253723, -97.544269 30.254409, -97.544136 30.254399, -97.540333 30.254108, -97.540206 30.254106, -97.537109 30.254057, -97.535945 30.253971, -97.534852 30.25389, -97.53349 30.253498, -97.532356 30.253172, -97.529396 30.252208, -97.526808 30.251365, -97.526581 30.251209, -97.521609 30.247793, -97.521592 30.247778, -97.521252 30.247296, -97.521165 30.246656, -97.521249 30.246372, -97.521489 30.245857, -97.522522 30.244185, -97.524132 30.24158, -97.524224 30.240983, -97.524054 30.240509, -97.524048 30.24033, -97.523877 30.24004, -97.523618 30.239655, -97.522912 30.238944, -97.520806 30.23683, -97.519049 30.235066, -97.518488 30.234481, -97.518375 30.23427, -97.518103 30.233761, -97.517291 30.232241, -97.51685 30.231159, -97.516402 30.230246, -97.515659 30.228734, -97.514894 30.227356, -97.514399 30.226836, -97.513268 30.225964, -97.510928 30.22418, -97.507887 30.222055, -97.507199 30.221512, -97.506577 30.221022, -97.506219 30.220723, -97.505961 30.220508, -97.505735 30.220398, -97.503602 30.219359, -97.502259 30.219246, -97.501373 30.219172, -97.499799 30.218155, -97.499673 30.217949, -97.4986 30.217296, -97.497065 30.216362, -97.49652 30.216143, -97.495703 30.217409, -97.494959 30.218561, -97.494513 30.219251, -97.49414 30.219829, -97.493418 30.220947, -97.492333 30.222627, -97.491988 30.2231, -97.491124 30.224283, -97.490846 30.223625, -97.490606 30.223059, -97.490463 30.22272, -97.489981 30.22214, -97.489924 30.2221, -97.489337 30.221691, -97.48906 30.221514, -97.488965 30.221453, -97.488744 30.221312, -97.487572 30.220898, -97.486329 30.220528, -97.487707 30.218129, -97.488662 30.216552, -97.489067 30.215853, -97.490138 30.214065, -97.490268 30.213848, -97.490807 30.212949, -97.490984 30.212618, -97.491115 30.212372, -97.491254 30.21211, -97.491372 30.212159, -97.491516 30.212247, -97.49158 30.212314, -97.491753 30.212446, -97.491926 30.212542, -97.492114 30.212608, -97.49224 30.212647, -97.49236 30.212641, -97.492417 30.212639, -97.492566 30.212581, -97.492704 30.212468, -97.492843 30.212299, -97.493019 30.212064, -97.493216 30.211812, -97.493376 30.211644, -97.493784 30.211353, -97.493855 30.211302, -97.494199 30.211102, -97.494295 30.211042, -97.494501 30.210913, -97.494839 30.210688, -97.49492 30.210628, -97.495077 30.210515, -97.495239 30.210256, -97.495352 30.210019, -97.495449 30.209838, -97.495577 30.209553, -97.495695 30.209396, -97.495803 30.209301, -97.49595 30.209228, -97.496342 30.209065, -97.496883 30.208905, -97.497294 30.208817, -97.497617 30.208804, -97.49788 30.208793, -97.498522 30.208752, -97.499228 30.208737, -97.499648 30.208713, -97.500171 30.208663, -97.500638 30.2086, -97.501085 30.208512, -97.501431 30.208451, -97.501673 30.208409, -97.502232 30.208317, -97.502729 30.208211, -97.503269 30.20807, -97.50376 30.207904, -97.504102 30.20777, -97.504317 30.207665, -97.504758 30.207338, -97.504881 30.207271, -97.505063 30.207155, -97.505443 30.206865, -97.506264 30.206176, -97.506531 30.20599, -97.506858 30.20566, -97.507222 30.205334, -97.507626 30.204957, -97.508164 30.204519, -97.508512 30.204263, -97.508981 30.203901, -97.50938 30.203553, -97.5097 30.203226, -97.510136 30.202766, -97.510511 30.202331, -97.510733 30.202066, -97.51091 30.201838, -97.511196 30.201414, -97.511495 30.201061, -97.51179 30.20073, -97.512251 30.200136, -97.512527 30.199807, -97.512695 30.199618, -97.512869 30.1995, -97.51308 30.199376, -97.513343 30.199234, -97.513687 30.19912, -97.514165 30.19895, -97.514792 30.198758, -97.515542 30.198566, -97.515928 30.198504, -97.516299 30.198486, -97.516543 30.198498, -97.516876 30.198499, -97.517209 30.198487, -97.517751 30.198434, -97.518011 30.198402, -97.518397 30.198339, -97.519023 30.198205, -97.520124 30.197985, -97.520869 30.197816, -97.520965 30.197798, -97.520998 30.197792, -97.521126 30.197786, -97.521668 30.197759, -97.522103 30.19779, -97.522531 30.197852, -97.522811 30.197933, -97.523132 30.198068, -97.523435 30.198213, -97.523719 30.198363, -97.523829 30.19847, -97.523887 30.198578, -97.523931 30.19876, -97.524058 30.199034, -97.524129 30.199127, -97.524237 30.199214, -97.524369 30.199308, -97.524658 30.199501, -97.525019 30.199765, -97.525413 30.200136, -97.52558 30.200315, -97.525698 30.200472, -97.526107 30.20118, -97.526305 30.201541, -97.526463 30.2018, -97.526575 30.201968, -97.526682 30.202098, -97.526783 30.202197, -97.526885 30.202289, -97.527041 30.202405, -97.527228 30.202505, -97.527494 30.20266, -97.527514 30.202669, -97.528366 30.203042, -97.528795 30.203302, -97.528888 30.203382, -97.528998 30.203477, -97.529135 30.203624, -97.529216 30.20378, -97.52928 30.203915, -97.529326 30.204027, -97.529347 30.20414, -97.529355 30.204279, -97.529351 30.204329, -97.529346 30.20439, -97.529318 30.204518, -97.529277 30.204645, -97.529219 30.204766, -97.529141 30.204887, -97.529038 30.205066, -97.528776 30.205433, -97.528611 30.205595, -97.528436 30.205719, -97.527937 30.205985, -97.527688 30.206113, -97.527401 30.206283, -97.527103 30.206442, -97.526675 30.206602, -97.526209 30.206732, -97.525773 30.206844, -97.525369 30.206914, -97.525075 30.206986, -97.524781 30.207067, -97.524355 30.207206, -97.52404 30.207313, -97.523807 30.207378, -97.523554 30.207416, -97.523272 30.207444, -97.523 30.207447, -97.522917 30.207434, -97.52266 30.207396, -97.52239 30.20732, -97.522071 30.207243, -97.521801 30.207194, -97.52159 30.207172, -97.521289 30.207165, -97.521047 30.207169, -97.520847 30.207147, -97.5206 30.207078, -97.520464 30.207041, -97.520247 30.206974, -97.520066 30.206899, -97.519837 30.206768, -97.519398 30.206451, -97.519231 30.20636, -97.519028 30.206263, -97.51897 30.206236, -97.518879 30.206208, -97.518666 30.206216, -97.518152 30.206211, -97.517911 30.206212, -97.517191 30.206157, -97.516985 30.206166, -97.516741 30.206215, -97.516373 30.206344, -97.516009 30.2065, -97.515553 30.206684, -97.515245 30.206858, -97.515104 30.206959, -97.514988 30.207033, -97.514941 30.207131, -97.514939 30.207218, -97.514949 30.207306, -97.514977 30.207427, -97.515017 30.207549, -97.515088 30.207709, -97.515186 30.208018, -97.515288 30.208442, -97.515292 30.208493, -97.515306 30.208672, -97.515282 30.208857, -97.515246 30.208988, -97.515179 30.209123, -97.515098 30.209319, -97.51505 30.209455, -97.514989 30.209601, -97.514885 30.209714, -97.514743 30.20982, -97.514652 30.2099, -97.514479 30.21, -97.514299 30.21015, -97.514164 30.210234, -97.513959 30.210328, -97.513724 30.210394, -97.513241 30.210504, -97.513275 30.210693, -97.5134 30.211091, -97.51348 30.211474, -97.513574 30.211884, -97.51373 30.212255, -97.51393 30.212654, -97.514175 30.213094, -97.514515 30.213891, -97.514745 30.214586, -97.515224 30.215949, -97.51558 30.216989, -97.515744 30.217591, -97.51611 30.219059, -97.516176 30.219403, -97.516235 30.219956, -97.516267 30.220182, -97.516313 30.22057, -97.516375 30.220959, -97.516431 30.221388, -97.516474 30.221791, -97.516499 30.222543, -97.516499 30.222712, -97.516488 30.222916, -97.516479 30.223226, -97.516446 30.22348, -97.516425 30.223825, -97.516428 30.224253, -97.516439 30.224436, -97.516507 30.224919, -97.516646 30.225792, -97.516733 30.226399, -97.516774 30.226601, -97.516865 30.226983, -97.51699 30.227386, -97.517096 30.227693, -97.517164 30.227868, -97.517321 30.22824, -97.517472 30.228462, -97.517558 30.228569, -97.517792 30.22881, -97.517884 30.228894, -97.517961 30.228955, -97.518074 30.229031, -97.518224 30.22912, -97.518332 30.229164, -97.518473 30.22919, -97.518954 30.229246, -97.519649 30.229302, -97.519951 30.229336, -97.520192 30.229312, -97.520627 30.229282, -97.522199 30.228934, -97.52228 30.228873, -97.522721 30.228537, -97.523154 30.228121, -97.523322 30.227177, -97.523267 30.226315, -97.523097 30.224598, -97.523064 30.22365, -97.523153 30.223009, -97.52343 30.222085, -97.523866 30.221216, -97.524368 30.220827, -97.525215 30.220494, -97.525393 30.220407, -97.525588 30.220278, -97.525801 30.220166, -97.526047 30.219935, -97.526255 30.219719, -97.5264 30.219547, -97.526483 30.219397, -97.526629 30.219202, -97.526774 30.219031, -97.526953 30.21889, -97.52714 30.218788, -97.527528 30.218675, -97.527793 30.218612, -97.528074 30.218565, -97.528347 30.218525, -97.528644 30.218532, -97.528898 30.218553, -97.52915 30.218604, -97.529402 30.218678, -97.529609 30.218766, -97.529919 30.218963, -97.530189 30.219147, -97.530688 30.21947, -97.530912 30.219589, -97.531094 30.219661, -97.531293 30.219727, -97.531797 30.219859, -97.532127 30.219973, -97.53237 30.220016, -97.532694 30.220031, -97.53356 30.22005, -97.53397 30.220105, -97.534578 30.22027, -97.534856 30.220364, -97.535752 30.220577, -97.536041 30.220628, -97.536486 30.220851, -97.536914 30.221112, -97.537242 30.221394, -97.537434 30.221617, -97.537493 30.221711, -97.537621 30.221934, -97.537667 30.222065, -97.537691 30.222549, -97.537697 30.223035, -97.537732 30.223534, -97.537831 30.224078, -97.537906 30.22443, -97.537985 30.22464, -97.538075 30.224811, -97.538385 30.225281, -97.538652 30.225547, -97.539069 30.22579, -97.539375 30.225914, -97.539623 30.225976, -97.539917 30.225986, -97.540132 30.225956, -97.540419 30.225867, -97.540777 30.225739, -97.541111 30.225579, -97.541669 30.225253, -97.541774 30.224667, -97.541805 30.22447, -97.541841 30.224307, -97.541855 30.224265, -97.541885 30.22421, -97.54192 30.224158, -97.541967 30.224057, -97.542034 30.224011, -97.542051 30.223988, -97.542118 30.223927, -97.542225 30.223776, -97.542405 30.223477, -97.542468 30.22335, -97.542579 30.223094, -97.542612 30.223005, -97.542694 30.222688, -97.542739 30.22248, -97.542734 30.22246, -97.542738 30.222393, -97.542732 30.222347, -97.542745 30.222308, -97.542831 30.222109, -97.542854 30.222016, -97.542847 30.221849, -97.542829 30.221743, -97.542786 30.221611, -97.542711 30.221439, -97.54261 30.221275, -97.542257 30.220805, -97.542107 30.220523, -97.542067 30.220349, -97.542062 30.220291, -97.542088 30.220152, -97.542132 30.220039, -97.54217 30.219961, -97.542229 30.219867, -97.542426 30.219632, -97.542642 30.219407, -97.542782 30.219292, -97.542887 30.219268, -97.542925 30.219252, -97.543082 30.219213, -97.543333 30.219182, -97.543493 30.219154, -97.543883 30.219065, -97.544024 30.21902, -97.544215 30.218934, -97.544525 30.218768, -97.544633 30.218729, -97.544767 30.21864, -97.544923 30.218521, -97.545185 30.218298, -97.545335 30.2182, -97.545496 30.218079, -97.545598 30.218021, -97.546171 30.217982, -97.547664 30.216847, -97.548396 30.216378, -97.54897 30.215845, -97.549677 30.215201, -97.550954 30.213808, -97.551646 30.212848, -97.552124 30.212017, -97.552354 30.211731, -97.552685 30.211433, -97.552952 30.211173, -97.55323 30.210856, -97.554421 30.209369, -97.554754 30.208995, -97.555125 30.20864, -97.555491 30.208352, -97.556167 30.207921, -97.556501 30.207733, -97.556671 30.207667, -97.556746 30.207638, -97.557078 30.20754, -97.557603 30.20748, -97.557715 30.207469, -97.557974 30.207469, -97.558389 30.207488, -97.558999 30.207526, -97.559495 30.207537, -97.560053 30.207599, -97.560535 30.20769, -97.56089 30.207793, -97.561209 30.20793, -97.561952 30.208387, -97.562206 30.208558, -97.562386 30.208737, -97.562524 30.208941, -97.562647 30.209161, -97.562688 30.209255, -97.562705 30.209393, -97.562699 30.209594, -97.562717 30.209759, -97.562757 30.209976, -97.562821 30.210162, -97.562886 30.210309, -97.562986 30.210447, -97.563159 30.210636, -97.563578 30.211136, -97.563703 30.211228, -97.563863 30.211345, -97.565086 30.211968, -97.5658 30.212209, -97.566247 30.212323, -97.566849 30.212457, -97.567342 30.212558, -97.56794 30.212639, -97.568284 30.212684, -97.569076 30.212848, -97.56937 30.212916, -97.570022 30.213058, -97.570124 30.213081, -97.570715 30.213214, -97.571038 30.213296, -97.571152 30.213325, -97.571902 30.213488, -97.572333 30.213592, -97.57283 30.213701, -97.573334 30.213828, -97.57367 30.213921, -97.574075 30.214046, -97.574487 30.214183, -97.574841 30.214255, -97.575298 30.214296, -97.575784 30.214306, -97.575891 30.214304, -97.576214 30.214297, -97.576497 30.214267, -97.576879 30.214201, -97.577227 30.214129, -97.577659 30.214059, -97.578131 30.213956, -97.578429 30.213858, -97.578651 30.213759, -97.578973 30.213582, -97.579295 30.213418, -97.579524 30.213282, -97.579705 30.21312, -97.57998 30.212863, -97.580242 30.212593, -97.580552 30.212343, -97.580976 30.212076, -97.581254 30.211841, -97.581516 30.211534, -97.581642 30.211341, -97.581709 30.211183, -97.581736 30.210982, -97.581768 30.210609, -97.581769 30.210363, -97.581852 30.210316, -97.58193 30.210259, -97.581991 30.210209, -97.582082 30.210074, -97.582215 30.209821, -97.582375 30.20963, -97.582404 30.209601, -97.582585 30.209509, -97.582687 30.209466, -97.582907 30.209386, -97.58305 30.209279, -97.583209 30.209094, -97.583327 30.20889, -97.583403 30.208697, -97.583439 30.208513, -97.583687 30.208312, -97.584092 30.208012, -97.584351 30.207855, -97.58449 30.207777, -97.584664 30.207691, -97.58492 30.207588, -97.585916 30.207221, -97.586204 30.207129, -97.586296 30.207096, -97.586501 30.207001, -97.58673 30.206901, -97.58694 30.206817, -97.587103 30.206772, -97.587277 30.206713, -97.587478 30.206629, -97.587727 30.20651, -97.587783 30.206474, -97.587939 30.206308, -97.587996 30.206269, -97.588106 30.206228, -97.588284 30.206172, -97.588553 30.206103, -97.588611 30.20609, -97.588754 30.206067, -97.588879 30.206061, -97.589009 30.206069, -97.58925 30.206103, -97.589624 30.206127, -97.58969 30.206138, -97.589858 30.206188, -97.590031 30.20621, -97.59049 30.206244, -97.590806 30.206293, -97.591003 30.20634, -97.591117 30.206386, -97.591224 30.206415, -97.591684 30.206516, -97.591872 30.206568, -97.59198 30.206608, -97.592289 30.206749, -97.59243 30.206803, -97.592632 30.206868, -97.592968 30.206951, -97.593186 30.207022, -97.593553 30.207155, -97.593684 30.207209, -97.593805 30.207269, -97.593935 30.207348, -97.594179 30.207515, -97.594494 30.207752, -97.594728 30.207907, -97.594832 30.20805, -97.595159 30.2085, -97.595255 30.208704, -97.59529 30.208855, -97.595295 30.208943, -97.595301 30.209036, -97.59528 30.209215, -97.595191 30.209464, -97.59511 30.209658, -97.594856 30.210409, -97.594796 30.210761, -97.594739 30.211041, -97.594646 30.211377, -97.59463 30.21146, -97.594588 30.211672, -97.59457 30.212003, -97.59456 30.212355, -97.594525 30.212715, -97.594456 30.213124, -97.594443 30.213541, -97.594426 30.213882, -97.59446 30.214111, -97.594581 30.21456, -97.594712 30.214923, -97.594827 30.215257, -97.594872 30.215428, -97.594916 30.215598, -97.595009 30.21583, -97.595143 30.216233, -97.595391 30.216858, -97.595555 30.217221, -97.595605 30.217489, -97.595635 30.218008, -97.595639 30.218066))",33.8,5740.0,102228.0,73.0,26.0,31787904.39086705,0.0001805718278695073
"POLYGON ((-97.624892 30.196163, -97.624366 30.196307, -97.623763 30.196584, -97.623275 30.196865, -97.622857 30.198283, -97.622732 30.199308, -97.622732 30.200657, -97.622751 30.203655, -97.622741 30.206782, -97.622734 30.208788, -97.622733 30.209082, -97.62273 30.209572, -97.622733 30.209772, -97.622737 30.209944, -97.622746 30.210296, -97.622106 30.210394, -97.621726 30.210449, -97.62087 30.210574, -97.620597 30.210675, -97.618819 30.211332, -97.617235 30.21232, -97.61542 30.213454, -97.614688 30.213778, -97.613345 30.213957, -97.612784 30.214067, -97.611313 30.215266, -97.610546 30.215579, -97.610293 30.215633, -97.609072 30.215461, -97.607849 30.215465, -97.607249 30.2157, -97.606821 30.2161, -97.606454 30.216307, -97.605936 30.216989, -97.605195 30.218481, -97.60499 30.219395, -97.604797 30.22128, -97.60457 30.221869, -97.60409 30.222869, -97.603874 30.223525, -97.603857 30.224491, -97.603829 30.224745, -97.603763 30.225347, -97.60359 30.225805, -97.603356 30.226398, -97.602966 30.226792, -97.602377 30.226988, -97.601622 30.227061, -97.600368 30.227354, -97.599185 30.227602, -97.598821 30.227617, -97.598399 30.227664, -97.598343 30.227671, -97.598232 30.227693, -97.598032 30.227764, -97.597832 30.227865, -97.597673 30.227984, -97.597604 30.228049, -97.597447 30.228181, -97.597403 30.228228, -97.597369 30.228258, -97.597293 30.228309, -97.59719 30.228369, -97.597131 30.228416, -97.597092 30.228438, -97.596975 30.228473, -97.596673 30.228523, -97.596503 30.22853, -97.596482 30.228534, -97.596356 30.228534, -97.596323 30.228527, -97.596077 30.228514, -97.595589 30.228453, -97.595311 30.228413, -97.595042 30.228369, -97.594832 30.228325, -97.594639 30.228264, -97.594397 30.228161, -97.59411 30.22802, -97.593802 30.227858, -97.593684 30.227779, -97.59349 30.227634, -97.593327 30.227492, -97.593138 30.227311, -97.593069 30.227223, -97.592917 30.22705, -97.592612 30.226647, -97.592462 30.226426, -97.592284 30.226003, -97.59225 30.225911, -97.592239 30.225865, -97.592212 30.225678, -97.592196 30.225389, -97.592197 30.225183, -97.592191 30.225145, -97.592161 30.22491, -97.592094 30.22451, -97.592085 30.224274, -97.592108 30.224028, -97.592149 30.223821, -97.592208 30.22359, -97.592367 30.223172, -97.592442 30.223015, -97.592522 30.222822, -97.592649 30.222623, -97.592785 30.222484, -97.593039 30.22227, -97.593289 30.222087, -97.593497 30.221962, -97.59379 30.221821, -97.594011 30.221721, -97.594231 30.221648, -97.594529 30.221515, -97.59477 30.221343, -97.595107 30.221008, -97.595239 30.220766, -97.595353 30.220545, -97.595414 30.220316, -97.595513 30.219886, -97.595553 30.21962, -97.595588 30.218987, -97.595598 30.218641, -97.595632 30.21816, -97.595639 30.218066, -97.595635 30.218008, -97.595605 30.217489, -97.595555 30.217221, -97.595391 30.216858, -97.595143 30.216233, -97.595009 30.21583, -97.594916 30.215598, -97.594872 30.215428, -97.594827 30.215257, -97.594712 30.214923, -97.594581 30.21456, -97.59446 30.214111, -97.594426 30.213882, -97.594443 30.213541, -97.594456 30.213124, -97.594525 30.212715, -97.59456 30.212355, -97.59457 30.212003, -97.594588 30.211672, -97.59463 30.21146, -97.594646 30.211377, -97.594739 30.211041, -97.594796 30.210761, -97.594856 30.210409, -97.59511 30.209658, -97.595191 30.209464, -97.59528 30.209215, -97.595301 30.209036, -97.595295 30.208943, -97.59529 30.208855, -97.595255 30.208704, -97.595159 30.2085, -97.594832 30.20805, -97.594728 30.207907, -97.594494 30.207752, -97.594179 30.207515, -97.593935 30.207348, -97.593805 30.207269, -97.593684 30.207209, -97.593553 30.207155, -97.593186 30.207022, -97.592968 30.206951, -97.592632 30.206868, -97.59243 30.206803, -97.592289 30.206749, -97.59198 30.206608, -97.591872 30.206568, -97.591684 30.206516, -97.591224 30.206415, -97.591117 30.206386, -97.591003 30.20634, -97.590806 30.206293, -97.59049 30.206244, -97.590031 30.20621, -97.589858 30.206188, -97.58969 30.206138, -97.589624 30.206127, -97.58925 30.206103, -97.589009 30.206069, -97.588879 30.206061, -97.588754 30.206067, -97.588611 30.20609, -97.588553 30.206103, -97.588284 30.206172, -97.588106 30.206228, -97.587996 30.206269, -97.587939 30.206308, -97.587783 30.206474, -97.587727 30.20651, -97.587478 30.206629, -97.587277 30.206713, -97.587103 30.206772, -97.58694 30.206817, -97.58673 30.206901, -97.586501 30.207001, -97.586296 30.207096, -97.586204 30.207129, -97.585916 30.207221, -97.58492 30.207588, -97.584664 30.207691, -97.58449 30.207777, -97.584351 30.207855, -97.584092 30.208012, -97.583687 30.208312, -97.583439 30.208513, -97.583403 30.208697, -97.583327 30.20889, -97.583209 30.209094, -97.58305 30.209279, -97.582907 30.209386, -97.582687 30.209466, -97.582585 30.209509, -97.582404 30.209601, -97.582375 30.20963, -97.582215 30.209821, -97.582082 30.210074, -97.581991 30.210209, -97.58193 30.210259, -97.581852 30.210316, -97.581769 30.210363, -97.581768 30.210609, -97.581736 30.210982, -97.581709 30.211183, -97.581642 30.211341, -97.581516 30.211534, -97.581254 30.211841, -97.580976 30.212076, -97.580552 30.212343, -97.580242 30.212593, -97.57998 30.212863, -97.579705 30.21312, -97.579524 30.213282, -97.579295 30.213418, -97.578973 30.213582, -97.578651 30.213759, -97.578429 30.213858, -97.578131 30.213956, -97.577659 30.214059, -97.577227 30.214129, -97.576879 30.214201, -97.576497 30.214267, -97.576214 30.214297, -97.575891 30.214304, -97.575784 30.214306, -97.575298 30.214296, -97.574841 30.214255, -97.574487 30.214183, -97.574075 30.214046, -97.57367 30.213921, -97.573334 30.213828, -97.57283 30.213701, -97.572333 30.213592, -97.571902 30.213488, -97.571152 30.213325, -97.571038 30.213296, -97.570715 30.213214, -97.570124 30.213081, -97.570022 30.213058, -97.56937 30.212916, -97.569076 30.212848, -97.568284 30.212684, -97.56794 30.212639, -97.567342 30.212558, -97.566849 30.212457, -97.566247 30.212323, -97.5658 30.212209, -97.565086 30.211968, -97.563863 30.211345, -97.563703 30.211228, -97.563578 30.211136, -97.563159 30.210636, -97.562986 30.210447, -97.562886 30.210309, -97.562821 30.210162, -97.562757 30.209976, -97.562717 30.209759, -97.562699 30.209594, -97.562705 30.209393, -97.562688 30.209255, -97.562647 30.209161, -97.562524 30.208941, -97.562386 30.208737, -97.562206 30.208558, -97.561952 30.208387, -97.561209 30.20793, -97.56089 30.207793, -97.560535 30.20769, -97.560053 30.207599, -97.559495 30.207537, -97.558999 30.207526, -97.558389 30.207488, -97.557974 30.207469, -97.557715 30.207469, -97.557603 30.20748, -97.557078 30.20754, -97.556746 30.207638, -97.556671 30.207667, -97.556501 30.207733, -97.556167 30.207921, -97.555491 30.208352, -97.555125 30.20864, -97.554754 30.208995, -97.554421 30.209369, -97.55323 30.210856, -97.552952 30.211173, -97.552685 30.211433, -97.552354 30.211731, -97.552124 30.212017, -97.551646 30.212848, -97.550954 30.213808, -97.549677 30.215201, -97.54897 30.215845, -97.548396 30.216378, -97.547664 30.216847, -97.546171 30.217982, -97.545598 30.218021, -97.545496 30.218079, -97.545335 30.2182, -97.545185 30.218298, -97.544923 30.218521, -97.544767 30.21864, -97.544633 30.218729, -97.544525 30.218768, -97.544215 30.218934, -97.544024 30.21902, -97.543883 30.219065, -97.543493 30.219154, -97.543333 30.219182, -97.543082 30.219213, -97.542925 30.219252, -97.542887 30.219268, -97.542782 30.219292, -97.542642 30.219407, -97.542426 30.219632, -97.542229 30.219867, -97.54217 30.219961, -97.542132 30.220039, -97.542088 30.220152, -97.542062 30.220291, -97.542067 30.220349, -97.542107 30.220523, -97.542257 30.220805, -97.54261 30.221275, -97.542711 30.221439, -97.542786 30.221611, -97.542829 30.221743, -97.542847 30.221849, -97.542854 30.222016, -97.542831 30.222109, -97.542745 30.222308, -97.542732 30.222347, -97.542738 30.222393, -97.542734 30.22246, -97.542739 30.22248, -97.542694 30.222688, -97.542612 30.223005, -97.542579 30.223094, -97.542468 30.22335, -97.542405 30.223477, -97.542225 30.223776, -97.542118 30.223927, -97.542051 30.223988, -97.542034 30.224011, -97.541967 30.224057, -97.54192 30.224158, -97.541885 30.22421, -97.541855 30.224265, -97.541841 30.224307, -97.541805 30.22447, -97.541774 30.224667, -97.541669 30.225253, -97.541111 30.225579, -97.540777 30.225739, -97.540419 30.225867, -97.540132 30.225956, -97.539917 30.225986, -97.539623 30.225976, -97.539375 30.225914, -97.539069 30.22579, -97.538652 30.225547, -97.538385 30.225281, -97.538075 30.224811, -97.537985 30.22464, -97.537906 30.22443, -97.537831 30.224078, -97.537732 30.223534, -97.537697 30.223035, -97.537691 30.222549, -97.537667 30.222065, -97.537621 30.221934, -97.537493 30.221711, -97.537434 30.221617, -97.537242 30.221394, -97.536914 30.221112, -97.536486 30.220851, -97.536041 30.220628, -97.535752 30.220577, -97.534856 30.220364, -97.534578 30.22027, -97.53397 30.220105, -97.53356 30.22005, -97.532694 30.220031, -97.53237 30.220016, -97.532127 30.219973, -97.531797 30.219859, -97.531293 30.219727, -97.531094 30.219661, -97.530912 30.219589, -97.530688 30.21947, -97.530189 30.219147, -97.529919 30.218963, -97.529609 30.218766, -97.529402 30.218678, -97.52915 30.218604, -97.528898 30.218553, -97.528644 30.218532, -97.528347 30.218525, -97.528074 30.218565, -97.527793 30.218612, -97.527528 30.218675, -97.52714 30.218788, -97.526953 30.21889, -97.526774 30.219031, -97.526629 30.219202, -97.526483 30.219397, -97.5264 30.219547, -97.526255 30.219719, -97.526047 30.219935, -97.525801 30.220166, -97.525588 30.220278, -97.525393 30.220407, -97.525215 30.220494, -97.524368 30.220827, -97.523866 30.221216, -97.52343 30.222085, -97.523153 30.223009, -97.523064 30.22365, -97.523097 30.224598, -97.523267 30.226315, -97.523322 30.227177, -97.523154 30.228121, -97.522721 30.228537, -97.52228 30.228873, -97.522199 30.228934, -97.520627 30.229282, -97.520192 30.229312, -97.519951 30.229336, -97.519649 30.229302, -97.518954 30.229246, -97.518473 30.22919, -97.518332 30.229164, -97.518224 30.22912, -97.518074 30.229031, -97.517961 30.228955, -97.517884 30.228894, -97.517792 30.22881, -97.517558 30.228569, -97.517472 30.228462, -97.517321 30.22824, -97.517164 30.227868, -97.517096 30.227693, -97.51699 30.227386, -97.516865 30.226983, -97.516774 30.226601, -97.516733 30.226399, -97.516646 30.225792, -97.516507 30.224919, -97.516439 30.224436, -97.516428 30.224253, -97.516425 30.223825, -97.516446 30.22348, -97.516479 30.223226, -97.516488 30.222916, -97.516499 30.222712, -97.516499 30.222543, -97.516474 30.221791, -97.516431 30.221388, -97.516375 30.220959, -97.516313 30.22057, -97.516267 30.220182, -97.516235 30.219956, -97.516176 30.219403, -97.51611 30.219059, -97.515744 30.217591, -97.51558 30.216989, -97.515224 30.215949, -97.514745 30.214586, -97.514515 30.213891, -97.514175 30.213094, -97.51393 30.212654, -97.51373 30.212255, -97.513574 30.211884, -97.51348 30.211474, -97.5134 30.211091, -97.513275 30.210693, -97.513241 30.210504, -97.513724 30.210394, -97.513959 30.210328, -97.514164 30.210234, -97.514299 30.21015, -97.514479 30.21, -97.514652 30.2099, -97.514743 30.20982, -97.514885 30.209714, -97.514989 30.209601, -97.51505 30.209455, -97.515098 30.209319, -97.515179 30.209123, -97.515246 30.208988, -97.515282 30.208857, -97.515306 30.208672, -97.515292 30.208493, -97.515288 30.208442, -97.515186 30.208018, -97.515088 30.207709, -97.515017 30.207549, -97.514977 30.207427, -97.514949 30.207306, -97.514939 30.207218, -97.514941 30.207131, -97.514988 30.207033, -97.515104 30.206959, -97.515245 30.206858, -97.515553 30.206684, -97.516009 30.2065, -97.516373 30.206344, -97.516741 30.206215, -97.516985 30.206166, -97.517191 30.206157, -97.517911 30.206212, -97.518152 30.206211, -97.518666 30.206216, -97.518879 30.206208, -97.51897 30.206236, -97.519028 30.206263, -97.519231 30.20636, -97.519398 30.206451, -97.519837 30.206768, -97.520066 30.206899, -97.520247 30.206974, -97.520464 30.207041, -97.5206 30.207078, -97.520847 30.207147, -97.521047 30.207169, -97.521289 30.207165, -97.52159 30.207172, -97.521801 30.207194, -97.522071 30.207243, -97.52239 30.20732, -97.52266 30.207396, -97.522917 30.207434, -97.523 30.207447, -97.523272 30.207444, -97.523554 30.207416, -97.523807 30.207378, -97.52404 30.207313, -97.524355 30.207206, -97.524781 30.207067, -97.525075 30.206986, -97.525369 30.206914, -97.525773 30.206844, -97.526209 30.206732, -97.526675 30.206602, -97.527103 30.206442, -97.527401 30.206283, -97.527688 30.206113, -97.527937 30.205985, -97.528436 30.205719, -97.528611 30.205595, -97.528776 30.205433, -97.529038 30.205066, -97.529141 30.204887, -97.529219 30.204766, -97.529277 30.204645, -97.529318 30.204518, -97.529346 30.20439, -97.529351 30.204329, -97.529355 30.204279, -97.529347 30.20414, -97.529326 30.204027, -97.52928 30.203915, -97.529216 30.20378, -97.529135 30.203624, -97.528998 30.203477, -97.528888 30.203382, -97.528795 30.203302, -97.528366 30.203042, -97.527514 30.202669, -97.527494 30.20266, -97.527228 30.202505, -97.527041 30.202405, -97.526885 30.202289, -97.526783 30.202197, -97.526682 30.202098, -97.526575 30.201968, -97.526463 30.2018, -97.526305 30.201541, -97.526107 30.20118, -97.525698 30.200472, -97.52558 30.200315, -97.525413 30.200136, -97.525019 30.199765, -97.524658 30.199501, -97.524369 30.199308, -97.524237 30.199214, -97.524129 30.199127, -97.524058 30.199034, -97.523931 30.19876, -97.523887 30.198578, -97.523829 30.19847, -97.523719 30.198363, -97.523435 30.198213, -97.523132 30.198068, -97.522811 30.197933, -97.522531 30.197852, -97.522103 30.19779, -97.521668 30.197759, -97.521126 30.197786, -97.520998 30.197792, -97.520965 30.197798, -97.520869 30.197816, -97.520124 30.197985, -97.519023 30.198205, -97.518397 30.198339, -97.518011 30.198402, -97.517751 30.198434, -97.517209 30.198487, -97.516876 30.198499, -97.516543 30.198498, -97.516299 30.198486, -97.515928 30.198504, -97.515542 30.198566, -97.514792 30.198758, -97.514165 30.19895, -97.513687 30.19912, -97.513343 30.199234, -97.51308 30.199376, -97.512869 30.1995, -97.512695 30.199618, -97.512527 30.199807, -97.512251 30.200136, -97.51179 30.20073, -97.511495 30.201061, -97.511196 30.201414, -97.51091 30.201838, -97.510733 30.202066, -97.510511 30.202331, -97.510136 30.202766, -97.5097 30.203226, -97.50938 30.203553, -97.508981 30.203901, -97.508512 30.204263, -97.508164 30.204519, -97.507626 30.204957, -97.507222 30.205334, -97.506858 30.20566, -97.506531 30.20599, -97.506264 30.206176, -97.505443 30.206865, -97.505063 30.207155, -97.504881 30.207271, -97.504758 30.207338, -97.504317 30.207665, -97.504102 30.20777, -97.50376 30.207904, -97.503269 30.20807, -97.502729 30.208211, -97.502232 30.208317, -97.501673 30.208409, -97.501431 30.208451, -97.501085 30.208512, -97.500638 30.2086, -97.500171 30.208663, -97.499648 30.208713, -97.499228 30.208737, -97.498522 30.208752, -97.49788 30.208793, -97.497617 30.208804, -97.497294 30.208817, -97.496883 30.208905, -97.496342 30.209065, -97.49595 30.209228, -97.495803 30.209301, -97.495695 30.209396, -97.495577 30.209553, -97.495449 30.209838, -97.495352 30.210019, -97.495239 30.210256, -97.495077 30.210515, -97.49492 30.210628, -97.494839 30.210688, -97.494501 30.210913, -97.494295 30.211042, -97.494199 30.211102, -97.493855 30.211302, -97.493784 30.211353, -97.493376 30.211644, -97.493216 30.211812, -97.493019 30.212064, -97.492843 30.212299, -97.492704 30.212468, -97.492566 30.212581, -97.492417 30.212639, -97.49236 30.212641, -97.49224 30.212647, -97.492114 30.212608, -97.491926 30.212542, -97.491753 30.212446, -97.49158 30.212314, -97.491516 30.212247, -97.491372 30.212159, -97.491254 30.21211, -97.49131 30.212005, -97.49135 30.21193, -97.491389 30.211864, -97.491443 30.211772, -97.49149 30.211693, -97.492482 30.210011, -97.492679 30.209946, -97.492849 30.209781, -97.493752 30.208905, -97.494502 30.208178, -97.495778 30.207051, -97.499179 30.203999, -97.499742 30.203431, -97.500275 30.202894, -97.505571 30.19826, -97.505781 30.198064, -97.510895 30.193266, -97.510926 30.193245, -97.515107 30.189477, -97.515309 30.189275, -97.51582 30.188764, -97.515923 30.188661, -97.516043 30.188541, -97.516051 30.188533, -97.516253 30.188331, -97.516331 30.188253, -97.516601 30.188011, -97.516785 30.187846, -97.51685 30.187788, -97.516929 30.187718, -97.517191 30.187484, -97.517518 30.187192, -97.517527 30.187183, -97.517692 30.187025, -97.51784 30.186882, -97.517922 30.186803, -97.517933 30.186787, -97.517943 30.18677, -97.517966 30.186762, -97.518044 30.186687, -97.518051 30.18668, -97.518064 30.186667, -97.518086 30.186646, -97.518143 30.186591, -97.518399 30.186344, -97.518577 30.186173, -97.518879 30.185882, -97.518906 30.185861, -97.519663 30.185212, -97.521108 30.183973, -97.521269 30.183829, -97.52147 30.18365, -97.522128 30.183063, -97.52462 30.180838, -97.526141 30.179481, -97.526468 30.179189, -97.529076 30.176677, -97.52911 30.176643, -97.529228 30.176525, -97.529362 30.176417, -97.529459 30.176339, -97.529486 30.176369, -97.53073 30.177012, -97.53535 30.179453, -97.536096 30.179847, -97.541275 30.182598, -97.541358 30.182657, -97.541529 30.182742, -97.542455 30.183258, -97.543462 30.183742, -97.544661 30.184226, -97.545147 30.184413, -97.545904 30.184634, -97.547543 30.185089, -97.548678 30.185286, -97.550459 30.185618, -97.551565 30.185789, -97.55329 30.186115, -97.553422 30.186134, -97.553891 30.186209, -97.555094 30.18642, -97.558578 30.187003, -97.562089 30.187423, -97.562285 30.18746, -97.562412 30.187477, -97.563259 30.187584, -97.5655 30.187966, -97.568065 30.18841, -97.569689 30.188716, -97.571559 30.189017, -97.572828 30.189227, -97.574166 30.189465, -97.574929 30.189556, -97.575813 30.189613, -97.576337 30.189613, -97.57682 30.189608, -97.577467 30.189566, -97.578577 30.189464, -97.580924 30.189251, -97.582848 30.189036, -97.585522 30.188818, -97.585644 30.188802, -97.586539 30.188708, -97.588678 30.188519, -97.591702 30.188219, -97.594441 30.187958, -97.594911 30.187922, -97.59775 30.187551, -97.597935 30.187528, -97.598111 30.187504, -97.602125 30.186965, -97.60265 30.186895, -97.602739 30.186883, -97.604617 30.186671, -97.605864 30.186537, -97.606004 30.186531, -97.606101 30.186514, -97.606597 30.18645, -97.608635 30.186253, -97.608777 30.186247, -97.609476 30.186213, -97.610448 30.186139, -97.611224 30.186083, -97.611954 30.186026, -97.612473 30.186011, -97.612992 30.186026, -97.613454 30.186068, -97.614045 30.186181, -97.614918 30.18643, -97.615064 30.186477, -97.615096 30.186492, -97.615619 30.186741, -97.616199 30.18706, -97.616577 30.187347, -97.61667 30.18742, -97.616756 30.187492, -97.617885 30.188543, -97.61795 30.188657, -97.617949 30.18886, -97.61846 30.189335, -97.619202 30.190019, -97.619408 30.190209, -97.621019 30.191696, -97.621194 30.19197, -97.621391 30.192308, -97.621754 30.192844, -97.622156 30.19337, -97.622414 30.193628, -97.622902 30.194068, -97.623438 30.194528, -97.623664 30.194727, -97.624088 30.195092, -97.624356 30.195312, -97.624758 30.195685, -97.625246 30.196106, -97.624892 30.196163))",40.7,1741.0,73192.0,85.0,63.0,35328109.33696275,4.92808710308888e-05
"POLYGON ((-98.170919 30.359313, -98.170862 30.359396, -98.17033 30.360172, -98.162666 30.371431, -98.162461 30.371732, -98.161815 30.372682, -98.161779 30.372735, -98.161743 30.372788, -98.161728 30.372811, -98.161708 30.372842, -98.161673 30.372897, -98.160238 30.375139, -98.159506 30.3763, -98.159266 30.376651, -98.156867 30.38018, -98.156426 30.380826, -98.156413 30.380846, -98.149935 30.390361, -98.143236 30.400203, -98.142557 30.401201, -98.141896 30.402173, -98.141878 30.402199, -98.141818 30.402287, -98.141758 30.402375, -98.138127 30.40771, -98.137568 30.40853, -98.13754 30.408571, -98.136789 30.409678, -98.136678 30.409841, -98.134926 30.412414, -98.133825 30.414034, -98.133419 30.41463, -98.130193 30.419373, -98.129174 30.42087, -98.128983 30.421135, -98.127988 30.422625, -98.127881 30.422533, -98.127709 30.422385, -98.126339 30.421069, -98.126288 30.421019, -98.125465 30.42021, -98.124894 30.419622, -98.123371 30.418367, -98.122484 30.417684, -98.120235 30.416305, -98.118233 30.415171, -98.117139 30.414552, -98.113084 30.412216, -98.11246 30.411857, -98.111056 30.411048, -98.109228 30.409979, -98.108834 30.409758, -98.108175 30.409371, -98.107248 30.408826, -98.106359 30.408348, -98.102407 30.405997, -98.100884 30.405297, -98.100353 30.405104, -98.099165 30.404673, -98.095574 30.403301, -98.094871 30.402849, -98.094063 30.402294, -98.093993 30.40224, -98.092174 30.40024, -98.092146 30.400207, -98.090939 30.398861, -98.089337 30.397199, -98.088201 30.395868, -98.087263 30.394707, -98.086901 30.394299, -98.086558 30.393779, -98.086264 30.392891, -98.086149 30.392048, -98.086248 30.39128, -98.086254 30.391004, -98.086233 30.390804, -98.086179 30.390417, -98.086177 30.390367, -98.086173 30.39022, -98.086173 30.390176, -98.086173 30.390041, -98.086174 30.389968, -98.086176 30.389898, -98.086177 30.389831, -98.086182 30.389749, -98.08619 30.389633, -98.086212 30.389355, -98.086216 30.3893, -98.086233 30.38921, -98.086258 30.389076, -98.086278 30.388968, -98.086408 30.388458, -98.086454 30.387939, -98.086469 30.387161, -98.086294 30.386462, -98.086101 30.385771, -98.085434 30.384244, -98.085171 30.383847, -98.0831 30.380716, -98.081808 30.378727, -98.080686 30.376999, -98.080395 30.37654, -98.080172 30.37619, -98.079896 30.375756, -98.079665 30.375391, -98.079585 30.375266, -98.079315 30.374842, -98.078079 30.37294, -98.077601 30.372205, -98.077236 30.371645, -98.076907 30.37119, -98.076668 30.370925, -98.076521 30.370788, -98.076397 30.370674, -98.076227 30.370532, -98.076084 30.370413, -98.075752 30.370199, -98.075589 30.370104, -98.07516 30.369892, -98.074138 30.369375, -98.07387 30.369202, -98.073535 30.368968, -98.073162 30.368623, -98.072757 30.368149, -98.072498 30.36778, -98.07198 30.366973, -98.07191 30.366863, -98.07147 30.366151, -98.070755 30.365081, -98.070392 30.364529, -98.069828 30.363783, -98.069572 30.363291, -98.069406 30.362831, -98.069273 30.36191, -98.069195 30.36048, -98.069168 30.360083, -98.069151 30.359793, -98.069062 30.359361, -98.0689 30.35881, -98.068782 30.358522, -98.068604 30.358116, -98.068449 30.357828, -98.06747 30.356473, -98.065913 30.354618, -98.065125 30.353679, -98.064618 30.353075, -98.064295 30.35269, -98.06631 30.351434, -98.066715 30.351182, -98.067668 30.350588, -98.067929 30.350395, -98.068148 30.350151, -98.068296 30.349931, -98.068457 30.349736, -98.068762 30.349518, -98.070288 30.348891, -98.070498 30.348811, -98.070734 30.348711, -98.070943 30.348621, -98.071136 30.348515, -98.071326 30.348422, -98.071522 30.348325, -98.071699 30.348238, -98.071905 30.348151, -98.072039 30.34812, -98.072201 30.348092, -98.072359 30.348083, -98.072649 30.348064, -98.072892 30.348045, -98.073197 30.348011, -98.073477 30.347977, -98.073921 30.347885, -98.074308 30.347781, -98.074479 30.347728, -98.074663 30.347659, -98.07494 30.347544, -98.075174 30.347441, -98.075395 30.347345, -98.075594 30.347245, -98.075684 30.347174, -98.07579 30.34708, -98.075862 30.346993, -98.075955 30.346847, -98.076161 30.346476, -98.076391 30.346081, -98.076512 30.345863, -98.076599 30.345689, -98.076693 30.345468, -98.076759 30.345201, -98.076796 30.344966, -98.076814 30.344742, -98.076839 30.344453, -98.076855 30.344247, -98.07688 30.344104, -98.076892 30.343846, -98.076917 30.343643, -98.076951 30.343435, -98.076967 30.34322, -98.076967 30.342971, -98.076973 30.342644, -98.07697 30.342523, -98.076942 30.342333, -98.076898 30.342152, -98.07683 30.341891, -98.076752 30.34167, -98.076663 30.341403, -98.076595 30.341167, -98.076564 30.341021, -98.076551 30.340893, -98.076551 30.340759, -98.076579 30.340566, -98.076641 30.340329, -98.076732 30.340062, -98.076856 30.339626, -98.076906 30.339411, -98.07699 30.339118, -98.077056 30.338888, -98.077096 30.338726, -98.077112 30.338561, -98.077102 30.338421, -98.077074 30.338278, -98.077037 30.338125, -98.076928 30.337864, -98.076778 30.337568, -98.076578 30.337237, -98.076631 30.337095, -98.07668 30.336968, -98.076773 30.336787, -98.076956 30.336565, -98.077181 30.336304, -98.077314 30.33614, -98.07746 30.335933, -98.077608 30.335721, -98.07772 30.335542, -98.077925 30.335146, -98.078005 30.33496, -98.078175 30.33452, -98.078232 30.334369, -98.078284 30.334191, -98.078315 30.334045, -98.07835 30.333975, -98.07842 30.33387, -98.078552 30.333717, -98.078633 30.333606, -98.07869 30.333513, -98.078716 30.333404, -98.078784 30.33286, -98.078818 30.332401, -98.078819 30.332339, -98.07883 30.332254, -98.078869 30.332097, -98.07893 30.331947, -98.078987 30.331809, -98.079052 30.331664, -98.079109 30.33155, -98.079283 30.331275, -98.079479 30.330977, -98.079645 30.330756, -98.079774 30.330623, -98.079959 30.330445, -98.080129 30.330268, -98.080229 30.330172, -98.080354 30.329976, -98.080524 30.329732, -98.080779 30.329459, -98.081041 30.329123, -98.081245 30.328883, -98.081396 30.328716, -98.081544 30.328576, -98.081703 30.328451, -98.081795 30.328343, -98.08188 30.328185, -98.081928 30.328026, -98.08195 30.327841, -98.08195 30.327468, -98.081972 30.327084, -98.081991 30.326969, -98.082024 30.326895, -98.082072 30.326807, -98.082131 30.326618, -98.082227 30.326378, -98.082283 30.326278, -98.082342 30.326201, -98.082379 30.326116, -98.082486 30.325905, -98.082552 30.325809, -98.082578 30.325698, -98.082648 30.325351, -98.08266 30.325222, -98.082652 30.325107, -98.082641 30.324974, -98.082641 30.324756, -98.082663 30.324583, -98.082711 30.324365, -98.082822 30.324113, -98.082929 30.323847, -98.083047 30.3235, -98.083136 30.323068, -98.083162 30.322621, -98.083173 30.322292, -98.08318 30.322034, -98.083192 30.321797, -98.083221 30.321627, -98.083262 30.321372, -98.08331 30.321036, -98.083347 30.320763, -98.083406 30.320563, -98.083461 30.320408, -98.083565 30.320253, -98.083716 30.320105, -98.083816 30.320017, -98.084015 30.319921, -98.084237 30.319836, -98.084422 30.319758, -98.084632 30.319647, -98.084802 30.319522, -98.084895 30.319433, -98.084968 30.319304, -98.085002 30.319134, -98.08502 30.318845, -98.085031 30.318565, -98.08505 30.318384, -98.085079 30.318206, -98.085161 30.318007, -98.085282 30.317804, -98.085423 30.317604, -98.085504 30.317482, -98.085534 30.317394, -98.085552 30.317198, -98.085593 30.317006, -98.085637 30.316828, -98.085689 30.316714, -98.085774 30.316559, -98.085855 30.316459, -98.085966 30.316367, -98.086095 30.316285, -98.086383 30.316163, -98.086723 30.316027, -98.086871 30.315942, -98.086997 30.315861, -98.087085 30.315772, -98.087189 30.315657, -98.08724 30.315558, -98.087303 30.315329, -98.087362 30.314963, -98.087429 30.314789, -98.087499 30.314671, -98.087625 30.31459, -98.087865 30.314501, -98.088061 30.31449, -98.088341 30.314505, -98.0885 30.314497, -98.088629 30.314468, -98.088751 30.31442, -98.088855 30.314364, -98.088966 30.314287, -98.089054 30.314183, -98.089176 30.313995, -98.089305 30.313733, -98.089416 30.313363, -98.08949 30.313112, -98.089597 30.312953, -98.089789 30.312728, -98.090137 30.312421, -98.090284 30.31231, -98.090551 30.312137, -98.090299 30.311802, -98.089859 30.310807, -98.089672 30.310078, -98.089345 30.308809, -98.089341 30.307995, -98.089355 30.307363, -98.089356 30.307319, -98.089308 30.306124, -98.089593 30.305176, -98.089701 30.304817, -98.089783 30.303924, -98.08964 30.303074, -98.089525 30.302398, -98.089466 30.302046, -98.089069 30.300342, -98.088865 30.299687, -98.088484 30.299149, -98.088417 30.299046, -98.089258 30.297993, -98.08954 30.297588, -98.089699 30.297347, -98.08974 30.297288, -98.091506 30.298536, -98.092793 30.299446, -98.094401 30.300583, -98.094604 30.300727, -98.095323 30.301236, -98.096165 30.301831, -98.103032 30.306688, -98.104662 30.307848, -98.105823 30.308661, -98.107291 30.309699, -98.109643 30.311357, -98.10981 30.311476, -98.110707 30.312115, -98.118763 30.317823, -98.121065 30.31944, -98.121207 30.319541, -98.122394 30.320381, -98.123464 30.321137, -98.124087 30.321551, -98.125292 30.322353, -98.125885 30.322774, -98.127998 30.324276, -98.128081 30.324334, -98.130306 30.325915, -98.132121 30.327205, -98.132182 30.327248, -98.133602 30.328256, -98.133679 30.328311, -98.133876 30.328449, -98.134019 30.32855, -98.13545 30.329566, -98.137301 30.330881, -98.138848 30.331997, -98.140367 30.333093, -98.140395 30.333113, -98.140469 30.333166, -98.140636 30.333285, -98.140736 30.333356, -98.140918 30.333486, -98.141002 30.333546, -98.141221 30.333702, -98.14144 30.333858, -98.14335 30.335217, -98.144328 30.335914, -98.144533 30.336059, -98.144667 30.336155, -98.144707 30.336184, -98.144751 30.336215, -98.14476 30.336221, -98.145219 30.336548, -98.145239 30.336562, -98.146277 30.337301, -98.146392 30.337383, -98.156837 30.34482, -98.159565 30.346763, -98.159577 30.346772, -98.164436 30.35023, -98.164469 30.350254, -98.169412 30.353773, -98.169809 30.354056, -98.170013 30.354201, -98.172977 30.356312, -98.170919 30.359313))",33.9,2487.0,218274.0,0.0,14.0,74058672.0651432,3.358148250096079e-05
"POLYGON ((-97.978171 30.358272, -97.978147 30.358417, -97.9781 30.358552, -97.977666 30.359637, -97.977611 30.359822, -97.977572 30.359985, -97.977536 30.360293, -97.977589 30.360471, -97.977579 30.360629, -97.977542 30.360799, -97.977424 30.360976, -97.977177 30.361307, -97.976982 30.361481, -97.976802 30.361628, -97.976458 30.361688, -97.97599 30.361842, -97.975951 30.361853, -97.975584 30.362108, -97.974634 30.362738, -97.973903 30.362842, -97.973667 30.362856, -97.973294 30.362802, -97.972658 30.362491, -97.972289 30.36211, -97.97198 30.36153, -97.971673 30.360682, -97.971524 30.36043, -97.971418 30.360333, -97.97126 30.360208, -97.970989 30.360066, -97.970398 30.359787, -97.969993 30.359592, -97.96955 30.359403, -97.968976 30.359219, -97.968869 30.359555, -97.968976 30.360012, -97.969011 30.360504, -97.968992 30.360633, -97.968881 30.360889, -97.968797 30.361139, -97.968656 30.361932, -97.968623 30.362432, -97.968589 30.362562, -97.968546 30.362679, -97.968492 30.3628, -97.968382 30.362995, -97.968309 30.363078, -97.968106 30.363306, -97.967968 30.363433, -97.967928 30.363466, -97.967983 30.363557, -97.968037 30.36361, -97.968082 30.36364, -97.968169 30.363664, -97.968232 30.363699, -97.968258 30.363728, -97.968265 30.36375, -97.968266 30.363807, -97.968259 30.363859, -97.968215 30.364044, -97.968188 30.364119, -97.968043 30.364366, -97.968029 30.364415, -97.96801 30.364509, -97.967916 30.364713, -97.967802 30.364946, -97.967747 30.36511, -97.967694 30.365207, -97.967605 30.36533, -97.967514 30.365436, -97.967465 30.365523, -97.967433 30.365597, -97.967384 30.365728, -97.967371 30.365905, -97.967313 30.365942, -97.967256 30.365996, -97.967198 30.36607, -97.967159 30.366146, -97.967112 30.366292, -97.967062 30.366487, -97.967048 30.36659, -97.967046 30.36664, -97.967053 30.3667, -97.967103 30.366818, -97.96713 30.3669, -97.967166 30.367041, -97.96718 30.367161, -97.96718 30.367236, -97.967165 30.367266, -97.967036 30.367345, -97.967018 30.367371, -97.966974 30.367468, -97.966928 30.367538, -97.966891 30.367573, -97.96683 30.367608, -97.966808 30.367641, -97.966615 30.367652, -97.966506 30.367664, -97.966334 30.367689, -97.966063 30.367705, -97.965582 30.367745, -97.965475 30.367768, -97.965149 30.367867, -97.965096 30.367897, -97.965001 30.367965, -97.964931 30.368031, -97.964899 30.368078, -97.96488 30.368147, -97.96487 30.368276, -97.964874 30.368386, -97.964889 30.368475, -97.96492 30.368578, -97.964983 30.368754, -97.965108 30.369174, -97.965139 30.369323, -97.965153 30.369465, -97.965154 30.369815, -97.965145 30.36997, -97.965087 30.370552, -97.964866 30.371586, -97.964841 30.371645, -97.96478 30.371736, -97.96471 30.371818, -97.964639 30.371878, -97.964357 30.372063, -97.964284 30.372114, -97.963728 30.372694, -97.963728 30.373368, -97.964777 30.374372, -97.964825 30.374565, -97.964743 30.374807, -97.964762 30.374893, -97.964771 30.374958, -97.964783 30.375111, -97.964779 30.375257, -97.964765 30.375361, -97.96474 30.375448, -97.964698 30.37553, -97.964564 30.375735, -97.964527 30.3758, -97.964518 30.375894, -97.964505 30.37621, -97.964342 30.376692, -97.964276 30.376892, -97.964291 30.377134, -97.964446 30.37746, -97.963441 30.379359, -97.963141 30.379364, -97.962219 30.379666, -97.961789 30.379646, -97.961889 30.379752, -97.962175 30.380036, -97.962296 30.38014, -97.962462 30.380256, -97.962601 30.380339, -97.962861 30.380312, -97.962819 30.380374, -97.962801 30.380422, -97.962787 30.380509, -97.962793 30.380584, -97.962817 30.380685, -97.962834 30.380738, -97.96292 30.380957, -97.962948 30.381052, -97.962952 30.381071, -97.963041 30.381472, -97.963063 30.381599, -97.963061 30.381684, -97.963045 30.381773, -97.962953 30.382099, -97.962888 30.382367, -97.962847 30.382501, -97.962049 30.382459, -97.961573 30.38216, -97.960262 30.381569, -97.960072 30.381355, -97.95982 30.381071, -97.959176 30.380418, -97.958994 30.380189, -97.958675 30.379875, -97.958512 30.379736, -97.958343 30.379605, -97.958063 30.379397, -97.957485 30.3791, -97.957164 30.378954, -97.956506 30.378653, -97.955651 30.378277, -97.954696 30.377853, -97.95431 30.377682, -97.952732 30.376919, -97.952253 30.376678, -97.951988 30.376545, -97.951372 30.376275, -97.951227 30.376205, -97.949498 30.37541, -97.948096 30.374766, -97.94716 30.374321, -97.947718 30.372347, -97.947937 30.371526, -97.948115 30.371024, -97.94826 30.370735, -97.948509 30.370237, -97.949032 30.369385, -97.949433 30.368753, -97.949839 30.368106, -97.950302 30.367468, -97.951255 30.365802, -97.951871 30.364846, -97.952412 30.363481, -97.952714 30.362666, -97.953128 30.361547, -97.953149 30.361499, -97.953182 30.361424, -97.953728 30.36021, -97.954303 30.359429, -97.954852 30.358985, -97.955113 30.358886, -97.956957 30.358188, -97.957476 30.357942, -97.957698 30.35783, -97.957967 30.357693, -97.958412 30.357258, -97.95929 30.356548, -97.959508 30.356301, -97.959662 30.356126, -97.959734 30.356045, -97.960159 30.355568, -97.960635 30.355033, -97.961376 30.354215, -97.961413 30.354152, -97.96155 30.3542, -97.96164 30.354348, -97.961933 30.354515, -97.962173 30.354592, -97.962523 30.354637, -97.962703 30.35466, -97.962875 30.354693, -97.96306 30.354759, -97.963121 30.354783, -97.963184 30.354815, -97.963434 30.35493, -97.963511 30.354969, -97.963558 30.354997, -97.964344 30.3554, -97.964438 30.355446, -97.964491 30.355486, -97.964643 30.355563, -97.964717 30.355611, -97.964803 30.355681, -97.964904 30.355787, -97.965013 30.355916, -97.96503 30.355945, -97.965042 30.355985, -97.965345 30.356665, -97.965364 30.356704, -97.965381 30.356755, -97.965431 30.356874, -97.965517 30.357036, -97.965594 30.357158, -97.965671 30.35725, -97.965764 30.357338, -97.965871 30.357418, -97.966008 30.357511, -97.966126 30.35757, -97.966235 30.357615, -97.966354 30.357639, -97.966488 30.357654, -97.966647 30.357661, -97.966869 30.357643, -97.966962 30.357633, -97.967058 30.357616, -97.967753 30.357344, -97.967816 30.357328, -97.967883 30.357304, -97.968794 30.356974, -97.968879 30.356928, -97.968946 30.356908, -97.969367 30.35675, -97.969451 30.356733, -97.9699 30.356724, -97.970166 30.356739, -97.970377 30.356751, -97.970999 30.356835, -97.971244 30.356858, -97.971365 30.356865, -97.97146 30.356857, -97.971541 30.356868, -97.971967 30.356877, -97.972289 30.356874, -97.972483 30.356859, -97.972567 30.356857, -97.97265 30.356851, -97.972839 30.356839, -97.973144 30.356802, -97.973239 30.356782, -97.973308 30.356775, -97.97459 30.356547, -97.97488 30.356552, -97.975097 30.356592, -97.975291 30.356685, -97.975432 30.356767, -97.975566 30.356897, -97.975636 30.356979, -97.975815 30.357288, -97.97594 30.357409, -97.976036 30.35748, -97.976115 30.357592, -97.976191 30.357697, -97.976279 30.357761, -97.976508 30.357894, -97.976626 30.357942, -97.976744 30.357981, -97.976856 30.358009, -97.976986 30.358032, -97.977135 30.35805, -97.977289 30.358053, -97.977516 30.358036, -97.977725 30.357994, -97.977982 30.357925, -97.97808 30.35789, -97.978147 30.358145, -97.978171 30.358272))",54.2,2082.0,168911.0,104.0,0.0,4110577.8132092315,0.0005064981359334809
"POLYGON ((-97.886 30.373696, -97.885573 30.37423, -97.885553 30.374256, -97.885697 30.374351, -97.885588 30.374519, -97.885346 30.374885, -97.88517 30.375163, -97.885023 30.37544, -97.884902 30.3758, -97.884861 30.376183, -97.884843 30.376393, -97.884856 30.376808, -97.884896 30.377111, -97.88484 30.37738, -97.884851 30.377435, -97.884861 30.377483, -97.884872 30.377569, -97.884752 30.377594, -97.883531 30.377831, -97.883301 30.377861, -97.882789 30.377877, -97.882679 30.37782, -97.882566 30.377814, -97.881829 30.377703, -97.881225 30.377612, -97.880804 30.37762, -97.88057 30.377632, -97.880344 30.377657, -97.880127 30.377703, -97.879904 30.377775, -97.87983 30.377728, -97.878779 30.37826, -97.878556 30.378404, -97.878277 30.378627, -97.877923 30.379029, -97.877625 30.379692, -97.877401 30.380195, -97.877317 30.380341, -97.877171 30.380559, -97.877016 30.380772, -97.876843 30.38092, -97.87655 30.381138, -97.875977 30.381458, -97.875644 30.381658, -97.875373 30.381829, -97.875305 30.381872, -97.874937 30.382104, -97.874764 30.382197, -97.874575 30.382269, -97.874365 30.382336, -97.874182 30.382382, -97.873978 30.382406, -97.873629 30.382441, -97.872832 30.382517, -97.872513 30.382547, -97.872369 30.382578, -97.872216 30.382602, -97.872074 30.382637, -97.871876 30.3827, -97.871595 30.382821, -97.871373 30.382944, -97.871107 30.383106, -97.870843 30.383326, -97.870609 30.383604, -97.870452 30.383821, -97.870351 30.384026, -97.870267 30.384249, -97.870212 30.384432, -97.870174 30.384687, -97.870168 30.384994, -97.870192 30.385205, -97.870215 30.385355, -97.870258 30.385526, -97.870339 30.385746, -97.870438 30.385969, -97.870574 30.386282, -97.870713 30.386609, -97.870788 30.386881, -97.870829 30.387133, -97.870849 30.38735, -97.870858 30.387597, -97.870843 30.387886, -97.870791 30.388399, -97.870736 30.388842, -97.870687 30.389308, -97.87064 30.389731, -97.870623 30.389953, -97.870614 30.390182, -97.870629 30.390402, -97.870666 30.39068, -97.870742 30.391187, -97.870782 30.391453, -97.87082 30.391743, -97.870826 30.391879, -97.870814 30.392087, -97.870792 30.392213, -97.870655 30.392597, -97.87062 30.392651, -97.870453 30.392913, -97.870143 30.393228, -97.869759 30.393468, -97.869396 30.393585, -97.869167 30.393646, -97.868568 30.393751, -97.868318 30.393742, -97.867985 30.393684, -97.867708 30.393615, -97.867189 30.393523, -97.867107 30.393514, -97.866929 30.393517, -97.866883 30.393548, -97.866801 30.393701, -97.866763 30.394116, -97.866878 30.394675, -97.866917 30.394772, -97.86281 30.395623, -97.858586 30.396899, -97.857599 30.397478, -97.857106 30.397877, -97.857077 30.397935, -97.856192 30.399724, -97.855949 30.400216, -97.855908 30.400286, -97.855738 30.400579, -97.855625 30.400773, -97.855399 30.401196, -97.855367 30.401253, -97.855338 30.401306, -97.855325 30.401336, -97.855313 30.401359, -97.855241 30.401493, -97.854079 30.40367, -97.854021 30.403777, -97.85323 30.403076, -97.852733 30.402574, -97.852529 30.402342, -97.852373 30.402014, -97.852046 30.401562, -97.851785 30.401145, -97.851604 30.400844, -97.850814 30.399549, -97.849664 30.397611, -97.849535 30.397402, -97.849485 30.39735, -97.849324 30.397115, -97.84909 30.396836, -97.848817 30.396615, -97.847657 30.39596, -97.84741 30.395821, -97.847269 30.395741, -97.847166 30.395683, -97.845937 30.394939, -97.845633 30.394672, -97.845468 30.394537, -97.845562 30.394373, -97.84582 30.394059, -97.845883 30.393953, -97.845919 30.393861, -97.845957 30.393748, -97.845982 30.393649, -97.84599 30.393515, -97.846014 30.39341, -97.846044 30.393107, -97.846062 30.39306, -97.846081 30.393009, -97.846647 30.392559, -97.847026 30.392218, -97.847485 30.391721, -97.847657 30.391552, -97.847756 30.391421, -97.847823 30.391301, -97.847915 30.391159, -97.847968 30.391025, -97.848014 30.390887, -97.848164 30.390229, -97.848301 30.389669, -97.848321 30.389568, -97.848389 30.389439, -97.848463 30.3893, -97.848576 30.389201, -97.848916 30.388904, -97.849806 30.388213, -97.849968 30.388048, -97.850112 30.387856, -97.850189 30.387776, -97.850269 30.387649, -97.850373 30.3874, -97.8505 30.387051, -97.850671 30.386608, -97.850731 30.38641, -97.850772 30.386295, -97.850804 30.386165, -97.85081 30.385947, -97.85086 30.384449, -97.850889 30.384257, -97.851058 30.383141, -97.851107 30.382815, -97.851156 30.382624, -97.851191 30.382528, -97.85129 30.382327, -97.851339 30.382232, -97.851421 30.382133, -97.851537 30.381998, -97.851761 30.381743, -97.85239 30.380983, -97.852636 30.380636, -97.85285 30.380219, -97.85304 30.37984, -97.853075 30.379354, -97.852932 30.37892, -97.852661 30.378252, -97.852669 30.377735, -97.853017 30.377101, -97.853316 30.376122, -97.853474 30.375878, -97.853619 30.375705, -97.853792 30.375535, -97.85394 30.375415, -97.854049 30.375328, -97.854127 30.375291, -97.854612 30.375086, -97.854771 30.375009, -97.854954 30.37491, -97.855286 30.374687, -97.855809 30.374281, -97.856194 30.373965, -97.856329 30.373804, -97.856431 30.373659, -97.856499 30.37357, -97.85658 30.373415, -97.856734 30.373115, -97.857018 30.372475, -97.857136 30.372208, -97.857597 30.371719, -97.858287 30.371435, -97.859118 30.371407, -97.859472 30.371395, -97.859831 30.371335, -97.860105 30.371211, -97.860926 30.370042, -97.861458 30.369288, -97.861853 30.368674, -97.861936 30.36845, -97.86193 30.368213, -97.861888 30.367742, -97.861819 30.367479, -97.861662 30.36724, -97.861505 30.367031, -97.861131 30.366779, -97.86036 30.366406, -97.859966 30.366088, -97.859733 30.365825, -97.859386 30.365463, -97.859221 30.365327, -97.859325 30.364927, -97.859552 30.364871, -97.859611 30.364866, -97.859766 30.364869, -97.859814 30.364883, -97.860128 30.365074, -97.860474 30.365265, -97.860571 30.365305, -97.860626 30.365315, -97.860669 30.365316, -97.860757 30.365306, -97.860831 30.365288, -97.860959 30.365232, -97.861026 30.365191, -97.861374 30.364916, -97.861461 30.364837, -97.861542 30.364735, -97.861633 30.364602, -97.861886 30.364226, -97.862074 30.364028, -97.862368 30.363781, -97.862516 30.363668, -97.86266 30.363572, -97.862806 30.363482, -97.862921 30.363389, -97.862976 30.363335, -97.863019 30.363271, -97.863062 30.36319, -97.863098 30.363105, -97.863276 30.362841, -97.863363 30.362752, -97.863399 30.36273, -97.863514 30.362688, -97.863494 30.362609, -97.863475 30.362492, -97.863442 30.36238, -97.86337 30.362213, -97.863263 30.361939, -97.863149 30.361703, -97.862974 30.361372, -97.862928 30.361253, -97.862833 30.36106, -97.862806 30.36098, -97.862795 30.360911, -97.862772 30.360706, -97.862761 30.360609, -97.862758 30.36045, -97.86277 30.360387, -97.86279 30.360343, -97.862836 30.36027, -97.862892 30.360153, -97.863001 30.359896, -97.863037 30.35984, -97.863077 30.359796, -97.863133 30.359745, -97.863202 30.359663, -97.863329 30.359455, -97.863389 30.359331, -97.863408 30.359302, -97.863512 30.359183, -97.863665 30.358997, -97.86377 30.358833, -97.863903 30.358653, -97.863951 30.358596, -97.864056 30.358434, -97.864092 30.358369, -97.86414 30.358301, -97.864178 30.358234, -97.864198 30.358188, -97.864245 30.358144, -97.864244 30.358075, -97.864215 30.357806, -97.864319 30.357659, -97.864319 30.357435, -97.864255 30.357227, -97.863962 30.357177, -97.863834 30.3572, -97.863472 30.357233, -97.863359 30.357237, -97.863272 30.357226, -97.862975 30.357126, -97.8629 30.357094, -97.862872 30.357071, -97.862859 30.357036, -97.862857 30.356971, -97.862869 30.356911, -97.862894 30.356849, -97.862952 30.356756, -97.863018 30.356633, -97.86305 30.356594, -97.863283 30.356439, -97.863398 30.356324, -97.863503 30.35611, -97.863523 30.356017, -97.86348 30.355792, -97.863482 30.355744, -97.863503 30.355672, -97.863522 30.355636, -97.863616 30.355495, -97.863655 30.355436, -97.863694 30.35539, -97.863726 30.355366, -97.863761 30.355352, -97.86381 30.355345, -97.863849 30.355328, -97.863865 30.355314, -97.863873 30.35529, -97.863879 30.355229, -97.863917 30.355115, -97.863909 30.355081, -97.863895 30.355055, -97.863896 30.355015, -97.863935 30.354887, -97.863941 30.354867, -97.863956 30.35478, -97.86396 30.354723, -97.863968 30.354675, -97.863621 30.354246, -97.86415 30.353965, -97.865071 30.353478, -97.865128 30.35363, -97.865147 30.353661, -97.865176 30.353683, -97.865197 30.353689, -97.865254 30.353688, -97.865367 30.353663, -97.865472 30.353645, -97.865512 30.353652, -97.865542 30.353669, -97.865562 30.353704, -97.865573 30.353735, -97.8656 30.353815, -97.865614 30.353836, -97.865628 30.353857, -97.865743 30.353973, -97.865769 30.354005, -97.865863 30.354203, -97.865881 30.354267, -97.865916 30.354354, -97.866001 30.35442, -97.866037 30.354436, -97.866124 30.35446, -97.866185 30.354482, -97.866233 30.35451, -97.866266 30.354544, -97.866332 30.35468, -97.866358 30.354717, -97.866421 30.354806, -97.866481 30.354872, -97.866569 30.354944, -97.866668 30.355003, -97.866776 30.355054, -97.867056 30.355163, -97.867257 30.355233, -97.867362 30.355277, -97.867421 30.355314, -97.867543 30.35541, -97.86776 30.355553, -97.868005 30.35569, -97.868206 30.355813, -97.868429 30.355971, -97.868558 30.356046, -97.868692 30.356111, -97.868868 30.356184, -97.86983 30.35653, -97.869879 30.356555, -97.870175 30.35673, -97.870243 30.356784, -97.870293 30.356837, -97.870351 30.356926, -97.870446 30.357107, -97.870471 30.35716, -97.870525 30.357304, -97.87057 30.357469, -97.870597 30.357664, -97.870628 30.357753, -97.870729 30.357986, -97.870831 30.358191, -97.870961 30.358594, -97.870925 30.358675, -97.871142 30.35878, -97.871246 30.358823, -97.871292 30.358833, -97.871638 30.358836, -97.871702 30.358841, -97.871747 30.358853, -97.871853 30.358914, -97.8721 30.359025, -97.872219 30.359069, -97.872295 30.359088, -97.872334 30.359098, -97.872569 30.359138, -97.873087 30.35924, -97.873114 30.359244, -97.873305 30.359277, -97.873467 30.359319, -97.874069 30.35941, -97.874134 30.359448, -97.874172 30.359475, -97.874214 30.359521, -97.874233 30.359557, -97.874258 30.359653, -97.874278 30.359694, -97.874363 30.359799, -97.874471 30.359907, -97.874671 30.360077, -97.874808 30.360216, -97.875212 30.360652, -97.875378 30.360795, -97.875457 30.360871, -97.875556 30.361008, -97.875607 30.361072, -97.875695 30.361149, -97.875867 30.361266, -97.875941 30.361325, -97.876079 30.361469, -97.876184 30.36156, -97.87626 30.361612, -97.876296 30.361629, -97.876812 30.361832, -97.876913 30.361864, -97.877248 30.361946, -97.877451 30.361986, -97.877612 30.361989, -97.877459 30.362301, -97.88061 30.363833, -97.877625 30.369853, -97.877441 30.370192, -97.877128 30.370771, -97.87746 30.370882, -97.877682 30.370941, -97.87785 30.371019, -97.87802 30.371081, -97.87815 30.371117, -97.878201 30.371126, -97.878247 30.371127, -97.878271 30.371123, -97.878287 30.37112, -97.878394 30.371081, -97.878618 30.37101, -97.878795 30.370941, -97.878984 30.370861, -97.879026 30.370834, -97.879095 30.370774, -97.879132 30.37075, -97.879244 30.370705, -97.886207 30.373435, -97.886 30.373696))",51.1,1400.0,233329.0,50.0,59.0,9116657.833467964,0.00015356504824174606
"POLYGON ((-97.830274 30.436678, -97.829642 30.437674, -97.827571 30.440889, -97.827488 30.441021, -97.826755 30.442236, -97.826669 30.4422, -97.826538 30.442404, -97.826452 30.442537, -97.82618 30.442956, -97.826023 30.443199, -97.825989 30.443252, -97.825946 30.443319, -97.825487 30.444047, -97.825465 30.444084, -97.82543 30.444142, -97.825418 30.444161, -97.825385 30.444217, -97.825365 30.44425, -97.825187 30.444547, -97.82517 30.444575, -97.825113 30.444667, -97.82505 30.444768, -97.825018 30.44482, -97.824984 30.444876, -97.824875 30.445017, -97.824822 30.445087, -97.824688 30.445273, -97.824523 30.445505, -97.824431 30.445656, -97.824394 30.445719, -97.824265 30.445932, -97.824217 30.446002, -97.824118 30.446146, -97.824055 30.446237, -97.823894 30.446471, -97.823801 30.446608, -97.823744 30.446688, -97.823721 30.446722, -97.823696 30.446759, -97.823507 30.447031, -97.823456 30.447107, -97.823393 30.447205, -97.823724 30.447392, -97.823589 30.447649, -97.823894 30.447825, -97.823841 30.447974, -97.823724 30.448301, -97.823675 30.44844, -97.821398 30.451844, -97.821982 30.452414, -97.823069 30.453436, -97.822087 30.453, -97.821687 30.452799, -97.821634 30.452781, -97.821532 30.452747, -97.82101 30.452573, -97.820818 30.452477, -97.820675 30.452405, -97.81981 30.451978, -97.818838 30.451496, -97.818643 30.451399, -97.818448 30.451303, -97.817835 30.450893, -97.817578 30.450721, -97.816358 30.449906, -97.816146 30.449769, -97.815272 30.449179, -97.815192 30.449129, -97.814991 30.448985, -97.814778 30.448831, -97.814678 30.448761, -97.814509 30.448634, -97.814072 30.44836, -97.813528 30.447992, -97.813341 30.447864, -97.813317 30.447851, -97.813049 30.447704, -97.81288 30.447611, -97.812693 30.447501, -97.812568 30.447429, -97.811942 30.447067, -97.81193 30.446892, -97.812045 30.446894, -97.812226 30.446888, -97.812358 30.446891, -97.812501 30.446897, -97.812656 30.446917, -97.812823 30.446957, -97.812877 30.446972, -97.813191 30.44708, -97.813582 30.446449, -97.814307 30.446826, -97.814873 30.447525, -97.81511 30.447634, -97.815488 30.447498, -97.8162 30.446654, -97.816429 30.446504, -97.816647 30.446184, -97.817237 30.445453, -97.817622 30.445021, -97.817967 30.444433, -97.81851 30.443479, -97.818738 30.443073, -97.818782 30.442712, -97.818695 30.442676, -97.818637 30.44264, -97.81848 30.442515, -97.818434 30.442473, -97.81836 30.442396, -97.818308 30.44233, -97.818252 30.44225, -97.818214 30.442167, -97.818103 30.441854, -97.818035 30.441615, -97.818002 30.441516, -97.817907 30.441279, -97.817856 30.441163, -97.817802 30.441077, -97.817712 30.440957, -97.817634 30.440806, -97.817561 30.440725, -97.817506 30.440683, -97.817384 30.4406, -97.817192 30.44046, -97.817096 30.440409, -97.816925 30.440347, -97.816813 30.44029, -97.816716 30.440247, -97.81659 30.440204, -97.816493 30.440176, -97.816446 30.440154, -97.816393 30.440121, -97.816276 30.440031, -97.816205 30.439961, -97.815881 30.439582, -97.815847 30.439552, -97.81581 30.439529, -97.815758 30.439487, -97.816014 30.439453, -97.816085 30.439455, -97.816114 30.439463, -97.816171 30.439492, -97.816268 30.439531, -97.816386 30.439547, -97.816711 30.439581, -97.816993 30.439584, -97.817194 30.439577, -97.81752 30.439548, -97.817791 30.439524, -97.817923 30.439504, -97.81802 30.43952, -97.818218 30.439543, -97.818339 30.439563, -97.818481 30.439612, -97.818559 30.439633, -97.818642 30.439667, -97.818737 30.439691, -97.818767 30.439693, -97.818811 30.439687, -97.819184 30.439588, -97.819238 30.439574, -97.819374 30.439552, -97.819457 30.439551, -97.819709 30.439571, -97.819955 30.439578, -97.820333 30.439563, -97.820675 30.439524, -97.820717 30.439512, -97.820793 30.439481, -97.820945 30.439398, -97.821204 30.439275, -97.821298 30.439239, -97.821419 30.439209, -97.821528 30.439203, -97.821604 30.439213, -97.821661 30.439212, -97.821684 30.439204, -97.821778 30.439147, -97.821999 30.439086, -97.822054 30.439076, -97.822185 30.439051, -97.822155 30.439006, -97.822138 30.438833, -97.822164 30.438652, -97.822211 30.438496, -97.82229 30.438371, -97.822985 30.437708, -97.823273 30.437285, -97.823483 30.437011, -97.823589 30.436832, -97.823742 30.436532, -97.823849 30.436333, -97.823981 30.435965, -97.824041 30.43584, -97.824102 30.435748, -97.824182 30.435635, -97.824359 30.43545, -97.824556 30.435277, -97.824699 30.435181, -97.824912 30.435072, -97.825227 30.434933, -97.825557 30.434846, -97.826196 30.434737, -97.827464 30.434562, -97.827734 30.434498, -97.827845 30.434464, -97.828066 30.434386, -97.828825 30.434073, -97.829066 30.434554, -97.829275 30.434948, -97.829368 30.435153, -97.829706 30.436082, -97.829768 30.436196, -97.829852 30.436324, -97.829921 30.436407, -97.830025 30.436511, -97.830274 30.436678))",44.9,1633.0,250001.0,38.0,31.0,1381696.707793582,0.0011818802135004879
"POLYGON ((-97.801819 30.369608, -97.800053 30.370746, -97.799447 30.371097, -97.799253 30.371221, -97.799172 30.37127, -97.799091 30.371359, -97.798963 30.371532, -97.798846 30.371786, -97.798818 30.37197, -97.798818 30.372185, -97.798847 30.372345, -97.798875 30.372468, -97.79896 30.372634, -97.799126 30.372928, -97.799239 30.373178, -97.799317 30.373422, -97.799387 30.37367, -97.799433 30.374101, -97.79943 30.374422, -97.799412 30.374634, -97.799373 30.374861, -97.799264 30.375253, -97.799228 30.375355, -97.799188 30.375495, -97.799151 30.37559, -97.799113 30.375672, -97.799062 30.375765, -97.79897 30.375891, -97.798878 30.37599, -97.798783 30.376076, -97.798234 30.376573, -97.797689 30.377127, -97.797519 30.377442, -97.797458 30.377784, -97.796666 30.377719, -97.796355 30.377675, -97.796142 30.377629, -97.795988 30.377574, -97.795845 30.377488, -97.795675 30.377341, -97.795605 30.377246, -97.795555 30.377157, -97.795523 30.37705, -97.795465 30.376552, -97.795284 30.376183, -97.795056 30.375942, -97.794721 30.375693, -97.794274 30.375555, -97.793747 30.375566, -97.793505 30.375637, -97.793293 30.375745, -97.793047 30.376001, -97.792909 30.376276, -97.792821 30.376493, -97.792782 30.376569, -97.792717 30.376672, -97.792639 30.376815, -97.792605 30.376893, -97.792526 30.377004, -97.792427 30.377136, -97.792317 30.377257, -97.792243 30.377318, -97.792162 30.37737, -97.792027 30.377435, -97.791918 30.377469, -97.791798 30.377492, -97.791662 30.3775, -97.791514 30.377486, -97.791384 30.377439, -97.791259 30.377373, -97.791125 30.377265, -97.791045 30.377175, -97.790973 30.377071, -97.79092 30.376951, -97.790904 30.376884, -97.790886 30.376772, -97.790842 30.376483, -97.790814 30.376324, -97.790771 30.376218, -97.790693 30.376096, -97.790605 30.376004, -97.790497 30.375946, -97.790374 30.375889, -97.790224 30.37585, -97.790119 30.375836, -97.790017 30.375836, -97.789909 30.375854, -97.789787 30.37588, -97.789709 30.375898, -97.789609 30.375905, -97.789496 30.375905, -97.789333 30.375896, -97.789135 30.375876, -97.789219 30.375424, -97.789362 30.374659, -97.789379 30.374365, -97.789362 30.374288, -97.789302 30.37406, -97.789194 30.373813, -97.788948 30.373243, -97.788728 30.372956, -97.78858 30.372816, -97.788021 30.372519, -97.78781 30.372413, -97.78773 30.372385, -97.787584 30.372334, -97.787365 30.372297, -97.787228 30.372294, -97.787141 30.372299, -97.786886 30.372328, -97.786659 30.372316, -97.786536 30.372291, -97.786448 30.372273, -97.786252 30.372189, -97.786104 30.372076, -97.786022 30.372, -97.785768 30.371738, -97.785893 30.371637, -97.786127 30.371441, -97.787316 30.370451, -97.788122 30.369781, -97.788153 30.369747, -97.789002 30.368814, -97.789249 30.368462, -97.789343 30.368329, -97.789432 30.368152, -97.789675 30.367672, -97.789877 30.367126, -97.790076 30.365876, -97.790223 30.364445, -97.790238 30.364301, -97.790256 30.364126, -97.790274 30.363954, -97.790298 30.363719, -97.790382 30.362804, -97.790422 30.362451, -97.790533 30.361856, -97.790745 30.361008, -97.790907 30.360486, -97.791085 30.359911, -97.791225 30.359585, -97.791262 30.359498, -97.791352 30.359289, -97.79165 30.35934, -97.791844 30.359398, -97.791999 30.359445, -97.792258 30.35955, -97.792402 30.35964, -97.792664 30.359813, -97.792799 30.359923, -97.79298 30.3601, -97.792991 30.360116, -97.79489 30.362202, -97.795051 30.362375, -97.795513 30.362936, -97.795547 30.362977, -97.795821 30.363382, -97.796242 30.364036, -97.796743 30.364942, -97.797087 30.365374, -97.79751 30.365851, -97.798083 30.36632, -97.798492 30.366572, -97.798898 30.366806, -97.799402 30.367112, -97.799862 30.367374, -97.800294 30.367662, -97.800816 30.368058, -97.801357 30.368644, -97.801818 30.369273, -97.801991 30.369497, -97.801819 30.369608))",38.0,1528.0,128226.0,7.0,154.0,1579306.0821643563,0.0009675135284136664
"POLYGON ((-97.788283 30.361804, -97.788266 30.362146, -97.787754 30.362508, -97.787298 30.362757, -97.786818 30.3628, -97.786793 30.362479, -97.786781 30.362347, -97.786779 30.362195, -97.786793 30.362034, -97.786816 30.36184, -97.78687 30.361533, -97.786883 30.361343, -97.786881 30.361099, -97.78686 30.360882, -97.786836 30.360588, -97.786827 30.360432, -97.786811 30.360332, -97.78679 30.36022, -97.786754 30.36015, -97.786674 30.360056, -97.786557 30.35998, -97.7865 30.35996, -97.786462 30.359956, -97.786395 30.359954, -97.786275 30.359954, -97.786155 30.359956, -97.785382 30.359944, -97.784545 30.359941, -97.784146 30.359768, -97.784244 30.359596, -97.784334 30.359446, -97.784387 30.359315, -97.784411 30.359158, -97.784422 30.358975, -97.784417 30.358661, -97.784381 30.358235, -97.784297 30.358232, -97.784131 30.358236, -97.78395 30.358275, -97.783866 30.358302, -97.78376 30.358357, -97.783705 30.358394, -97.783663 30.358422, -97.783629 30.358447, -97.783562 30.358506, -97.783453 30.358609, -97.783359 30.358698, -97.783315 30.358761, -97.783201 30.358927, -97.783126 30.35905, -97.783048 30.359185, -97.78302 30.359254, -97.783011 30.359318, -97.782806 30.359316, -97.78271 30.359324, -97.78264 30.359346, -97.782506 30.359406, -97.782406 30.359458, -97.782332 30.359508, -97.78226 30.359568, -97.782193 30.359652, -97.782099 30.359824, -97.781632 30.359618, -97.781537 30.35959, -97.781457 30.359574, -97.781365 30.359563, -97.781231 30.359549, -97.78082 30.359531, -97.780799 30.359181, -97.780754 30.359058, -97.780722 30.358984, -97.780682 30.358934, -97.780577 30.358861, -97.780284 30.359058, -97.779547 30.359531, -97.778563 30.360182, -97.77836 30.360335, -97.778277 30.360418, -97.778072 30.36065, -97.777855 30.360913, -97.777772 30.361009, -97.777696 30.361072, -97.777581 30.361162, -97.777431 30.361272, -97.777326 30.361308, -97.777226 30.361341, -97.777132 30.361357, -97.777063 30.361362, -97.776994 30.36136, -97.776909 30.361351, -97.776809 30.361334, -97.776667 30.361305, -97.776372 30.361235, -97.775069 30.360968, -97.774298 30.360788, -97.773916 30.360706, -97.773256 30.360556, -97.773093 30.360532, -97.773008 30.360523, -97.772895 30.360519, -97.772768 30.360526, -97.772618 30.360537, -97.772425 30.36056, -97.771513 30.360909, -97.771208 30.36102, -97.770991 30.361082, -97.770684 30.361149, -97.770244 30.361156, -97.769917 30.361134, -97.769588 30.361084, -97.769286 30.361017, -97.769059 30.360961, -97.768757 30.360854, -97.76798 30.360463, -97.766624 30.359647, -97.767039 30.358808, -97.767835 30.357699, -97.767857 30.357548, -97.767861 30.357385, -97.767807 30.357019, -97.767807 30.356821, -97.767832 30.356643, -97.767871 30.356519, -97.767946 30.356321, -97.768049 30.356148, -97.768302 30.355822, -97.768586 30.355493, -97.769817 30.354698, -97.769937 30.354597, -97.77014 30.354394, -97.770422 30.3541, -97.770684 30.353791, -97.770909 30.353524, -97.771018 30.353373, -97.771147 30.353159, -97.771341 30.352805, -97.771792 30.35207, -97.771864 30.35192, -97.771911 30.351788, -97.771931 30.351692, -97.771936 30.351561, -97.771931 30.351484, -97.771913 30.351425, -97.771832 30.351204, -97.771584 30.350467, -97.771535 30.350275, -97.771518 30.350132, -97.771575 30.34982, -97.77185 30.349298, -97.771977 30.349093, -97.772013 30.349026, -97.772053 30.348909, -97.772175 30.348957, -97.772237 30.348973, -97.77229 30.348999, -97.772403 30.349072, -97.77252 30.349144, -97.772603 30.349225, -97.772788 30.349469, -97.772979 30.34965, -97.77322 30.349895, -97.773387 30.350054, -97.773566 30.350196, -97.773681 30.35027, -97.773783 30.350321, -97.773903 30.35036, -97.774039 30.350394, -97.774151 30.350404, -97.774488 30.350409, -97.774753 30.350422, -97.774877 30.350427, -97.774953 30.350436, -97.775039 30.350455, -97.775114 30.35048, -97.775195 30.35051, -97.77534 30.350568, -97.775437 30.350616, -97.775589 30.350706, -97.775716 30.350793, -97.775843 30.350909, -97.775963 30.35104, -97.776045 30.351116, -97.776142 30.351174, -97.776488 30.351362, -97.776577 30.35144, -97.776721 30.351434, -97.777034 30.351325, -97.777677 30.351358, -97.777737 30.351316, -97.777916 30.351266, -97.778017 30.351224, -97.7781 30.351171, -97.778163 30.351114, -97.778216 30.351044, -97.778252 30.350975, -97.778303 30.350816, -97.778366 30.350632, -97.778398 30.35053, -97.778414 30.350439, -97.778416 30.350383, -97.778416 30.350282, -97.778409 30.350206, -97.778389 30.350137, -97.778335 30.350028, -97.778264 30.349915, -97.778047 30.349588, -97.777789 30.349227, -97.778075 30.349091, -97.77816 30.349068, -97.778262 30.349045, -97.778359 30.349031, -97.778506 30.349017, -97.778905 30.348998, -97.779061 30.348991, -97.77928 30.348982, -97.779439 30.348973, -97.77963 30.348957, -97.779766 30.348952, -97.779884 30.348938, -97.779988 30.348925, -97.780059 30.348909, -97.780135 30.348892, -97.780259 30.348856, -97.780497 30.348766, -97.780669 30.348704, -97.780764 30.348644, -97.780868 30.348574, -97.78095 30.348496, -97.780972 30.348471, -97.78105 30.348374, -97.781107 30.348307, -97.781146 30.348234, -97.781193 30.348141, -97.781213 30.348084, -97.781236 30.348021, -97.781253 30.347909, -97.781259 30.347789, -97.78125 30.34771, -97.781229 30.347614, -97.781193 30.347521, -97.78096 30.347051, -97.780818 30.346569, -97.78063 30.346015, -97.780515 30.345775, -97.780469 30.345711, -97.780386 30.345607, -97.779945 30.345238, -97.779637 30.344999, -97.779495 30.344886, -97.779448 30.34483, -97.779372 30.34474, -97.779264 30.344577, -97.779195 30.344491, -97.779121 30.344402, -97.77904 30.344324, -97.778985 30.344279, -97.778911 30.344236, -97.778819 30.344183, -97.778331 30.343929, -97.777658 30.343632, -97.777668 30.34342, -97.777654 30.3433, -97.777603 30.343174, -97.777578 30.34313, -97.777541 30.34307, -97.777441 30.342932, -97.777336 30.342782, -97.777301 30.342727, -97.777264 30.342661, -97.777162 30.342321, -97.777098 30.34214, -97.776966 30.341765, -97.776947 30.341214, -97.777256 30.341221, -97.778904 30.341259, -97.779363 30.341278, -97.779819 30.341338, -97.780707 30.341464, -97.780739 30.341468, -97.782306 30.341692, -97.782563 30.341827, -97.782701 30.34191, -97.782876 30.34204, -97.783197 30.342329, -97.783653 30.342697, -97.784273 30.343158, -97.784612 30.3434, -97.784745 30.343512, -97.784845 30.343606, -97.784946 30.34373, -97.785054 30.343919, -97.785173 30.344138, -97.785241 30.344318, -97.785329 30.344589, -97.785365 30.344752, -97.785365 30.344879, -97.785356 30.345026, -97.785315 30.345283, -97.785267 30.345478, -97.785211 30.345646, -97.785067 30.345856, -97.784946 30.346021, -97.784872 30.346166, -97.78481 30.346315, -97.784786 30.346437, -97.784786 30.346538, -97.784798 30.346626, -97.784845 30.346744, -97.784916 30.346856, -97.785176 30.347246, -97.785391 30.347609, -97.785453 30.347754, -97.785486 30.347898, -97.7855 30.347999, -97.785506 30.348202, -97.785509 30.348388, -97.785492 30.348642, -97.785395 30.349814, -97.785381 30.350125, -97.785225 30.350999, -97.785185 30.351133, -97.785142 30.351226, -97.785067 30.351311, -97.785017 30.351379, -97.784887 30.35151, -97.784795 30.351573, -97.784549 30.351667, -97.783888 30.351922, -97.78371 30.352, -97.783481 30.352149, -97.783313 30.35227, -97.783266 30.352317, -97.783073 30.35258, -97.782809 30.352877, -97.782528 30.353184, -97.782454 30.353288, -97.782413 30.35335, -97.782391 30.353426, -97.782391 30.353519, -97.782413 30.353648, -97.782463 30.353823, -97.782498 30.353977, -97.782524 30.354187, -97.782543 30.354337, -97.78255 30.354476, -97.782554 30.354596, -97.782578 30.354664, -97.782698 30.355002, -97.782833 30.355346, -97.782922 30.355571, -97.782977 30.355739, -97.783032 30.355854, -97.783152 30.356046, -97.783226 30.356135, -97.783341 30.356229, -97.783494 30.356343, -97.78362 30.356419, -97.784174 30.356716, -97.784352 30.356819, -97.784581 30.356962, -97.784655 30.357005, -97.784738 30.357062, -97.784812 30.35713, -97.784881 30.357196, -97.78514 30.357458, -97.785446 30.357738, -97.785625 30.357886, -97.7858 30.358001, -97.786065 30.358146, -97.786522 30.358352, -97.787007 30.358574, -97.787766 30.358873, -97.787783 30.359657, -97.787803 30.359789, -97.787892 30.360165, -97.788054 30.360756, -97.788183 30.361187, -97.788228 30.361373, -97.788257 30.361541, -97.788266 30.361658, -97.788283 30.361804))",44.6,1842.0,226750.0,11.0,8.0,2172635.1798590394,0.0008478183622707928
"POLYGON ((-97.757157 30.405101, -97.757115 30.40515, -97.757073 30.40518, -97.757025 30.405199, -97.756974 30.40521, -97.756891 30.405216, -97.756524 30.405188, -97.756446 30.405174, -97.756388 30.405172, -97.756295 30.405191, -97.756212 30.405196, -97.756052 30.405189, -97.755968 30.405194, -97.755895 30.405205, -97.755828 30.405224, -97.755757 30.405259, -97.755653 30.405333, -97.755606 30.405386, -97.755539 30.405508, -97.755503 30.405563, -97.755281 30.405963, -97.755217 30.40611, -97.755133 30.406246, -97.755041 30.406371, -97.755015 30.406415, -97.754945 30.406499, -97.754928 30.40651, -97.754779 30.406502, -97.754651 30.406501, -97.754471 30.40652, -97.754434 30.406512, -97.754376 30.406477, -97.754224 30.406363, -97.75415 30.406313, -97.754103 30.4063, -97.754051 30.406304, -97.754014 30.406315, -97.753965 30.406339, -97.753849 30.40642, -97.753802 30.406432, -97.753612 30.406408, -97.753574 30.406398, -97.753125 30.406189, -97.753055 30.406166, -97.752851 30.40611, -97.752825 30.406098, -97.752779 30.406067, -97.752646 30.405953, -97.752541 30.405889, -97.752422 30.405828, -97.75228 30.405783, -97.752115 30.40576, -97.752057 30.405757, -97.752016 30.405764, -97.751962 30.405717, -97.751814 30.405506, -97.751747 30.405378, -97.751679 30.405211, -97.751646 30.405141, -97.751612 30.405082, -97.751608 30.405058, -97.751621 30.404983, -97.751621 30.404944, -97.751601 30.404816, -97.751595 30.404773, -97.751637 30.404742, -97.751811 30.404566, -97.751876 30.404493, -97.751948 30.404413, -97.752015 30.404196, -97.752015 30.404006, -97.751941 30.402926, -97.751944 30.40286, -97.751951 30.402731, -97.75204 30.402379, -97.752201 30.401942, -97.752141 30.401852, -97.752288 30.401877, -97.752559 30.402121, -97.752517 30.402287, -97.752474 30.402373, -97.752478 30.402417, -97.752486 30.40245, -97.752539 30.402587, -97.752563 30.40263, -97.752795 30.402874, -97.752863 30.402937, -97.753039 30.403076, -97.753182 30.403144, -97.753206 30.40316, -97.753237 30.403181, -97.753518 30.403431, -97.753632 30.403521, -97.753782 30.403614, -97.753814 30.403635, -97.75389 30.4037, -97.753924 30.403736, -97.753961 30.403771, -97.754109 30.40387, -97.754178 30.403906, -97.754267 30.403943, -97.754345 30.403969, -97.754427 30.403985, -97.754486 30.40399, -97.75462 30.403967, -97.754701 30.40396, -97.754766 30.403961, -97.754837 30.403971, -97.754918 30.403998, -97.75502 30.404039, -97.7551 30.404063, -97.755156 30.404088, -97.755223 30.404131, -97.755323 30.404195, -97.755397 30.404228, -97.75548 30.404246, -97.755695 30.404346, -97.755772 30.404378, -97.755827 30.404408, -97.755896 30.404437, -97.755928 30.404437, -97.755996 30.404389, -97.756033 30.404381, -97.756073 30.404392, -97.75613 30.404422, -97.75631 30.404559, -97.756378 30.404599, -97.756416 30.404611, -97.756485 30.404683, -97.756662 30.404884, -97.756718 30.404941, -97.756785 30.404992, -97.756845 30.405021, -97.756913 30.405045, -97.757055 30.40508, -97.757135 30.405093, -97.757157 30.405101))",31.1,520.0,77401.0,0.0,19.0,119000.83391356023,0.004369717277592503
"POLYGON ((-97.75989 30.389545, -97.75988 30.390318, -97.759873 30.390388, -97.759836 30.390532, -97.759802 30.390619, -97.759744 30.390732, -97.759699 30.390805, -97.759569 30.39101, -97.759527 30.391047, -97.759068 30.39138, -97.758993 30.391417, -97.758932 30.391441, -97.757505 30.391652, -97.756979 30.391973, -97.756913 30.392039, -97.756855 30.392098, -97.755386 30.394453, -97.754863 30.394805, -97.754757 30.394855, -97.754728 30.39481, -97.754692 30.394754, -97.754622 30.394768, -97.754383 30.394842, -97.754234 30.394878, -97.754005 30.394915, -97.753886 30.394918, -97.75378 30.394916, -97.753705 30.394903, -97.753547 30.39487, -97.753393 30.394825, -97.752774 30.394623, -97.751437 30.394206, -97.749834 30.394147, -97.749771 30.39415, -97.749766 30.39427, -97.749765 30.394327, -97.749764 30.394395, -97.749759 30.394763, -97.749857 30.395164, -97.74997 30.395628, -97.750052 30.396876, -97.749922 30.398048, -97.749615 30.398941, -97.748925 30.400613, -97.748916 30.400635, -97.749042 30.400643, -97.751059 30.400662, -97.751282 30.400691, -97.751495 30.400751, -97.751715 30.400877, -97.75186 30.400999, -97.752023 30.401225, -97.752126 30.401422, -97.752181 30.401629, -97.752204 30.4018, -97.752141 30.401852, -97.752201 30.401942, -97.75204 30.402379, -97.751951 30.402731, -97.751944 30.40286, -97.751941 30.402926, -97.752015 30.404006, -97.752015 30.404196, -97.751948 30.404413, -97.751876 30.404493, -97.751811 30.404566, -97.751637 30.404742, -97.751595 30.404773, -97.751174 30.405078, -97.751078 30.405125, -97.750954 30.405158, -97.750834 30.405185, -97.750678 30.405202, -97.750577 30.405173, -97.7505 30.405184, -97.750386 30.405153, -97.750247 30.405103, -97.750129 30.405049, -97.749298 30.404716, -97.748668 30.404398, -97.748437 30.404268, -97.747877 30.403979, -97.747789 30.403876, -97.747847 30.403696, -97.747901 30.403567, -97.748122 30.403223, -97.746092 30.402275, -97.745823 30.40214, -97.745586 30.402025, -97.745712 30.400708, -97.745734 30.40048, -97.745741 30.400403, -97.745748 30.400345, -97.745763 30.400216, -97.745796 30.399929, -97.745988 30.398268, -97.74606 30.39764, -97.746069 30.397557, -97.746114 30.396908, -97.74619 30.395831, -97.746275 30.394638, -97.746297 30.394358, -97.746314 30.394146, -97.74632 30.394051, -97.746314 30.393868, -97.746306 30.393626, -97.746188 30.392617, -97.746012 30.391867, -97.745968 30.391681, -97.745835 30.391384, -97.745452 30.390523, -97.744941 30.389638, -97.744927 30.389608, -97.745128 30.389545, -97.745277 30.389495, -97.745502 30.389418, -97.745725 30.389343, -97.745801 30.389313, -97.745902 30.389282, -97.74652 30.389068, -97.747175 30.388935, -97.747887 30.388831, -97.748488 30.38877, -97.749318 30.388687, -97.749936 30.388621, -97.750097 30.388603, -97.750281 30.38859, -97.750812 30.388552, -97.751483 30.388506, -97.751705 30.388481, -97.751987 30.388465, -97.7521 30.388454, -97.753364 30.388335, -97.753547 30.388311, -97.753741 30.388301, -97.754144 30.388264, -97.754564 30.388251, -97.755338 30.38824, -97.755428 30.388239, -97.756746 30.38822, -97.756998 30.388222, -97.758416 30.388235, -97.759349 30.388256, -97.75962 30.388263, -97.759843 30.388251, -97.759833 30.388342, -97.759873 30.388396, -97.759897 30.388627, -97.75989 30.389545))",31.9,1536.0,55779.0,127.0,44.0,1248224.960686346,0.0012305474160326185
"POLYGON ((-97.791109 30.433771, -97.790416 30.434457, -97.790174 30.434592, -97.789986 30.4348, -97.789416 30.434718, -97.788909 30.434837, -97.788225 30.435019, -97.787726 30.435311, -97.787347 30.435315, -97.785199 30.436034, -97.784598 30.436074, -97.78358 30.436037, -97.78231 30.436469, -97.781958 30.436894, -97.781432 30.436776, -97.780963 30.43691, -97.780738 30.437285, -97.780747 30.437711, -97.780986 30.438244, -97.780472 30.438451, -97.779989 30.438708, -97.779967 30.438733, -97.779387 30.438401, -97.778386 30.435001, -97.778333 30.434913, -97.778086 30.434502, -97.777988 30.434275, -97.777824 30.433892, -97.777287 30.431946, -97.777868 30.431756, -97.778294 30.431626, -97.778379 30.4316, -97.778465 30.431613, -97.779193 30.431386, -97.779306 30.431337, -97.779413 30.431275, -97.779594 30.431162, -97.779919 30.430961, -97.779995 30.430914, -97.78009 30.43086, -97.780343 30.430709, -97.78077 30.430456, -97.780858 30.430407, -97.780931 30.430366, -97.781175 30.430235, -97.78126 30.430192, -97.781379 30.43012, -97.781821 30.429816, -97.781999 30.429664, -97.782168 30.42949, -97.78244 30.429207, -97.782705 30.428905, -97.782764 30.428842, -97.783044 30.429014, -97.78346 30.429192, -97.78367 30.4293, -97.783893 30.429369, -97.784043 30.429405, -97.784176 30.429422, -97.784226 30.429422, -97.784437 30.429453, -97.784603 30.429482, -97.7847 30.429493, -97.784788 30.429497, -97.78494 30.429491, -97.784982 30.429493, -97.785035 30.429459, -97.785141 30.429412, -97.785217 30.429369, -97.785342 30.429271, -97.785396 30.42924, -97.785453 30.429218, -97.785536 30.429204, -97.785576 30.429192, -97.785634 30.429155, -97.785668 30.429111, -97.785702 30.429083, -97.785793 30.429032, -97.785888 30.428987, -97.785969 30.42894, -97.786075 30.428906, -97.786146 30.428876, -97.786263 30.428808, -97.786519 30.428669, -97.78658 30.428643, -97.78665 30.428623, -97.786746 30.428563, -97.786822 30.428481, -97.78689 30.428376, -97.787007 30.428273, -97.787218 30.428042, -97.787332 30.427962, -97.787386 30.427927, -97.787453 30.427897, -97.787493 30.427897, -97.787515 30.427904, -97.787559 30.427948, -97.787572 30.427967, -97.787601 30.428019, -97.78767 30.428033, -97.787794 30.428025, -97.787836 30.428021, -97.787869 30.428027, -97.788117 30.428099, -97.788072 30.428223, -97.788034 30.428423, -97.787999 30.428539, -97.787986 30.428606, -97.787982 30.428666, -97.788003 30.428804, -97.787996 30.428899, -97.787997 30.429039, -97.788021 30.429221, -97.788029 30.429382, -97.788053 30.429633, -97.788041 30.429794, -97.788049 30.429874, -97.788195 30.430201, -97.788234 30.430276, -97.788344 30.430529, -97.788544 30.430927, -97.788574 30.430965, -97.788606 30.430992, -97.7887 30.431029, -97.788761 30.431065, -97.788782 30.431086, -97.788829 30.431147, -97.788896 30.431253, -97.788926 30.431385, -97.788944 30.431544, -97.789067 30.431732, -97.789106 30.431811, -97.789147 30.431943, -97.789217 30.4321, -97.789312 30.432343, -97.78933 30.432422, -97.789342 30.432537, -97.789357 30.432593, -97.789443 30.43277, -97.78947 30.432813, -97.78956 30.432923, -97.789618 30.43298, -97.789686 30.433018, -97.789737 30.433036, -97.789875 30.433069, -97.789905 30.433092, -97.789975 30.43319, -97.790006 30.433217, -97.790163 30.433295, -97.790369 30.433409, -97.790439 30.433436, -97.790516 30.433458, -97.790615 30.433528, -97.790678 30.43356, -97.790815 30.433602, -97.790987 30.433682, -97.791109 30.433771))",49.3,1417.0,160000.0,10.0,34.0,802339.344995254,0.0017660856454800704
"POLYGON ((-97.761107 30.381944, -97.760399 30.382556, -97.760287 30.382826, -97.76022 30.383073, -97.760344 30.384054, -97.760489 30.385163, -97.760567 30.386327, -97.760281 30.386142, -97.760188 30.386098, -97.760105 30.386071, -97.75995 30.386035, -97.759841 30.386017, -97.759791 30.38602, -97.759593 30.386065, -97.759543 30.386083, -97.75944 30.386139, -97.759261 30.386228, -97.75906 30.386309, -97.758866 30.386396, -97.758806 30.386428, -97.758767 30.38646, -97.758738 30.3865, -97.758719 30.386549, -97.758704 30.386639, -97.758684 30.386705, -97.75865 30.38678, -97.758616 30.386829, -97.758574 30.386869, -97.758512 30.386902, -97.758284 30.386991, -97.75817 30.387026, -97.758059 30.387038, -97.757988 30.387051, -97.757916 30.387073, -97.757862 30.387097, -97.757721 30.387186, -97.757563 30.387259, -97.75736 30.387368, -97.757192 30.387453, -97.757119 30.387473, -97.757031 30.387479, -97.75693 30.387495, -97.756927 30.387524, -97.756974 30.387981, -97.756998 30.388222, -97.756746 30.38822, -97.755428 30.388239, -97.755338 30.38824, -97.754564 30.388251, -97.754144 30.388264, -97.753741 30.388301, -97.753547 30.388311, -97.753526 30.388177, -97.753508 30.388064, -97.753459 30.387359, -97.75348 30.387259, -97.75353 30.387167, -97.753686 30.386965, -97.753949 30.386601, -97.754076 30.386465, -97.754154 30.38633, -97.75421 30.386146, -97.754228 30.386047, -97.754246 30.385919, -97.754253 30.385798, -97.754225 30.385614, -97.754175 30.385369, -97.75415 30.385178, -97.754156 30.384967, -97.7542 30.384789, -97.754303 30.384576, -97.754487 30.38422, -97.754355 30.38373, -97.753629 30.382808, -97.753447 30.382359, -97.753456 30.38204, -97.752994 30.381924, -97.752809 30.38176, -97.752536 30.3815, -97.752194 30.381218, -97.752057 30.381112, -97.751857 30.380993, -97.752189 30.38062, -97.752675 30.380272, -97.753237 30.379555, -97.753796 30.379167, -97.753427 30.37872, -97.752876 30.378365, -97.753471 30.37745, -97.754117 30.37646, -97.755454 30.374355, -97.755728 30.374542, -97.75595 30.37473, -97.756432 30.375193, -97.756779 30.37554, -97.756905 30.375695, -97.757014 30.375877, -97.757225 30.376333, -97.757569 30.377081, -97.757752 30.377538, -97.757818 30.377679, -97.757904 30.377913, -97.757938 30.378005, -97.75804 30.378297, -97.758198 30.378785, -97.758368 30.378762, -97.758498 30.378762, -97.758708 30.378774, -97.758846 30.378792, -97.758935 30.378825, -97.759016 30.378867, -97.759132 30.378934, -97.759404 30.379113, -97.759589 30.379259, -97.75968 30.379333, -97.759765 30.379401, -97.759999 30.379622, -97.760157 30.37989, -97.760256 30.380068, -97.760358 30.380319, -97.760623 30.381419, -97.761107 30.381944))",51.3,852.0,160208.0,0.0,25.0,775683.5108601938,0.0010983861176256991
"POLYGON ((-97.857764 30.130734, -97.857555 30.130936, -97.857406 30.13108, -97.857222 30.13124, -97.857161 30.131196, -97.856786 30.131491, -97.855213 30.132854, -97.853754 30.134119, -97.853131 30.134658, -97.852592 30.135108, -97.852111 30.135513, -97.851212 30.136397, -97.850603 30.137106, -97.850074 30.137494, -97.849341 30.13786, -97.848709 30.138246, -97.847878 30.139702, -97.84725 30.140453, -97.847186 30.14053, -97.84661 30.141033, -97.846688 30.141121, -97.846789 30.141237, -97.84732 30.141846, -97.847491 30.142035, -97.847364 30.142126, -97.84721 30.142242, -97.847118 30.142328, -97.847027 30.14245, -97.846939 30.142584, -97.846932 30.142755, -97.846924 30.143044, -97.846985 30.144343, -97.846987 30.144441, -97.84699 30.144589, -97.847026 30.146159, -97.847103 30.149461, -97.846428 30.149471, -97.846116 30.149475, -97.843552 30.149515, -97.842576 30.149532, -97.839146 30.149609, -97.839088 30.149608, -97.839069 30.149608, -97.839043 30.149607, -97.839025 30.149606, -97.838665 30.149614, -97.838036 30.149628, -97.8375 30.149641, -97.83703 30.149651, -97.83627 30.14971, -97.836035 30.149698, -97.835448 30.149741, -97.833199 30.149834, -97.833198 30.149737, -97.83319 30.149511, -97.833175 30.149111, -97.833149 30.148411, -97.833136 30.148045, -97.833117 30.147451, -97.833104 30.147002, -97.833048 30.145195, -97.832951 30.142056, -97.832953 30.141974, -97.832968 30.140522, -97.831403 30.140582, -97.830299 30.140559, -97.82999 30.140571, -97.830095 30.140147, -97.830755 30.137316, -97.831185 30.13557, -97.831465 30.134432, -97.831807 30.133046, -97.831948 30.132084, -97.832114 30.131479, -97.832271 30.130544, -97.832324 30.12975, -97.832294 30.128955, -97.832259 30.126995, -97.831985 30.121509, -97.831965 30.120833, -97.831921 30.119387, -97.831967 30.11818, -97.832036 30.117203, -97.832243 30.115627, -97.832404 30.114753, -97.832747 30.113667, -97.832772 30.113524, -97.832992 30.112799, -97.834306 30.113743, -97.835753 30.114775, -97.846734 30.122657, -97.847483 30.123195, -97.854638 30.128332, -97.857855 30.130641, -97.857764 30.130734))",31.7,3440.0,155327.0,152.0,65.0,6093131.528367904,0.000564570120304203
"POLYGON ((-97.697723 30.406018, -97.697278 30.407558, -97.697095 30.408188, -97.697071 30.408281, -97.696992 30.408262, -97.69692 30.408246, -97.696604 30.408176, -97.696426 30.408137, -97.695954 30.408133, -97.695258 30.408327, -97.694418 30.408668, -97.694151 30.408709, -97.693887 30.408679, -97.693594 30.40859, -97.693271 30.408432, -97.692943 30.408277, -97.691877 30.407705, -97.691402 30.40753, -97.691068 30.407477, -97.691034 30.407478, -97.690746 30.407489, -97.690555 30.407513, -97.690295 30.407546, -97.689662 30.407314, -97.68946 30.407194, -97.688526 30.406639, -97.686814 30.406359, -97.68574 30.406096, -97.684681 30.405579, -97.683076 30.404776, -97.682143 30.404314, -97.681654 30.404084, -97.680981 30.403737, -97.680686 30.40428, -97.680429 30.404168, -97.680273 30.404085, -97.680139 30.403887, -97.679969 30.403771, -97.679727 30.403989, -97.679603 30.404127, -97.679517 30.404392, -97.67951 30.404644, -97.67951 30.405087, -97.6795 30.405596, -97.679408 30.405759, -97.67924 30.405838, -97.678543 30.405824, -97.678478 30.406176, -97.678257 30.407365, -97.678195 30.4077, -97.678186 30.40775, -97.678176 30.407802, -97.678166 30.407896, -97.677883 30.407889, -97.67774 30.407909, -97.677536 30.407933, -97.67702 30.408046, -97.676246 30.408174, -97.675788 30.408188, -97.675527 30.408129, -97.675235 30.40803, -97.674716 30.407991, -97.675045 30.406315, -97.675192 30.405388, -97.67517 30.404986, -97.675079 30.403409, -97.675058 30.403292, -97.674988 30.402905, -97.674928 30.402572, -97.67479 30.402071, -97.67454 30.401337, -97.674386 30.400949, -97.674175 30.400505, -97.673913 30.399982, -97.67369 30.399512, -97.673674 30.399479, -97.673587 30.399294, -97.673564 30.399246, -97.673529 30.399174, -97.673455 30.399024, -97.673447 30.399007, -97.673404 30.39892, -97.672844 30.397782, -97.671903 30.395235, -97.671774 30.394759, -97.671734 30.394422, -97.671674 30.393813, -97.671643 30.393388, -97.671677 30.392907, -97.671752 30.391862, -97.672229 30.38979, -97.672551 30.388437, -97.672565 30.388382, -97.672814 30.388414, -97.672871 30.388423, -97.673101 30.388462, -97.673466 30.388544, -97.673639 30.388566, -97.673934 30.388592, -97.67428 30.388576, -97.674489 30.388557, -97.674632 30.388531, -97.674716 30.388468, -97.674747 30.388449, -97.67491 30.388371, -97.675089 30.388243, -97.675366 30.388008, -97.675582 30.387867, -97.675779 30.387764, -97.675809 30.387751, -97.675895 30.387714, -97.676171 30.387577, -97.676519 30.387458, -97.676654 30.38742, -97.676871 30.387379, -97.676998 30.387363, -97.677113 30.387355, -97.677225 30.387364, -97.677346 30.387396, -97.677411 30.387427, -97.677456 30.387454, -97.677583 30.387544, -97.677649 30.387605, -97.677678 30.387651, -97.677704 30.387717, -97.677747 30.387866, -97.67775 30.387911, -97.677744 30.387977, -97.677734 30.388048, -97.677707 30.388133, -97.677637 30.388322, -97.677583 30.388427, -97.677527 30.388527, -97.677475 30.388597, -97.677421 30.38865, -97.677355 30.388702, -97.67729 30.38878, -97.677038 30.389044, -97.676951 30.389111, -97.676843 30.389203, -97.676813 30.389239, -97.676772 30.389305, -97.676755 30.389358, -97.676708 30.389656, -97.676704 30.389836, -97.676712 30.389925, -97.676835 30.390558, -97.676905 30.390871, -97.676945 30.391138, -97.676988 30.391289, -97.677031 30.391401, -97.677075 30.391603, -97.677245 30.392002, -97.677368 30.392448, -97.677454 30.392654, -97.677568 30.392886, -97.677682 30.393088, -97.677835 30.393312, -97.678016 30.393601, -97.678238 30.39388, -97.678377 30.394012, -97.678493 30.394087, -97.678848 30.394272, -97.679017 30.394379, -97.679235 30.394529, -97.679427 30.394643, -97.679561 30.394737, -97.679704 30.394812, -97.679794 30.394859, -97.679944 30.394914, -97.680179 30.395011, -97.680268 30.395035, -97.680436 30.395091, -97.680523 30.395119, -97.680722 30.395185, -97.68103 30.395254, -97.681242 30.395269, -97.681401 30.395286, -97.681721 30.395295, -97.681872 30.395285, -97.681988 30.395264, -97.682204 30.395194, -97.682347 30.395128, -97.682468 30.395088, -97.682592 30.395058, -97.682907 30.39502, -97.683112 30.39497, -97.683673 30.394896, -97.683772 30.39487, -97.683962 30.394795, -97.684009 30.394783, -97.684114 30.394747, -97.684182 30.394735, -97.684216 30.394737, -97.684287 30.394755, -97.684359 30.394789, -97.684488 30.394888, -97.684543 30.394937, -97.684613 30.395061, -97.684639 30.395218, -97.684643 30.395498, -97.684626 30.395615, -97.684617 30.395643, -97.684543 30.395739, -97.684359 30.395898, -97.684241 30.396014, -97.684161 30.396058, -97.683997 30.396211, -97.683948 30.396242, -97.683863 30.396328, -97.683752 30.396492, -97.683643 30.39663, -97.683614 30.396681, -97.683596 30.396748, -97.683591 30.396808, -97.68361 30.396917, -97.683662 30.39704, -97.68369 30.397088, -97.683763 30.397172, -97.68385 30.397235, -97.684032 30.397386, -97.684045 30.397411, -97.684097 30.397486, -97.684182 30.397562, -97.684224 30.397617, -97.684306 30.39771, -97.684348 30.397746, -97.684436 30.397797, -97.684559 30.39785, -97.684616 30.39788, -97.684692 30.397909, -97.684862 30.397963, -97.684977 30.398026, -97.685006 30.398045, -97.685072 30.398101, -97.685262 30.398206, -97.685387 30.398255, -97.685486 30.398281, -97.685554 30.398291, -97.68565 30.398325, -97.685726 30.398332, -97.685898 30.39832, -97.685964 30.398328, -97.686084 30.39836, -97.686171 30.398396, -97.68629 30.398459, -97.686401 30.398512, -97.686503 30.398577, -97.686623 30.398646, -97.686874 30.398775, -97.68701 30.398832, -97.687097 30.398882, -97.687286 30.399028, -97.687415 30.399148, -97.687578 30.399306, -97.687851 30.399538, -97.688083 30.399727, -97.688297 30.399909, -97.688423 30.400033, -97.688496 30.400095, -97.688547 30.400145, -97.688581 30.40019, -97.688632 30.400295, -97.688691 30.400371, -97.688732 30.400406, -97.688796 30.40047, -97.68891 30.400547, -97.68895 30.40058, -97.689062 30.400647, -97.689102 30.40066, -97.689177 30.400661, -97.689233 30.400667, -97.68928 30.400681, -97.68937 30.400721, -97.689427 30.400747, -97.689462 30.400776, -97.689538 30.400858, -97.689554 30.40088, -97.689587 30.400967, -97.689607 30.401042, -97.689666 30.401162, -97.689691 30.401243, -97.689734 30.401316, -97.689844 30.401406, -97.689981 30.40149, -97.69012 30.401556, -97.690279 30.401666, -97.690462 30.401833, -97.690668 30.40206, -97.690696 30.402082, -97.690744 30.402098, -97.690893 30.402128, -97.69094 30.402141, -97.691016 30.402174, -97.691093 30.402227, -97.691128 30.402264, -97.69116 30.402347, -97.691173 30.402459, -97.691175 30.402507, -97.691162 30.402685, -97.691149 30.402733, -97.691125 30.402955, -97.691127 30.403007, -97.691192 30.403255, -97.691242 30.40342, -97.691259 30.403455, -97.691306 30.403583, -97.691341 30.403653, -97.691378 30.403712, -97.691445 30.403761, -97.691496 30.403781, -97.691672 30.403819, -97.691755 30.403822, -97.691811 30.403812, -97.691998 30.403747, -97.692148 30.403668, -97.692296 30.403598, -97.692316 30.403593, -97.692586 30.403608, -97.69279 30.403605, -97.692896 30.403597, -97.692959 30.403578, -97.693147 30.403484, -97.693228 30.40346, -97.693446 30.403378, -97.693931 30.403181, -97.6941 30.403098, -97.694223 30.403042, -97.694426 30.402971, -97.694475 30.402929, -97.694497 30.402895, -97.694524 30.402866, -97.694559 30.40284, -97.694598 30.402828, -97.694703 30.402815, -97.694736 30.402818, -97.694901 30.402893, -97.69495 30.402929, -97.69513 30.403108, -97.69517 30.403158, -97.695313 30.403389, -97.695382 30.403531, -97.695406 30.403558, -97.695478 30.403667, -97.695489 30.40369, -97.695507 30.403758, -97.695504 30.40381, -97.695487 30.403852, -97.695455 30.403894, -97.695406 30.403977, -97.69537 30.404029, -97.69534 30.40406, -97.695129 30.404165, -97.695058 30.404224, -97.695018 30.404275, -97.694976 30.404352, -97.694962 30.404414, -97.694968 30.404473, -97.694988 30.404536, -97.695033 30.404586, -97.695226 30.404832, -97.695337 30.404956, -97.695436 30.405076, -97.695458 30.40511, -97.695573 30.405226, -97.695635 30.405274, -97.695935 30.405453, -97.695982 30.405476, -97.696196 30.405565, -97.696398 30.405659, -97.696601 30.405771, -97.696735 30.405834, -97.69694 30.405889, -97.697117 30.405915, -97.697263 30.405952, -97.69737 30.405952, -97.697563 30.40597, -97.697608 30.405973, -97.697736 30.405978, -97.697723 30.406018))",30.0,1764.0,69545.0,75.0,79.0,2386425.6503313817,0.0007391807910525304
"POLYGON ((-98.016031 30.434345, -98.015984 30.434427, -98.015895 30.434524, -98.015747 30.434648, -98.015394 30.434928, -98.015281 30.435045, -98.015238 30.435111, -98.015219 30.435157, -98.015211 30.4352, -98.015203 30.435268, -98.015126 30.435293, -98.015103 30.435327, -98.015091 30.435373, -98.015089 30.435408, -98.015086 30.435457, -98.015068 30.4355, -98.015051 30.435541, -98.015045 30.435584, -98.01506 30.435642, -98.015077 30.435702, -98.015129 30.435887, -98.015146 30.436034, -98.015169 30.436097, -98.015184 30.43614, -98.015184 30.436166, -98.015175 30.436181, -98.015137 30.436253, -98.015001 30.436509, -98.014962 30.436607, -98.014955 30.436669, -98.014962 30.436754, -98.015009 30.436945, -98.015083 30.437166, -98.015098 30.437232, -98.015095 30.437364, -98.015083 30.437454, -98.015064 30.437524, -98.015029 30.437582, -98.014962 30.437656, -98.014889 30.437722, -98.014687 30.437866, -98.014158 30.438215, -98.01403 30.438274, -98.013863 30.438312, -98.013692 30.438332, -98.012959 30.438337, -98.012775 30.438367, -98.012651 30.438406, -98.012522 30.438468, -98.012386 30.438561, -98.011728 30.439141, -98.010891 30.438708, -98.009792 30.438115, -98.009617 30.438048, -98.009518 30.438022, -98.009411 30.438005, -98.009239 30.437979, -98.009123 30.43815, -98.009031 30.438266, -98.008933 30.43835, -98.008782 30.438457, -98.008519 30.438613, -98.008727 30.438915, -98.008759 30.438996, -98.008776 30.439083, -98.008776 30.439181, -98.008765 30.439256, -98.008676 30.439596, -98.008525 30.440072, -98.008192 30.44116, -98.007851 30.44237, -98.00777 30.442573, -98.00766 30.44274, -98.007452 30.442977, -98.007226 30.443244, -98.007157 30.443336, -98.007128 30.443394, -98.007083 30.443549, -98.006902 30.444344, -98.006798 30.444547, -98.006676 30.444709, -98.006526 30.444836, -98.005841 30.445252, -98.005118 30.445585, -98.004218 30.445795, -98.004151 30.445647, -98.00407 30.445543, -98.003894 30.445367, -98.00379 30.445245, -98.003732 30.44515, -98.003717 30.445054, -98.00372 30.444927, -98.003763 30.444521, -98.003886 30.443629, -98.00377 30.44338, -98.003148 30.442691, -98.003075 30.442553, -98.003044 30.442456, -98.003021 30.442354, -98.003027 30.442268, -98.003052 30.442194, -98.003141 30.442005, -98.003344 30.44161, -98.002999 30.441463, -98.002599 30.441257, -98.002211 30.441006, -98.00155 30.440601, -98.001299 30.440459, -98.001014 30.440316, -98.000746 30.440208, -98.000426 30.440094, -97.999942 30.439968, -97.999577 30.439883, -97.998941 30.439729, -97.998749 30.439647, -97.998528 30.439545, -97.99835 30.43943, -97.997864 30.439103, -97.99716 30.438613, -97.996425 30.438115, -97.993844 30.436337, -97.993563 30.436165, -97.993283 30.435931, -97.993167 30.435786, -97.993085 30.435658, -97.992983 30.435473, -97.992874 30.435184, -97.99269 30.434736, -97.994394 30.433977, -97.995206 30.433772, -97.998719 30.433419, -97.999471 30.433462, -97.999706 30.433462, -97.999883 30.433436, -98.000045 30.43339, -98.000691 30.433158, -98.00081 30.433115, -98.000962 30.433075, -98.001226 30.43305, -98.001403 30.43305, -98.001883 30.433067, -98.002832 30.433296, -98.003786 30.433552, -98.004921 30.433892, -98.005068 30.433923, -98.005152 30.433935, -98.005267 30.433944, -98.005369 30.433946, -98.005548 30.433931, -98.005718 30.43391, -98.005856 30.433871, -98.005985 30.433815, -98.006075 30.433756, -98.006168 30.433677, -98.006252 30.433588, -98.006354 30.43348, -98.006457 30.433368, -98.006614 30.433252, -98.006728 30.433191, -98.006827 30.433143, -98.006929 30.433101, -98.007076 30.433062, -98.007183 30.433051, -98.007421 30.433042, -98.008322 30.433129, -98.0089 30.433174, -98.009385 30.43315, -98.010341 30.433058, -98.011348 30.433007, -98.011854 30.432972, -98.013299 30.432849, -98.014102 30.432464, -98.014581 30.432146, -98.015416 30.431501, -98.015597 30.431604, -98.015661 30.431662, -98.015699 30.431731, -98.015717 30.43181, -98.015719 30.431899, -98.015707 30.431983, -98.015668 30.4321, -98.015374 30.43255, -98.015308 30.432686, -98.015277 30.432787, -98.015262 30.432888, -98.015273 30.433253, -98.015301 30.433358, -98.015339 30.433428, -98.015394 30.43349, -98.015705 30.433766, -98.015914 30.43396, -98.015981 30.434034, -98.016027 30.434135, -98.016043 30.434256, -98.016031 30.434345))",51.8,557.0,183050.0,0.0,0.0,1596292.638593561,0.0003489335141523635
"POLYGON ((-97.754117 30.37646, -97.753471 30.37745, -97.752876 30.378365, -97.752515 30.378918, -97.752303 30.379229, -97.752207 30.379354, -97.752101 30.379478, -97.751931 30.379637, -97.751723 30.379784, -97.751553 30.379888, -97.751356 30.379997, -97.751179 30.380091, -97.750897 30.380228, -97.750561 30.379905, -97.749334 30.379281, -97.748926 30.378954, -97.748226 30.378321, -97.747483 30.377643, -97.746926 30.377241, -97.7465 30.377134, -97.745141 30.377205, -97.744026 30.377029, -97.743116 30.37665, -97.742371 30.375942, -97.741568 30.375117, -97.740959 30.374412, -97.740567 30.374148, -97.740963 30.373092, -97.741328 30.372103, -97.741362 30.372028, -97.741155 30.371966, -97.741128 30.371958, -97.740892 30.371887, -97.74068 30.371824, -97.74066 30.371818, -97.739397 30.37144, -97.739344 30.371405, -97.739221 30.371356, -97.739392 30.370945, -97.739606 30.370436, -97.740226 30.368942, -97.740845 30.367447, -97.741446 30.367749, -97.741919 30.367932, -97.742361 30.368137, -97.742601 30.368247, -97.743132 30.368493, -97.744722 30.36929, -97.746085 30.369908, -97.746473 30.370227, -97.746735 30.370634, -97.74697 30.371587, -97.747283 30.371946, -97.747991 30.372309, -97.749325 30.372936, -97.749628 30.373049, -97.7498 30.373087, -97.749972 30.373083, -97.750125 30.373053, -97.750311 30.372982, -97.750647 30.37284, -97.75104 30.37268, -97.751204 30.372627, -97.75148 30.372598, -97.751696 30.372606, -97.751715 30.372607, -97.751904 30.37265, -97.752079 30.372704, -97.752234 30.37278, -97.753278 30.373298, -97.755454 30.374355, -97.754117 30.37646))",58.9,818.0,84250.0,0.0,0.0,1005315.2760060234,0.0008136750923051715
"POLYGON ((-97.766123 30.360526, -97.765722 30.361186, -97.765285 30.361878, -97.764817 30.362592, -97.764361 30.363382, -97.763916 30.364071, -97.763691 30.364388, -97.763572 30.364519, -97.763369 30.364746, -97.763221 30.364633, -97.763105 30.364544, -97.763008 30.364452, -97.762954 30.364385, -97.762875 30.364274, -97.762796 30.364116, -97.762543 30.363666, -97.762389 30.363501, -97.762173 30.363395, -97.761831 30.363242, -97.757663 30.361192, -97.75746 30.361028, -97.757005 30.360546, -97.75533 30.35942, -97.75401 30.358923, -97.754282 30.358518, -97.754358 30.358376, -97.754424 30.358213, -97.754667 30.35749, -97.754736 30.35729, -97.754863 30.357083, -97.755 30.356915, -97.756617 30.355166, -97.761065 30.357165, -97.762142 30.357624, -97.762843 30.35799, -97.76354 30.358321, -97.764441 30.358749, -97.765313 30.359115, -97.766624 30.359647, -97.766123 30.360526))",42.6,700.0,185000.0,21.0,0.0,601201.3144600507,0.001164335444989308
"POLYGON ((-97.75049 30.366892, -97.750058 30.367147, -97.749593 30.367366, -97.749316 30.367622, -97.749157 30.367968, -97.74883 30.368457, -97.748204 30.368884, -97.747883 30.369111, -97.74771 30.369408, -97.747603 30.370082, -97.747261 30.370435, -97.747211 30.370454, -97.746735 30.370634, -97.746473 30.370227, -97.746085 30.369908, -97.744722 30.36929, -97.743132 30.368493, -97.742601 30.368247, -97.742361 30.368137, -97.741919 30.367932, -97.741446 30.367749, -97.740845 30.367447, -97.740865 30.367399, -97.741169 30.366561, -97.741396 30.366054, -97.742137 30.3644, -97.742937 30.362498, -97.743339 30.361478, -97.743419 30.361301, -97.743983 30.361301, -97.744438 30.361299, -97.744736 30.361297, -97.744859 30.3613, -97.74488 30.361297, -97.74521 30.361304, -97.745807 30.361396, -97.746375 30.361564, -97.7467 30.361703, -97.746811 30.361772, -97.746907 30.361834, -97.747758 30.36249, -97.748112 30.362774, -97.748344 30.362978, -97.748672 30.363228, -97.748892 30.36342, -97.749028 30.363552, -97.749147 30.363678, -97.749266 30.363837, -97.749359 30.363995, -97.749423 30.364124, -97.74948 30.364267, -97.749524 30.364408, -97.749567 30.364619, -97.749591 30.364737, -97.749641 30.36496, -97.749663 30.365071, -97.749695 30.365175, -97.74973 30.365279, -97.749774 30.365388, -97.74985 30.365556, -97.749976 30.365735, -97.750052 30.365833, -97.750124 30.365915, -97.750245 30.366021, -97.750824 30.366392, -97.75049 30.366892))",33.4,2046.0,62421.0,103.0,14.0,590948.2862561867,0.003462231886586811
"POLYGON ((-97.744125 30.359885, -97.743863 30.36031, -97.743816 30.360378, -97.743784 30.360439, -97.743479 30.361131, -97.743448 30.361195, -97.743419 30.361301, -97.743339 30.361478, -97.742937 30.362498, -97.742137 30.3644, -97.741396 30.366054, -97.741169 30.366561, -97.740865 30.367399, -97.740845 30.367447, -97.740446 30.367248, -97.738639 30.36635, -97.73762 30.365887, -97.736678 30.365462, -97.736306 30.365294, -97.735848 30.365064, -97.73502 30.364671, -97.734222 30.364264, -97.733423 30.363901, -97.732617 30.363462, -97.731625 30.362977, -97.729343 30.361847, -97.729788 30.360062, -97.730209 30.358622, -97.730312 30.358153, -97.730864 30.356212, -97.730903 30.356147, -97.730941 30.356196, -97.731002 30.356276, -97.735417 30.358313, -97.735445 30.358325, -97.735518 30.35824, -97.735575 30.358142, -97.736406 30.356852, -97.736444 30.356784, -97.736539 30.356825, -97.736584 30.356845, -97.738777 30.357797, -97.73948 30.358084, -97.739526 30.358103, -97.740248 30.358421, -97.740802 30.358545, -97.743751 30.359735, -97.744043 30.359852, -97.744125 30.359885))",48.2,835.0,77206.0,0.0,109.0,1005423.531263226,0.0008304957801722585
"POLYGON ((-97.986577 30.352766, -97.986478 30.352808, -97.986379 30.35284, -97.986235 30.352865, -97.98612 30.352868, -97.985982 30.35286, -97.985943 30.352869, -97.985843 30.352941, -97.985698 30.353029, -97.985581 30.353085, -97.985357 30.353175, -97.98524 30.353221, -97.984873 30.353409, -97.984716 30.353501, -97.98435 30.353753, -97.984268 30.353839, -97.984138 30.353987, -97.983996 30.354174, -97.983931 30.354247, -97.983774 30.354486, -97.983399 30.355033, -97.983345 30.355127, -97.983297 30.355211, -97.983234 30.355333, -97.982542 30.356441, -97.982531 30.357166, -97.98254 30.357272, -97.982551 30.357315, -97.982564 30.357369, -97.982422 30.35743, -97.982136 30.357491, -97.982072 30.357495, -97.982039 30.357495, -97.981871 30.357514, -97.981654 30.357525, -97.981491 30.357515, -97.980909 30.357464, -97.980823 30.357456, -97.980753 30.357457, -97.980372 30.357422, -97.980044 30.357424, -97.979929 30.35744, -97.979732 30.357479, -97.979053 30.357628, -97.978891 30.357663, -97.978875 30.357606, -97.97886 30.35753, -97.978773 30.357107, -97.978405 30.355801, -97.97841 30.355523, -97.978313 30.355271, -97.978101 30.354881, -97.977708 30.354252, -97.977391 30.353732, -97.977188 30.353305, -97.977098 30.353086, -97.977021 30.352826, -97.976956 30.352554, -97.976891 30.352209, -97.97689 30.35183, -97.976887 30.35167, -97.976883 30.351427, -97.976883 30.351413, -97.976894 30.351307, -97.977001 30.350008, -97.977109 30.349027, -97.977163 30.348406, -97.977172 30.347939, -97.977159 30.347638, -97.977123 30.34739, -97.97694 30.346403, -97.976859 30.345949, -97.976776 30.34576, -97.97666 30.345549, -97.976542 30.345376, -97.976414 30.345218, -97.976254 30.345065, -97.976085 30.344944, -97.975911 30.344828, -97.975453 30.344595, -97.9731 30.343373, -97.973206 30.343183, -97.973259 30.343063, -97.973263 30.342998, -97.973251 30.342918, -97.973248 30.342867, -97.973205 30.342794, -97.973155 30.342722, -97.973083 30.342653, -97.972681 30.342304, -97.972432 30.342048, -97.972302 30.341912, -97.972101 30.341681, -97.971808 30.341277, -97.971668 30.341072, -97.971416 30.340702, -97.971138 30.340292, -97.970868 30.339845, -97.970775 30.339677, -97.970612 30.339346, -97.970374 30.338798, -97.970231 30.338409, -97.97017 30.338227, -97.970134 30.337957, -97.970121 30.337746, -97.970161 30.337549, -97.970287 30.337341, -97.970536 30.336788, -97.970594 30.3366, -97.970608 30.336523, -97.970628 30.336412, -97.970621 30.33634, -97.970606 30.336164, -97.970688 30.336139, -97.972432 30.335611, -97.972876 30.335504, -97.973197 30.335477, -97.973717 30.335434, -97.976062 30.335039, -97.976246 30.334994, -97.976266 30.334989, -97.976943 30.334825, -97.976983 30.334909, -97.977017 30.334981, -97.977199 30.335304, -97.977286 30.335426, -97.977421 30.335513, -97.977539 30.335574, -97.977869 30.335662, -97.97809 30.335672, -97.978437 30.335678, -97.978748 30.335747, -97.978932 30.335844, -97.979108 30.336004, -97.980295 30.337315, -97.980434 30.337458, -97.980486 30.337511, -97.980776 30.337654, -97.98101 30.3377, -97.981464 30.337692, -97.981798 30.33772, -97.982065 30.337802, -97.982236 30.337913, -97.982325 30.337971, -97.982499 30.338157, -97.982527 30.338187, -97.982565 30.338308, -97.982616 30.338466, -97.982624 30.338551, -97.982689 30.339216, -97.982701 30.339339, -97.982708 30.339406, -97.982715 30.339469, -97.981952 30.339494, -97.981722 30.33951, -97.980623 30.339588, -97.980126 30.339708, -97.979912 30.339899, -97.979802 30.340142, -97.979647 30.341027, -97.979541 30.341465, -97.979492 30.341603, -97.979444 30.341705, -97.979389 30.341774, -97.979302 30.341853, -97.978707 30.342377, -97.9786 30.342527, -97.978516 30.342679, -97.97847 30.342792, -97.978453 30.342876, -97.978431 30.34311, -97.978439 30.343926, -97.978432 30.344261, -97.9784 30.344444, -97.9783 30.344816, -97.978195 30.345216, -97.97815 30.345758, -97.97814 30.346026, -97.978146 30.346137, -97.978158 30.346227, -97.978191 30.34631, -97.978244 30.346403, -97.978534 30.346828, -97.978837 30.347242, -97.978924 30.347336, -97.979216 30.347565, -97.980048 30.348205, -97.980443 30.348513, -97.980737 30.348875, -97.98122 30.349491, -97.981897 30.350239, -97.982193 30.35058, -97.982636 30.351021, -97.982963 30.351281, -97.983174 30.351419, -97.983381 30.351528, -97.983685 30.351667, -97.984451 30.351945, -97.986598 30.352687, -97.986577 30.352766))",68.2,1326.0,104783.0,0.0,8.0,1426899.5446530108,0.0009292875626521086
"POLYGON ((-97.686467 30.3575, -97.685713 30.358697, -97.684645 30.360419, -97.682471 30.359352, -97.681705 30.358868, -97.680854 30.358435, -97.68004 30.358033, -97.678726 30.360148, -97.678642 30.360252, -97.678557 30.360336, -97.678457 30.360403, -97.678311 30.360487, -97.678151 30.360297, -97.678059 30.360208, -97.677939 30.360128, -97.677676 30.359973, -97.676897 30.359599, -97.67615 30.359241, -97.675024 30.35867, -97.675433 30.357991, -97.675845 30.3573, -97.676285 30.356647, -97.676804 30.355876, -97.677323 30.355089, -97.678475 30.353169, -97.67888 30.352712, -97.678943 30.352635, -97.679033 30.352687, -97.681366 30.354086, -97.681446 30.354129, -97.681551 30.354202, -97.682736 30.354967, -97.682807 30.355014, -97.682885 30.355067, -97.682938 30.355104, -97.68299 30.35514, -97.683369 30.355402, -97.683755 30.355669, -97.683809 30.355698, -97.683875 30.355746, -97.684247 30.355969, -97.68431 30.356007, -97.68439 30.356064, -97.686402 30.357459, -97.686467 30.3575))",39.7,1148.0,250001.0,0.0,26.0,499579.6845386525,0.002297931712455732
"POLYGON ((-97.675192 30.405388, -97.675045 30.406315, -97.674716 30.407991, -97.674512 30.407958, -97.674468 30.407951, -97.673951 30.407863, -97.673811 30.407798, -97.673212 30.407523, -97.672756 30.407326, -97.672299 30.407102, -97.671675 30.406845, -97.670663 30.406356, -97.6702 30.406117, -97.670029 30.406029, -97.669529 30.405794, -97.669049 30.405627, -97.668809 30.405554, -97.668467 30.40545, -97.66604 30.405247, -97.665777 30.405243, -97.664064 30.405166, -97.664027 30.405162, -97.663858 30.405141, -97.663241 30.404966, -97.663105 30.404928, -97.66267 30.404763, -97.661347 30.404126, -97.658414 30.402714, -97.657521 30.402258, -97.657337 30.402159, -97.657044 30.401958, -97.65669 30.401736, -97.656425 30.401525, -97.656 30.401089, -97.655593 30.400619, -97.655366 30.400281, -97.655067 30.399624, -97.655013 30.399508, -97.654992 30.399422, -97.654874 30.398981, -97.654617 30.398009, -97.654506 30.397589, -97.654489 30.397523, -97.654314 30.396864, -97.65381 30.394781, -97.65357 30.393896, -97.653441 30.39342, -97.654102 30.393354, -97.654204 30.393344, -97.654364 30.393329, -97.654602 30.393392, -97.65484 30.393455, -97.655608 30.393861, -97.656485 30.394113, -97.657102 30.394008, -97.657574 30.393746, -97.657895 30.393329, -97.658266 30.392393, -97.658993 30.392634, -97.659238 30.392812, -97.660328 30.393674, -97.661099 30.39399, -97.661302 30.393656, -97.662103 30.392891, -97.662614 30.3933, -97.663499 30.394008, -97.664158 30.394535, -97.664804 30.394978, -97.664903 30.395047, -97.66514 30.39521, -97.665369 30.395322, -97.666469 30.395861, -97.66755 30.39639, -97.668245 30.396734, -97.670536 30.397869, -97.671726 30.398597, -97.672694 30.399072, -97.673016 30.399271, -97.673111 30.399277, -97.673236 30.399285, -97.673391 30.399287, -97.673465 30.399289, -97.673587 30.399294, -97.673674 30.399479, -97.67369 30.399512, -97.673913 30.399982, -97.674175 30.400505, -97.674386 30.400949, -97.67454 30.401337, -97.67479 30.402071, -97.674928 30.402572, -97.674988 30.402905, -97.675058 30.403292, -97.675079 30.403409, -97.67517 30.404986, -97.675192 30.405388))",24.3,3739.0,48690.0,323.0,58.0,1987723.8597003538,0.0018810459922555078
"POLYGON ((-97.661824 30.343792, -97.659218 30.347892, -97.658522 30.348961, -97.658182 30.349468, -97.658014 30.349711, -97.657928 30.349824, -97.657846 30.349896, -97.657587 30.350072, -97.65739 30.350145, -97.656609 30.350305, -97.656005 30.350394, -97.655582 30.350506, -97.655288 30.350646, -97.655088 30.350807, -97.654974 30.35095, -97.654843 30.351153, -97.654791 30.351248, -97.654688 30.351444, -97.654651 30.351524, -97.654458 30.351896, -97.654234 30.352282, -97.654083 30.352482, -97.65391 30.35266, -97.653699 30.352816, -97.653554 30.352894, -97.653238 30.353022, -97.653197 30.35304, -97.653099 30.353084, -97.651905 30.353618, -97.651719 30.353685, -97.651565 30.353728, -97.651365 30.353766, -97.651195 30.35378, -97.65102 30.353788, -97.650758 30.353762, -97.650679 30.353743, -97.650596 30.353723, -97.65045 30.353674, -97.650294 30.353607, -97.649514 30.353235, -97.647641 30.352328, -97.647564 30.352291, -97.647172 30.352096, -97.646427 30.352243, -97.646074 30.352332, -97.645344 30.352508, -97.645288 30.352318, -97.645247 30.351228, -97.64524 30.351042, -97.645218 30.350465, -97.645213 30.350326, -97.645183 30.349527, -97.645172 30.349241, -97.645129 30.348095, -97.645184 30.347673, -97.645181 30.3456, -97.645228 30.343218, -97.645211 30.34305, -97.645206 30.343, -97.645045 30.341421, -97.645026 30.341234, -97.644984 30.340818, -97.644974 30.340832, -97.644966 30.340649, -97.644944 30.340431, -97.644314 30.334242, -97.644261 30.333728, -97.644212 30.333246, -97.644201 30.33312, -97.644144 30.332496, -97.644117 30.331866, -97.64411 30.331776, -97.644095 30.331582, -97.644089 30.331098, -97.644081 30.330506, -97.644072 30.330424, -97.644046 30.330179, -97.644011 30.329851, -97.644004 30.32979, -97.643999 30.329741, -97.643991 30.329666, -97.643998 30.329539, -97.644302 30.329504, -97.644418 30.329493, -97.646836 30.329264, -97.647293 30.329239, -97.647808 30.329209, -97.648172 30.329186, -97.64991 30.329065, -97.650582 30.329018, -97.651753 30.32894, -97.653633 30.328826, -97.654536 30.328752, -97.654771 30.328733, -97.654874 30.328725, -97.6548 30.328844, -97.654757 30.328959, -97.654741 30.329023, -97.654585 30.329636, -97.654557 30.329717, -97.654368 30.330257, -97.653649 30.331746, -97.653297 30.332553, -97.652885 30.333499, -97.652465 30.33443, -97.652047 30.335379, -97.651538 30.33634, -97.652687 30.33696, -97.653668 30.337459, -97.653873 30.337555, -97.655984 30.33854, -97.661039 30.340899, -97.66117 30.34096, -97.66133 30.341041, -97.663062 30.341908, -97.661824 30.343792))",32.9,1927.0,114359.0,57.0,41.0,3054346.914327664,0.0006309041029231545
"POLYGON ((-97.678389 30.344026, -97.678308 30.344141, -97.677954 30.344659, -97.677586 30.34572, -97.677549 30.345818, -97.677485 30.345814, -97.677432 30.34581, -97.67732 30.345795, -97.67718 30.345776, -97.67685 30.3458, -97.676725 30.345814, -97.676358 30.345856, -97.676056 30.345825, -97.676006 30.3458, -97.674176 30.344866, -97.672933 30.344273, -97.672757 30.344214, -97.672612 30.34419, -97.67247 30.344185, -97.672339 30.344185, -97.672222 30.344205, -97.672105 30.344239, -97.672017 30.344278, -97.671908 30.344332, -97.671836 30.344379, -97.671782 30.344426, -97.671648 30.344589, -97.671457 30.34488, -97.671349 30.345015, -97.671213 30.345151, -97.67106 30.345241, -97.670926 30.345291, -97.670807 30.345336, -97.670586 30.345363, -97.670347 30.345336, -97.670162 30.345282, -97.669995 30.345209, -97.668549 30.344493, -97.664316 30.342503, -97.663597 30.342158, -97.663062 30.341908, -97.66133 30.341041, -97.66117 30.34096, -97.661039 30.340899, -97.655984 30.33854, -97.653873 30.337555, -97.653668 30.337459, -97.652687 30.33696, -97.651538 30.33634, -97.652047 30.335379, -97.652465 30.33443, -97.652885 30.333499, -97.653297 30.332553, -97.653649 30.331746, -97.654368 30.330257, -97.654557 30.329717, -97.654585 30.329636, -97.654741 30.329023, -97.654757 30.328959, -97.6548 30.328844, -97.654874 30.328725, -97.659394 30.328426, -97.661714 30.328254, -97.662709 30.328156, -97.664283 30.327965, -97.665877 30.327694, -97.665929 30.327855, -97.665976 30.32807, -97.66606 30.328399, -97.666158 30.328639, -97.666264 30.328796, -97.666451 30.329008, -97.666635 30.329192, -97.666797 30.32936, -97.66695 30.329549, -97.667282 30.329987, -97.667489 30.33046, -97.667578 30.330702, -97.667662 30.330989, -97.667761 30.331489, -97.667979 30.332503, -97.668058 30.332825, -97.668147 30.33324, -97.668226 30.333442, -97.668332 30.334112, -97.668393 30.334337, -97.668515 30.334592, -97.668648 30.334801, -97.668786 30.334969, -97.668954 30.335122, -97.669148 30.335265, -97.669408 30.335418, -97.670575 30.335675, -97.673486 30.335997, -97.674671 30.336132, -97.675047 30.336229, -97.675416 30.3364, -97.67563 30.336532, -97.675795 30.336677, -97.675989 30.336875, -97.676159 30.337093, -97.676248 30.337249, -97.676321 30.337409, -97.676381 30.337581, -97.676421 30.33775, -97.676469 30.338113, -97.676654 30.339535, -97.676823 30.340837, -97.677834 30.343452, -97.678062 30.343759, -97.678226 30.343895, -97.678291 30.343949, -97.678309 30.343964, -97.67834 30.343988, -97.678389 30.344026))",28.0,1552.0,86700.0,275.0,0.0,2807017.8892216263,0.0005528999319738438
"POLYGON ((-97.754665 30.440223, -97.753711 30.441771, -97.753222 30.442565, -97.753099 30.442776, -97.752781 30.443312, -97.751559 30.444905, -97.751156 30.445456, -97.750558 30.44627, -97.750286 30.446662, -97.750009 30.447044, -97.749634 30.44757, -97.7494 30.447723, -97.748645 30.448187, -97.746803 30.449346, -97.746686 30.449404, -97.746595 30.449406, -97.746409 30.44941, -97.746223 30.449417, -97.745765 30.449027, -97.74521 30.448497, -97.744776 30.448038, -97.744288 30.447433, -97.743792 30.446758, -97.743692 30.446597, -97.743341 30.445977, -97.743116 30.445602, -97.742832 30.445043, -97.742289 30.443966, -97.742433 30.443913, -97.742537 30.443875, -97.742559 30.443867, -97.742758 30.443794, -97.7444 30.443192, -97.744499 30.443164, -97.744619 30.443103, -97.746295 30.442484, -97.746416 30.442429, -97.747723 30.441956, -97.748091 30.441807, -97.749654 30.441171, -97.750611 30.440818, -97.752436 30.440095, -97.752602 30.439965, -97.752877 30.439862, -97.753582 30.439614, -97.75407 30.439446, -97.754165 30.439411, -97.754203 30.439397, -97.754236 30.439384, -97.754386 30.439329, -97.754448 30.439308, -97.754523 30.439282, -97.754665 30.440223))",36.4,1481.0,154121.0,22.0,14.0,613945.5265825668,0.0024122661309119043
"POLYGON ((-97.756567 30.265815, -97.7564 30.266227, -97.756358 30.266327, -97.756272 30.26653, -97.756216 30.266733, -97.75583 30.267653, -97.755691 30.267964, -97.755229 30.269034, -97.75521 30.269075, -97.755108 30.26904, -97.755098 30.269063, -97.755197 30.269103, -97.754743 30.270093, -97.754665 30.270267, -97.754594 30.270292, -97.753964 30.271539, -97.752941 30.271133, -97.752521 30.270962, -97.751903 30.27073, -97.75132 30.270559, -97.751262 30.270538, -97.751337 30.270399, -97.751571 30.270086, -97.751784 30.269881, -97.751853 30.269838, -97.752002 30.269771, -97.752251 30.269622, -97.752301 30.269572, -97.752347 30.269542, -97.752418 30.269501, -97.752486 30.269445, -97.752516 30.269406, -97.752538 30.269351, -97.752575 30.269191, -97.752553 30.268917, -97.752543 30.268872, -97.752452 30.268702, -97.752419 30.268657, -97.752373 30.268616, -97.752316 30.268581, -97.752264 30.268565, -97.752206 30.26857, -97.752077 30.268596, -97.752011 30.2686, -97.751758 30.268601, -97.751708 30.268609, -97.751593 30.268614, -97.751556 30.268608, -97.751512 30.268593, -97.751362 30.26856, -97.751321 30.268547, -97.751284 30.268546, -97.751259 30.268543, -97.751228 30.268531, -97.751134 30.268494, -97.751041 30.268456, -97.75096 30.268399, -97.750906 30.268372, -97.750781 30.268271, -97.750756 30.268223, -97.750717 30.268193, -97.750629 30.268153, -97.750583 30.268122, -97.750457 30.268059, -97.750417 30.268019, -97.750373 30.267955, -97.750357 30.267919, -97.750352 30.267887, -97.750366 30.267614, -97.750359 30.267573, -97.750324 30.267449, -97.750307 30.267406, -97.750321 30.267216, -97.750334 30.267163, -97.750349 30.267139, -97.750362 30.267118, -97.750376 30.2671, -97.750397 30.267068, -97.750449 30.266974, -97.7505 30.266854, -97.75052 30.266458, -97.750533 30.266359, -97.750555 30.266319, -97.750643 30.266233, -97.750671 30.266195, -97.750691 30.266154, -97.750699 30.266136, -97.750751 30.266025, -97.750866 30.265834, -97.751001 30.265566, -97.751128 30.265362, -97.751176 30.265281, -97.751337 30.265017, -97.751385 30.264965, -97.752036 30.264186, -97.752654 30.264568, -97.753764 30.264806, -97.7541 30.264883, -97.754495 30.264975, -97.754549 30.264987, -97.754792 30.265043, -97.755365 30.265212, -97.755984 30.26542, -97.756545 30.265668, -97.756611 30.265703, -97.756567 30.265815))",38.0,3126.0,159952.0,0.0,32.0,290212.9187826683,0.010771401952443638
"POLYGON ((-97.752823 30.239906, -97.752786 30.240659, -97.752549 30.241708, -97.752434 30.241923, -97.752038 30.241763, -97.751413 30.241481, -97.750608 30.24113, -97.749647 30.240692, -97.748715 30.24025, -97.748438 30.240071, -97.747743 30.239774, -97.747488 30.239695, -97.74744 30.239677, -97.747153 30.239566, -97.747043 30.239506, -97.746882 30.239393, -97.746376 30.239009, -97.745261 30.238062, -97.744436 30.237297, -97.743595 30.236532, -97.743047 30.236001, -97.742878 30.235839, -97.742538 30.235496, -97.742209 30.235165, -97.741813 30.234335, -97.741781 30.234174, -97.741797 30.233894, -97.742558 30.234066, -97.743196 30.234338, -97.743685 30.23468, -97.745807 30.235779, -97.746222 30.236019, -97.746494 30.236137, -97.746801 30.236262, -97.747199 30.236418, -97.74793 30.236584, -97.747954 30.236587, -97.748804 30.236704, -97.750095 30.236991, -97.750426 30.237064, -97.751493 30.237514, -97.753519 30.23876, -97.752823 30.239906))",30.5,1456.0,63095.0,13.0,0.0,352372.94959815906,0.004131985731766303
"POLYGON ((-97.769348 30.226707, -97.769241 30.22688, -97.768871 30.227464, -97.768535 30.227955, -97.768091 30.228695, -97.767637 30.22945, -97.766802 30.230729, -97.765998 30.232011, -97.765734 30.23241, -97.763869 30.231437, -97.761821 30.2304, -97.761834 30.230309, -97.761876 30.230275, -97.761896 30.230251, -97.761928 30.230145, -97.761956 30.229991, -97.761993 30.229845, -97.76204 30.229525, -97.762057 30.229451, -97.762083 30.229397, -97.762107 30.229371, -97.762147 30.229304, -97.762209 30.229221, -97.762237 30.229194, -97.76232 30.229079, -97.762352 30.229022, -97.762373 30.22895, -97.762493 30.228742, -97.762532 30.22869, -97.761191 30.228058, -97.761626 30.227179, -97.761789 30.226856, -97.762265 30.225913, -97.762505 30.225381, -97.763127 30.224274, -97.763598 30.223409, -97.763794 30.223102, -97.763838 30.223034, -97.763898 30.222942, -97.763955 30.222844, -97.764149 30.222964, -97.764818 30.223376, -97.764938 30.223467, -97.765354 30.223783, -97.765686 30.224029, -97.766116 30.224315, -97.767242 30.22507, -97.767591 30.225304, -97.767723 30.225398, -97.768078 30.225628, -97.768352 30.225812, -97.768859 30.226138, -97.769164 30.226343, -97.769261 30.226399, -97.769466 30.226518, -97.769348 30.226707))",30.0,1658.0,105431.0,64.0,140.0,467547.74828120734,0.0035461618756482457
"POLYGON ((-97.758687 30.220032, -97.758526 30.220207, -97.758477 30.220287, -97.758314 30.220509, -97.756598 30.223167, -97.756382 30.223529, -97.756178 30.223873, -97.756323 30.223958, -97.756253 30.224002, -97.756216 30.224192, -97.756191 30.224231, -97.756129 30.224279, -97.755978 30.224364, -97.755921 30.224387, -97.755882 30.22439, -97.755813 30.224373, -97.755761 30.224349, -97.755702 30.2243, -97.755442 30.224177, -97.755402 30.224182, -97.755365 30.224197, -97.75498 30.224411, -97.754862 30.224493, -97.754547 30.224681, -97.754396 30.224756, -97.754275 30.224828, -97.754246 30.224857, -97.754086 30.224903, -97.753999 30.224934, -97.75395 30.22494, -97.753808 30.224945, -97.75355 30.224956, -97.753423 30.224988, -97.753343 30.224961, -97.753115 30.224983, -97.752771 30.225036, -97.752686 30.22506, -97.752537 30.225118, -97.75251 30.225122, -97.752472 30.225112, -97.752282 30.225025, -97.752237 30.224987, -97.752205 30.224971, -97.752177 30.224975, -97.751915 30.224941, -97.75189 30.224947, -97.75186 30.224966, -97.751825 30.225019, -97.7518 30.225073, -97.75178 30.225101, -97.751721 30.225156, -97.751484 30.225332, -97.751435 30.225338, -97.751387 30.225337, -97.751334 30.225325, -97.751305 30.22533, -97.751267 30.225349, -97.751197 30.22539, -97.750679 30.225162, -97.74965 30.22471, -97.748824 30.224347, -97.74856 30.224174, -97.747691 30.223491, -97.747455 30.223299, -97.747496 30.223232, -97.747992 30.222373, -97.748027 30.222313, -97.748372 30.221705, -97.749385 30.219891, -97.75006 30.218688, -97.750593 30.217732, -97.75063 30.217671, -97.750962 30.217113, -97.751084 30.216911, -97.751287 30.216572, -97.751423 30.216346, -97.751818 30.216423, -97.752117 30.216478, -97.752276 30.216516, -97.752577 30.21661, -97.752796 30.216683, -97.752973 30.216739, -97.753138 30.21681, -97.753291 30.216893, -97.753608 30.217087, -97.753779 30.217205, -97.754367 30.217654, -97.754489 30.217758, -97.755091 30.218241, -97.755247 30.218346, -97.755481 30.21849, -97.755783 30.218667, -97.756137 30.218872, -97.756333 30.218978, -97.756587 30.219108, -97.756901 30.219231, -97.75862 30.219995, -97.758687 30.220032))",41.9,519.0,47260.0,0.0,11.0,640057.3908656446,0.0008108647871374148
"POLYGON ((-97.785125 30.426202, -97.785103 30.426376, -97.785053 30.426528, -97.784978 30.426692, -97.784889 30.426843, -97.784712 30.427085, -97.784592 30.427204, -97.784377 30.427368, -97.783955 30.427663, -97.783407 30.428032, -97.783266 30.428154, -97.783174 30.428258, -97.783103 30.42833, -97.783009 30.428286, -97.782994 30.428279, -97.782899 30.428192, -97.782702 30.428091, -97.782473 30.42803, -97.781937 30.427934, -97.781583 30.427873, -97.781311 30.427788, -97.781059 30.427706, -97.780832 30.427534, -97.77939 30.426166, -97.778276 30.425145, -97.777731 30.425597, -97.777308 30.425962, -97.777206 30.426028, -97.777104 30.426084, -97.776977 30.426131, -97.776657 30.425338, -97.775838 30.423392, -97.775787 30.423281, -97.775738 30.42318, -97.775685 30.423109, -97.775593 30.423006, -97.775456 30.422902, -97.775306 30.422806, -97.775211 30.422754, -97.775107 30.422726, -97.775002 30.422708, -97.774903 30.422703, -97.774771 30.422721, -97.774554 30.422789, -97.774282 30.422211, -97.773973 30.421985, -97.773425 30.42174, -97.772853 30.422416, -97.771933 30.421838, -97.772423 30.421296, -97.772981 30.420664, -97.772699 30.420433, -97.772506 30.420165, -97.772212 30.419207, -97.772098 30.418812, -97.772042 30.418632, -97.771991 30.41853, -97.771928 30.418439, -97.771811 30.418297, -97.771699 30.418204, -97.771592 30.418135, -97.771451 30.418068, -97.771079 30.417883, -97.770321 30.417503, -97.770082 30.417394, -97.769941 30.417351, -97.769825 30.417332, -97.769671 30.417321, -97.769532 30.417334, -97.769393 30.417366, -97.769269 30.417417, -97.769169 30.417475, -97.769094 30.417519, -97.768994 30.417605, -97.768908 30.417697, -97.768797 30.417859, -97.768528 30.418311, -97.767816 30.419409, -97.767348 30.419176, -97.766495 30.419206, -97.766078 30.419021, -97.765829 30.418652, -97.76567 30.418438, -97.7656 30.418342, -97.765531 30.418273, -97.765416 30.418192, -97.765193 30.418074, -97.76471 30.418631, -97.764353 30.419236, -97.764102 30.419109, -97.764019 30.419065, -97.763919 30.418997, -97.763551 30.418705, -97.763516 30.418682, -97.763652 30.418499, -97.764615 30.416993, -97.764513 30.416899, -97.763835 30.416563, -97.763154 30.41624, -97.762516 30.416153, -97.762432 30.416136, -97.762341 30.416107, -97.762264 30.416074, -97.762166 30.416027, -97.762089 30.415983, -97.762018 30.415923, -97.761849 30.415757, -97.762548 30.415281, -97.762887 30.415025, -97.763499 30.414748, -97.763333 30.414156, -97.763357 30.413998, -97.763475 30.413442, -97.764453 30.413611, -97.764719 30.413219, -97.765283 30.412853, -97.766163 30.412466, -97.766777 30.412454, -97.767371 30.412609, -97.767528 30.412249, -97.767597 30.412094, -97.767576 30.411672, -97.767728 30.411658, -97.767839 30.411636, -97.768013 30.411568, -97.768268 30.411446, -97.768687 30.411276, -97.768849 30.411214, -97.76896 30.411201, -97.769109 30.411214, -97.769324 30.411276, -97.769575 30.411363, -97.769701 30.411432, -97.77024 30.411971, -97.770367 30.41208, -97.770491 30.412164, -97.770587 30.41221, -97.770656 30.412238, -97.770882 30.412375, -97.771016 30.41248, -97.771122 30.412614, -97.771361 30.412956, -97.771513 30.413179, -97.771581 30.413322, -97.771634 30.41349, -97.771668 30.413639, -97.771694 30.414255, -97.771729 30.414466, -97.771779 30.414582, -97.771858 30.414671, -97.772039 30.414808, -97.772486 30.415096, -97.772702 30.415245, -97.772889 30.415432, -97.772996 30.415611, -97.773149 30.41589, -97.77329 30.416115, -97.773428 30.416287, -97.773634 30.416459, -97.773878 30.416658, -97.774085 30.416829, -97.774176 30.416933, -97.774245 30.417036, -97.774394 30.417292, -97.774531 30.417559, -97.774657 30.417727, -97.774753 30.417803, -97.774887 30.417868, -97.775013 30.417895, -97.775276 30.417915, -97.775301 30.417803, -97.775585 30.417153, -97.775726 30.416819, -97.775813 30.416695, -97.775919 30.416598, -97.776103 30.416431, -97.776357 30.416307, -97.77661 30.416188, -97.776843 30.416069, -97.77718 30.415916, -97.777355 30.415882, -97.777506 30.415852, -97.777729 30.415855, -97.777688 30.415249, -97.777697 30.415065, -97.777733 30.414931, -97.777801 30.414817, -97.777863 30.414765, -97.777999 30.414669, -97.778282 30.414498, -97.778684 30.414177, -97.778816 30.414101, -97.778924 30.414052, -97.779227 30.413948, -97.779389 30.414485, -97.779409 30.41459, -97.779422 30.414683, -97.779432 30.414814, -97.781788 30.415022, -97.781615 30.415924, -97.781562 30.416484, -97.781349 30.417093, -97.78102 30.418486, -97.780892 30.418998, -97.780795 30.419535, -97.780788 30.419573, -97.780556 30.420661, -97.780537 30.420751, -97.780339 30.42128, -97.780167 30.421739, -97.779998 30.42219, -97.779924 30.422389, -97.779809 30.422876, -97.781062 30.423493, -97.781977 30.423926, -97.78438 30.425078, -97.784449 30.425112, -97.784475 30.425124, -97.784674 30.425153, -97.784803 30.425146, -97.784831 30.425145, -97.784959 30.425138, -97.784982 30.42522, -97.785146 30.425982, -97.785125 30.426202))",45.6,2119.0,233979.0,16.0,40.0,1486907.5710530505,0.0014251053940759022
"POLYGON ((-97.643504 30.478147, -97.643443 30.478214, -97.64313 30.479831, -97.64152 30.481826, -97.641347 30.482039, -97.641281 30.482121, -97.63925 30.48262, -97.637369 30.483082, -97.63642 30.483315, -97.635635 30.483508, -97.635367 30.483574, -97.634632 30.483758, -97.634232 30.483858, -97.633633 30.48401, -97.633502 30.484043, -97.633049 30.484155, -97.632792 30.484131, -97.632499 30.484111, -97.628008 30.485236, -97.627864 30.4849, -97.627391 30.484847, -97.626722 30.483134, -97.625827 30.481151, -97.625746 30.481, -97.626186 30.480991, -97.627009 30.48095, -97.62755 30.480974, -97.628161 30.481071, -97.628979 30.481226, -97.629149 30.480736, -97.62923 30.480464, -97.629311 30.480197, -97.629352 30.480043, -97.629399 30.47975, -97.629399 30.479482, -97.62938 30.479245, -97.62925 30.478777, -97.628956 30.478236, -97.628507 30.477586, -97.628207 30.477101, -97.628096 30.47683, -97.628028 30.47658, -97.627979 30.47618, -97.628004 30.475867, -97.628062 30.475561, -97.628185 30.474958, -97.628301 30.474328, -97.628447 30.473864, -97.628705 30.473622, -97.628814 30.473518, -97.629229 30.473291, -97.629628 30.473207, -97.629744 30.473183, -97.630268 30.473239, -97.630512 30.473323, -97.631075 30.472444, -97.63151 30.471863, -97.631865 30.47158, -97.632289 30.471361, -97.633113 30.471005, -97.633598 30.470787, -97.633891 30.470566, -97.634343 30.469836, -97.634703 30.469288, -97.635101 30.469467, -97.63759 30.47075, -97.637829 30.47086, -97.640616 30.472197, -97.640841 30.472274, -97.641067 30.472316, -97.641233 30.472334, -97.641253 30.472592, -97.641365 30.473089, -97.641641 30.473742, -97.642399 30.475585, -97.642609 30.476096, -97.643161 30.477374, -97.643241 30.47755, -97.643292 30.477662, -97.643457 30.478034, -97.643475 30.478077, -97.6435 30.478136, -97.643504 30.478147))",38.3,3144.0,145063.0,103.0,0.0,1850879.8824491363,0.0016986515601648718
"POLYGON ((-98.066164 30.357342, -98.065488 30.357828, -98.062889 30.359596, -98.062728 30.359729, -98.061453 30.360589, -98.061273 30.360707, -98.061158 30.360753, -98.060527 30.360949, -98.060013 30.361109, -98.059348 30.361362, -98.058664 30.361637, -98.058517 30.361685, -98.058322 30.361765, -98.05821 30.361822, -98.058091 30.361873, -98.058027 30.361918, -98.057737 30.36219, -98.057331 30.362589, -98.056538 30.363325, -98.056065 30.363737, -98.054701 30.36485, -98.053378 30.365815, -98.052918 30.366141, -98.052833 30.366176, -98.052753 30.3662, -98.052638 30.366217, -98.050125 30.36633, -98.049764 30.366358, -98.049489 30.366374, -98.049346 30.366387, -98.049221 30.366393, -98.049077 30.366416, -98.048805 30.36647, -98.048553 30.366534, -98.047664 30.366754, -98.046894 30.366969, -98.046545 30.367068, -98.046175 30.36718, -98.04604 30.367221, -98.045903 30.36725, -98.045785 30.367259, -98.045491 30.367253, -98.045334 30.367247, -98.045049 30.367304, -98.044062 30.367582, -98.043605 30.36771, -98.042753 30.367945, -98.042336 30.368062, -98.042281 30.368068, -98.042172 30.368084, -98.041191 30.368119, -98.039638 30.368149, -98.038779 30.368171, -98.038974 30.367857, -98.039006 30.367794, -98.039025 30.36771, -98.03904 30.367627, -98.039039 30.367443, -98.03903 30.367342, -98.038997 30.367202, -98.038957 30.367084, -98.038883 30.366848, -98.038197 30.365018, -98.038098 30.364778, -98.038037 30.364634, -98.038002 30.364523, -98.03799 30.364442, -98.037981 30.364329, -98.037983 30.364166, -98.038008 30.364038, -98.038061 30.36386, -98.038137 30.363647, -98.038242 30.363426, -98.038309 30.36333, -98.03839 30.363251, -98.038522 30.363144, -98.03867 30.363067, -98.038829 30.362998, -98.039014 30.362924, -98.039175 30.362861, -98.039302 30.362797, -98.039386 30.362729, -98.039533 30.362581, -98.039606 30.362464, -98.039656 30.362321, -98.039681 30.362195, -98.039729 30.361792, -98.039763 30.361565, -98.039791 30.361392, -98.039838 30.361238, -98.039998 30.360799, -98.040149 30.360462, -98.040362 30.360048, -98.04048 30.359838, -98.040737 30.359415, -98.040824 30.359295, -98.040941 30.359169, -98.041143 30.358903, -98.041213 30.358805, -98.041277 30.358705, -98.041336 30.358587, -98.041389 30.358453, -98.041426 30.358302, -98.041459 30.358125, -98.041457 30.357939, -98.041452 30.357693, -98.04141 30.357531, -98.041343 30.357349, -98.041259 30.357178, -98.041057 30.356862, -98.040613 30.35635, -98.040558 30.35628, -98.040415 30.356094, -98.040354 30.35599, -98.040323 30.355912, -98.040284 30.355806, -98.040267 30.355705, -98.040261 30.35557, -98.040239 30.355145, -98.040211 30.355028, -98.040141 30.354879, -98.040054 30.354761, -98.0397 30.354313, -98.039588 30.354234, -98.039437 30.354145, -98.039384 30.354119, -98.039009 30.354052, -98.038824 30.35405, -98.038561 30.354061, -98.03834 30.354089, -98.0381 30.354119, -98.037842 30.354167, -98.037394 30.354265, -98.037095 30.354352, -98.037003 30.354416, -98.036903 30.354446, -98.036726 30.354604, -98.036587 30.354799, -98.036489 30.355084, -98.03642 30.355363, -98.036308 30.355593, -98.036176 30.355704, -98.036002 30.35576, -98.035827 30.355795, -98.035625 30.355795, -98.035409 30.355746, -98.035012 30.355572, -98.034594 30.355391, -98.034065 30.355224, -98.033605 30.355161, -98.033079 30.355087, -98.031334 30.354802, -98.030824 30.354704, -98.030696 30.354664, -98.030315 30.354546, -98.030036 30.354441, -98.029926 30.354395, -98.029799 30.354323, -98.029639 30.354223, -98.029456 30.354094, -98.029295 30.353954, -98.02906 30.353767, -98.028785 30.353545, -98.028623 30.353425, -98.028575 30.353377, -98.028503 30.353302, -98.028416 30.353204, -98.028342 30.353089, -98.028311 30.353021, -98.028277 30.352912, -98.028246 30.352782, -98.028233 30.352688, -98.0282 30.350533, -98.028198 30.350233, -98.028198 30.350067, -98.028176 30.349862, -98.028146 30.349663, -98.028104 30.34946, -98.028058 30.349282, -98.027945 30.348843, -98.0279 30.34866, -98.027819 30.348257, -98.027764 30.347952, -98.027677 30.347418, -98.027612 30.346968, -98.027512 30.346242, -98.027499 30.346176, -98.027474 30.345609, -98.02747 30.345563, -98.027447 30.344994, -98.027429 30.344769, -98.027393 30.34458, -98.027371 30.344494, -98.02729 30.344331, -98.02724 30.344248, -98.027176 30.344144, -98.02691 30.343845, -98.026605 30.343481, -98.026475 30.343334, -98.026394 30.343227, -98.026263 30.34301, -98.026208 30.342936, -98.026167 30.342923, -98.02611 30.34292, -98.025953 30.342912, -98.025959 30.342559, -98.025981 30.342398, -98.026022 30.342267, -98.026098 30.342045, -98.026209 30.341746, -98.026513 30.340836, -98.026941 30.339602, -98.026974 30.339482, -98.026993 30.339366, -98.026994 30.33922, -98.026983 30.33905, -98.026937 30.338865, -98.026876 30.338688, -98.026773 30.338483, -98.026642 30.338315, -98.026501 30.338163, -98.026339 30.338032, -98.02623 30.33796, -98.026112 30.337897, -98.025953 30.337833, -98.025823 30.337781, -98.025709 30.33775, -98.025554 30.33772, -98.025275 30.337672, -98.024953 30.337607, -98.02475 30.337547, -98.024599 30.337489, -98.024458 30.337417, -98.024295 30.337325, -98.024078 30.337133, -98.023978 30.337009, -98.02391 30.336911, -98.023819 30.336762, -98.023721 30.33658, -98.02366 30.336447, -98.023587 30.336278, -98.023531 30.336139, -98.023507 30.335989, -98.023494 30.335879, -98.0235 30.335613, -98.023521 30.335482, -98.023551 30.335364, -98.023626 30.3352, -98.023709 30.335059, -98.023787 30.334897, -98.023839 30.334753, -98.023861 30.334638, -98.023868 30.334542, -98.023868 30.334415, -98.023863 30.334265, -98.023833 30.334128, -98.023737 30.333837, -98.023715 30.333722, -98.023702 30.333617, -98.023693 30.333523, -98.0237 30.33333, -98.023713 30.333234, -98.023785 30.333024, -98.02421 30.331905, -98.024295 30.331762, -98.024384 30.331625, -98.024524 30.3315, -98.025571 30.332348, -98.027465 30.333225, -98.029816 30.335008, -98.03169 30.335932, -98.032809 30.33664, -98.033676 30.337348, -98.034334 30.337886, -98.035681 30.338833, -98.035906 30.338989, -98.036393 30.339259, -98.036687 30.339471, -98.037827 30.339973, -98.039048 30.34011, -98.039807 30.34013, -98.039841 30.340131, -98.040676 30.340153, -98.041454 30.340257, -98.042508 30.340807, -98.043944 30.341864, -98.04604 30.343406, -98.046623 30.343835, -98.048582 30.345278, -98.048917 30.345525, -98.049691 30.346095, -98.050917 30.346699, -98.052237 30.347152, -98.054066 30.347533, -98.054277 30.347562, -98.05432 30.347568, -98.057903 30.348094, -98.058307 30.348101, -98.059333 30.348326, -98.060471 30.348863, -98.061194 30.349266, -98.06178 30.34981, -98.063804 30.352087, -98.064295 30.35269, -98.064618 30.353075, -98.065125 30.353679, -98.065913 30.354618, -98.06747 30.356473, -98.066164 30.357342))",57.1,612.0,226083.0,31.0,0.0,7520045.106118081,8.138249057869285e-05
"POLYGON ((-97.772069 30.348784, -97.772053 30.348909, -97.772013 30.349026, -97.771977 30.349093, -97.77185 30.349298, -97.771575 30.34982, -97.771518 30.350132, -97.771535 30.350275, -97.771584 30.350467, -97.771832 30.351204, -97.771913 30.351425, -97.771931 30.351484, -97.771936 30.351561, -97.771931 30.351692, -97.771911 30.351788, -97.771864 30.35192, -97.771792 30.35207, -97.771341 30.352805, -97.771147 30.353159, -97.771018 30.353373, -97.770909 30.353524, -97.770684 30.353791, -97.770422 30.3541, -97.77014 30.354394, -97.769937 30.354597, -97.769817 30.354698, -97.769475 30.354528, -97.767396 30.353953, -97.76685 30.353628, -97.766158 30.353216, -97.764604 30.351994, -97.764269 30.351684, -97.763854 30.35095, -97.763736 30.35047, -97.763718 30.350184, -97.763723 30.350012, -97.763749 30.349768, -97.763855 30.34901, -97.763939 30.348141, -97.76412 30.346596, -97.76451 30.345435, -97.764658 30.345094, -97.764813 30.344767, -97.764874 30.34413, -97.765102 30.343667, -97.764972 30.343593, -97.76477 30.343496, -97.764107 30.34319, -97.763939 30.343116, -97.763806 30.34307, -97.76358 30.343017, -97.763293 30.34294, -97.763189 30.3429, -97.763106 30.34282, -97.763078 30.34278, -97.763049 30.342575, -97.763288 30.342544, -97.763533 30.342484, -97.763705 30.342422, -97.764225 30.342197, -97.764569 30.342016, -97.764809 30.341842, -97.76586 30.340944, -97.766099 30.340791, -97.766329 30.340681, -97.766534 30.3406, -97.76674 30.340571, -97.766936 30.340547, -97.76717 30.340538, -97.76776 30.340605, -97.768607 30.341006, -97.769053 30.3412, -97.769339 30.341269, -97.769639 30.341315, -97.769711 30.341746, -97.769795 30.341974, -97.769958 30.342236, -97.770141 30.342444, -97.770428 30.342676, -97.770878 30.342944, -97.771279 30.343191, -97.771521 30.343399, -97.77165 30.343587, -97.771724 30.343775, -97.771778 30.344047, -97.771813 30.344799, -97.771865 30.345838, -97.771867 30.346059, -97.77171 30.347062, -97.771707 30.347152, -97.771727 30.347485, -97.771749 30.34756, -97.771766 30.34764, -97.771998 30.348233, -97.772052 30.348474, -97.772069 30.348624, -97.772069 30.348784))",53.6,1353.0,106218.0,4.0,0.0,975028.069297198,0.001387652358536965
"POLYGON ((-97.758347 30.352344, -97.758291 30.352497, -97.758122 30.352757, -97.757926 30.352971, -97.756687 30.35505, -97.756617 30.355166, -97.75506 30.35441, -97.753136 30.353466, -97.753205 30.353366, -97.754519 30.351222, -97.754919 30.350465, -97.75545 30.34986, -97.754026 30.349033, -97.754092 30.348954, -97.754132 30.34885, -97.754144 30.348704, -97.754057 30.347546, -97.75408 30.347371, -97.754167 30.347208, -97.754377 30.346963, -97.754913 30.346401, -97.755045 30.346448, -97.7552 30.346479, -97.755349 30.346499, -97.755479 30.346528, -97.755628 30.346572, -97.755819 30.34673, -97.755921 30.34686, -97.756008 30.347049, -97.756073 30.347311, -97.756095 30.347536, -97.756095 30.347856, -97.756139 30.348183, -97.756404 30.349365, -97.756814 30.350008, -97.757303 30.350772, -97.757398 30.350859, -97.758143 30.351347, -97.75833 30.352129, -97.758353 30.352201, -97.758347 30.352344))",29.5,560.0,65260.0,45.0,0.0,242428.43114745306,0.002309960087393336
"POLYGON ((-97.801421 30.170224, -97.80119 30.170751, -97.800794 30.171367, -97.800756 30.171432, -97.79956 30.17246, -97.799449 30.172555, -97.79834 30.171615, -97.797054 30.17052, -97.795781 30.169347, -97.795703 30.169327, -97.795619 30.169233, -97.795435 30.169042, -97.795056 30.168742, -97.794752 30.168508, -97.794545 30.16836, -97.794265 30.168185, -97.793975 30.168023, -97.793592 30.167849, -97.793296 30.167717, -97.793039 30.167638, -97.792742 30.167552, -97.792379 30.167453, -97.791971 30.167381, -97.791453 30.167292, -97.790959 30.16726, -97.789995 30.167234, -97.788563 30.167217, -97.788565 30.167169, -97.788571 30.167034, -97.788462 30.167031, -97.787363 30.167031, -97.787034 30.167031, -97.786944 30.167026, -97.786838 30.167007, -97.78644 30.166978, -97.786254 30.166975, -97.785941 30.16697, -97.786024 30.166837, -97.786416 30.166212, -97.78665 30.165838, -97.786885 30.165461, -97.78721 30.164942, -97.787952 30.163477, -97.788605 30.161972, -97.789261 30.160315, -97.789315 30.16015, -97.789551 30.160226, -97.789769 30.160297, -97.790472 30.160454, -97.790623 30.16051, -97.790775 30.160596, -97.79089 30.160673, -97.790954 30.160735, -97.791015 30.160805, -97.791065 30.160883, -97.791159 30.16104, -97.791212 30.161109, -97.791325 30.161221, -97.791437 30.16131, -97.791557 30.161387, -97.791686 30.161458, -97.791836 30.161523, -97.791982 30.161574, -97.792146 30.161618, -97.792299 30.161658, -97.792443 30.161692, -97.792621 30.161727, -97.792909 30.161802, -97.795299 30.162501, -97.795819 30.162642, -97.796149 30.162735, -97.796434 30.162821, -97.796766 30.162921, -97.797134 30.16303, -97.797362 30.163099, -97.79767 30.163191, -97.797866 30.163244, -97.798263 30.16333, -97.798503 30.163369, -97.798623 30.163382, -97.798735 30.163392, -97.798878 30.163401, -97.799034 30.163406, -97.79913 30.163408, -97.799292 30.163414, -97.79947 30.163419, -97.799643 30.163415, -97.799824 30.163405, -97.79997 30.163387, -97.800742 30.163278, -97.801057 30.165465, -97.801328 30.167319, -97.801331 30.167425, -97.801418 30.170107, -97.801421 30.170224))",45.2,1830.0,90496.0,0.0,16.0,1007387.9526935971,0.0018165791988149825
"POLYGON ((-97.652473 30.30224, -97.652381 30.302326, -97.651469 30.302786, -97.650726 30.303263, -97.650381 30.303789, -97.650004 30.304386, -97.648604 30.306851, -97.647522 30.308758, -97.647234 30.309266, -97.647044 30.309601, -97.646024 30.311399, -97.645745 30.311987, -97.645648 30.31264, -97.645387 30.31509, -97.644529 30.323318, -97.644439 30.324184, -97.644327 30.325258, -97.644282 30.325763, -97.644143 30.327326, -97.644066 30.328314, -97.64404 30.328635, -97.644026 30.328962, -97.644024 30.32901, -97.644015 30.329222, -97.644012 30.32928, -97.643998 30.329539, -97.641931 30.329662, -97.641606 30.329681, -97.641352 30.329696, -97.638792 30.329848, -97.638081 30.329891, -97.629442 30.330471, -97.627946 30.330581, -97.625377 30.330772, -97.624492 30.330839, -97.623673 30.330901, -97.623604 30.330906, -97.623386 30.330921, -97.623218 30.330933, -97.623071 30.330948, -97.622609 30.330996, -97.62144 30.331146, -97.620541 30.331304, -97.61952 30.331541, -97.618498 30.33181, -97.618434 30.331581, -97.618405 30.331477, -97.618393 30.331434, -97.618479 30.331258, -97.618557 30.331098, -97.618951 30.330293, -97.61974 30.32888, -97.619742 30.328866, -97.620401 30.3288, -97.620735 30.328733, -97.621039 30.328647, -97.621411 30.328539, -97.62203 30.328327, -97.622469 30.328187, -97.623006 30.32798, -97.623387 30.327796, -97.623758 30.32759, -97.623993 30.327431, -97.62419 30.327282, -97.624464 30.327031, -97.624672 30.32682, -97.624784 30.326684, -97.624934 30.32651, -97.625251 30.325944, -97.625432 30.325509, -97.626039 30.323264, -97.626856 30.3202, -97.626871 30.32014, -97.627807 30.316826, -97.628065 30.315883, -97.629504 30.310634, -97.629647 30.310097, -97.629825 30.309432, -97.630047 30.308709, -97.630378 30.307963, -97.630527 30.307755, -97.630781 30.30746, -97.631038 30.307225, -97.631293 30.307025, -97.631575 30.306847, -97.631798 30.306742, -97.631998 30.30665, -97.632214 30.306561, -97.632722 30.306372, -97.633061 30.306332, -97.63357 30.306324, -97.633632 30.306328, -97.633654 30.306329, -97.634053 30.306391, -97.637529 30.306933, -97.638589 30.307098, -97.638804 30.307122, -97.63895 30.307133, -97.639094 30.307139, -97.639384 30.307136, -97.639529 30.307129, -97.639745 30.307109, -97.64003 30.307068, -97.640313 30.30701, -97.640521 30.306954, -97.640725 30.30689, -97.640925 30.306817, -97.641121 30.306733, -97.641269 30.306663, -97.64131 30.306644, -97.641332 30.306632, -97.641391 30.306599, -97.641555 30.306508, -97.641788 30.306359, -97.642009 30.306196, -97.642215 30.306019, -97.642408 30.30583, -97.642519 30.305709, -97.642817 30.305377, -97.642927 30.305246, -97.643295 30.30481, -97.643746 30.304228, -97.644088 30.303751, -97.644334 30.303388, -97.644721 30.302771, -97.64494 30.302393, -97.645138 30.302031, -97.645148 30.302013, -97.645347 30.301629, -97.64559 30.301122, -97.645754 30.300721, -97.646305 30.299371, -97.646345 30.299494, -97.646357 30.299369, -97.64822 30.300237, -97.649445 30.300815, -97.65239 30.302203, -97.652473 30.30224))",26.6,3519.0,61802.0,126.0,124.0,5082054.683830075,0.0006924364688944898
"POLYGON ((-97.745062 30.284038, -97.744947 30.285263, -97.743944 30.285179, -97.742901 30.285084, -97.74181 30.285, -97.741906 30.283797, -97.741991 30.282642, -97.742049 30.282096, -97.741888 30.281735, -97.742687 30.28195, -97.743216 30.282098, -97.743741 30.282238, -97.744187 30.282382, -97.744833 30.282546, -97.745175 30.282663, -97.745062 30.284038))",19.9,1966.0,22132.0,1439.0,90.0,98979.99751551637,0.019862599003316852
"POLYGON ((-97.965279 30.471826, -97.963918 30.472228, -97.963623 30.472315, -97.962981 30.472497, -97.962717 30.47259, -97.962411 30.472709, -97.962334 30.472745, -97.962167 30.472823, -97.961882 30.472979, -97.961416 30.4733, -97.96103 30.473654, -97.959028 30.475564, -97.958875 30.475702, -97.958647 30.47585, -97.957716 30.476231, -97.957023 30.476515, -97.957009 30.476521, -97.956417 30.476659, -97.956087 30.476736, -97.955022 30.476984, -97.953513 30.477337, -97.952982 30.477461, -97.95185 30.477726, -97.9497 30.478228, -97.94923 30.478327, -97.94787 30.478612, -97.947004 30.478794, -97.94667 30.478865, -97.944629 30.479339, -97.943751 30.479584, -97.941956 30.480084, -97.941849 30.480113, -97.941532 30.480202, -97.939566 30.480749, -97.938465 30.481165, -97.937306 30.481605, -97.936772 30.481808, -97.935799 30.481974, -97.93487 30.481951, -97.934005 30.481929, -97.933143 30.482124, -97.932845 30.482191, -97.932071 30.482606, -97.931521 30.483204, -97.931441 30.483292, -97.93106 30.48395, -97.930492 30.48493, -97.930161 30.485428, -97.929538 30.48637, -97.929477 30.486593, -97.929323 30.487169, -97.92924 30.487461, -97.929205 30.487584, -97.929139 30.487739, -97.929016 30.487951, -97.928883 30.488165, -97.928697 30.48839, -97.928558 30.488535, -97.928369 30.488702, -97.928148 30.48886, -97.927866 30.489024, -97.927262 30.489294, -97.927195 30.489115, -97.927162 30.489039, -97.927131 30.488985, -97.927096 30.488945, -97.927055 30.488918, -97.926889 30.48884, -97.926669 30.488754, -97.926591 30.488735, -97.926503 30.488726, -97.926425 30.488729, -97.926323 30.488746, -97.926191 30.488779, -97.926059 30.488824, -97.925989 30.488856, -97.92591 30.488912, -97.925776 30.489128, -97.925715 30.489187, -97.925655 30.489229, -97.925555 30.489273, -97.925453 30.489306, -97.925214 30.489354, -97.925026 30.489386, -97.924782 30.489404, -97.924674 30.489401, -97.924623 30.489395, -97.924518 30.48937, -97.924413 30.489329, -97.924051 30.489152, -97.924005 30.489122, -97.923985 30.489084, -97.923945 30.488884, -97.923896 30.488728, -97.923867 30.488604, -97.923831 30.488534, -97.923844 30.488431, -97.923956 30.488219, -97.924018 30.487999, -97.924023 30.487889, -97.923989 30.487811, -97.92387 30.487707, -97.923301 30.487565, -97.923238 30.487492, -97.923338 30.48736, -97.923017 30.487366, -97.922166 30.48691, -97.92082 30.486281, -97.920786 30.486265, -97.919605 30.485948, -97.919048 30.485507, -97.919313 30.48485, -97.919317 30.4847, -97.919323 30.484451, -97.919344 30.483613, -97.919069 30.483213, -97.918981 30.48303, -97.918501 30.482261, -97.918442 30.482221, -97.917504 30.479556, -97.917108 30.477785, -97.916773 30.476289, -97.916696 30.475943, -97.916417 30.475457, -97.916109 30.47492, -97.915353 30.473974, -97.914779 30.473256, -97.912045 30.470381, -97.911833 30.470158, -97.911417 30.46915, -97.910711 30.469228, -97.910436 30.469259, -97.91016 30.469289, -97.910014 30.469204, -97.909774 30.468347, -97.909638 30.467402, -97.90998 30.46628, -97.910328 30.465867, -97.910527 30.465512, -97.91128 30.46495, -97.912136 30.464566, -97.913026 30.464419, -97.913711 30.464568, -97.915527 30.463641, -97.918526 30.46211, -97.921524 30.460578, -97.921999 30.460335, -97.922256 30.460204, -97.923936 30.458649, -97.924763 30.457433, -97.925275 30.456241, -97.925771 30.453268, -97.925687 30.451267, -97.925676 30.451172, -97.925798 30.451421, -97.926144 30.452127, -97.926485 30.453581, -97.926591 30.454338, -97.92657 30.455175, -97.926469 30.455821, -97.926358 30.45624, -97.926124 30.456574, -97.927267 30.456899, -97.927937 30.457268, -97.928263 30.457381, -97.928852 30.457677, -97.929197 30.457861, -97.929544 30.457975, -97.929911 30.458088, -97.930667 30.458281, -97.931221 30.458327, -97.931859 30.458321, -97.931952 30.458319, -97.93196 30.458281, -97.933933 30.457932, -97.934403 30.457839, -97.934871 30.457845, -97.935006 30.457887, -97.935325 30.457966, -97.936062 30.458223, -97.936451 30.458727, -97.936884 30.459416, -97.937317 30.459849, -97.937797 30.460041, -97.93831 30.460138, -97.93855 30.460138, -97.938966 30.460074, -97.939028 30.460054, -97.939149 30.459887, -97.939335 30.459628, -97.939388 30.459629, -97.939457 30.459608, -97.939572 30.459603, -97.939627 30.459606, -97.939687 30.459623, -97.939791 30.459678, -97.939978 30.459768, -97.940081 30.459828, -97.940138 30.459874, -97.940193 30.459935, -97.94025 30.460028, -97.940283 30.460058, -97.940339 30.460091, -97.940472 30.460146, -97.940585 30.460181, -97.940686 30.460199, -97.941175 30.460223, -97.941505 30.460278, -97.941616 30.46029, -97.941801 30.460292, -97.942322 30.460285, -97.942455 30.46027, -97.942554 30.460245, -97.942654 30.460206, -97.942944 30.460066, -97.943039 30.460027, -97.943122 30.460011, -97.94325 30.46, -97.943323 30.460001, -97.943358 30.46001, -97.943404 30.460047, -97.943595 30.46026, -97.943624 30.460323, -97.943654 30.460347, -97.943768 30.460387, -97.943848 30.46041, -97.943918 30.460418, -97.944136 30.460412, -97.944441 30.460422, -97.944748 30.460447, -97.944798 30.460455, -97.944877 30.460482, -97.944963 30.460526, -97.944987 30.460546, -97.945006 30.460574, -97.94506 30.460703, -97.945089 30.460739, -97.945119 30.460754, -97.945243 30.460768, -97.945951 30.460794, -97.946191 30.460797, -97.946396 30.460787, -97.946723 30.460757, -97.946846 30.460712, -97.946911 30.460706, -97.946969 30.460716, -97.94704 30.460738, -97.947401 30.4609, -97.947432 30.460907, -97.947468 30.460906, -97.947523 30.46089, -97.947559 30.460866, -97.947588 30.460827, -97.947596 30.460804, -97.947604 30.460737, -97.947626 30.460653, -97.947645 30.460626, -97.947669 30.460611, -97.947715 30.460604, -97.94782 30.460608, -97.947867 30.460614, -97.947983 30.460639, -97.948039 30.460657, -97.948123 30.460693, -97.948172 30.460723, -97.948293 30.460834, -97.948378 30.460897, -97.948471 30.460945, -97.948606 30.460996, -97.948772 30.461036, -97.949523 30.46117, -97.949577 30.461177, -97.949712 30.46118, -97.949726 30.461179, -97.949985 30.461167, -97.950199 30.461137, -97.950319 30.461129, -97.950822 30.461107, -97.95094 30.461103, -97.951017 30.461111, -97.951263 30.461166, -97.951394 30.461202, -97.951518 30.461247, -97.951656 30.46131, -97.951765 30.461369, -97.951823 30.461416, -97.95195 30.461611, -97.951966 30.461635, -97.952097 30.461823, -97.952137 30.461866, -97.952189 30.461904, -97.952247 30.461934, -97.952305 30.461952, -97.95239 30.461961, -97.952544 30.462031, -97.952729 30.462098, -97.953277 30.462237, -97.953419 30.46229, -97.953501 30.462316, -97.953578 30.462329, -97.95375 30.462341, -97.953898 30.462343, -97.953964 30.46235, -97.954027 30.462367, -97.954221 30.462449, -97.954271 30.462475, -97.954322 30.462512, -97.954421 30.462615, -97.954529 30.462742, -97.954584 30.46283, -97.954606 30.462917, -97.954668 30.463124, -97.954757 30.46337, -97.954794 30.463442, -97.954823 30.46348, -97.954849 30.4635, -97.954887 30.463482, -97.954908 30.463479, -97.954965 30.46353, -97.955075 30.463608, -97.955233 30.463739, -97.955341 30.463817, -97.95539 30.463845, -97.955464 30.463887, -97.955504 30.463921, -97.955536 30.463964, -97.955646 30.464008, -97.955791 30.464081, -97.955873 30.46416, -97.955929 30.464232, -97.956053 30.464478, -97.956077 30.46458, -97.956189 30.464651, -97.956211 30.464689, -97.956347 30.464965, -97.956464 30.465156, -97.956589 30.465203, -97.956895 30.465539, -97.956996 30.465611, -97.957028 30.465639, -97.957052 30.465671, -97.957059 30.465705, -97.957035 30.465789, -97.956994 30.465896, -97.956976 30.465986, -97.956974 30.466055, -97.957103 30.466145, -97.957129 30.466224, -97.957226 30.466389, -97.957328 30.466581, -97.95735 30.466649, -97.957403 30.466789, -97.95746 30.466947, -97.957525 30.46709, -97.957594 30.467207, -97.957687 30.467316, -97.957755 30.467381, -97.957935 30.467616, -97.958035 30.467762, -97.958197 30.467908, -97.958304 30.467992, -97.958451 30.468142, -97.958564 30.468277, -97.958689 30.468412, -97.958778 30.468484, -97.958874 30.468542, -97.959175 30.468787, -97.959453 30.469041, -97.959554 30.469162, -97.959604 30.469212, -97.959639 30.469259, -97.959686 30.469349, -97.959698 30.469372, -97.959744 30.469495, -97.959837 30.469623, -97.95989 30.469681, -97.960011 30.46977, -97.960138 30.469844, -97.960237 30.469909, -97.960363 30.469963, -97.960461 30.469992, -97.960521 30.470011, -97.960603 30.470029, -97.960717 30.470046, -97.960794 30.47002, -97.960816 30.470021, -97.961015 30.47015, -97.961131 30.470214, -97.961288 30.470277, -97.96133 30.470283, -97.961431 30.470307, -97.961549 30.470363, -97.961589 30.470378, -97.961672 30.470386, -97.961835 30.470443, -97.962021 30.47052, -97.962104 30.470568, -97.962288 30.47063, -97.962356 30.470637, -97.962576 30.470641, -97.962693 30.470623, -97.962814 30.470613, -97.962984 30.470613, -97.963154 30.470623, -97.963251 30.47064, -97.963341 30.470668, -97.963404 30.470685, -97.963478 30.470705, -97.963709 30.470801, -97.963876 30.470876, -97.9641 30.470991, -97.964366 30.471106, -97.964454 30.471153, -97.964646 30.471273, -97.964734 30.471322, -97.964775 30.471339, -97.964878 30.471371, -97.965067 30.471591, -97.965135 30.471691, -97.965214 30.47175, -97.965279 30.471826))",56.7,792.0,120313.0,14.0,0.0,10360439.17760021,7.644463583284613e-05
"POLYGON ((-97.745156 30.261699, -97.745007 30.262115, -97.744865 30.26251, -97.744567 30.263382, -97.743207 30.26303, -97.742104 30.262691, -97.741076 30.262395, -97.74 30.262107, -97.739456 30.261969, -97.739351 30.261939, -97.738792 30.261782, -97.736767 30.26123, -97.736553 30.261207, -97.736885 30.260143, -97.737174 30.259136, -97.73724 30.258816, -97.737298 30.258262, -97.737293 30.258163, -97.73728 30.257764, -97.737281 30.257522, -97.73727 30.257326, -97.737258 30.257128, -97.737098 30.255989, -97.736894 30.254951, -97.736657 30.253851, -97.736375 30.252477, -97.736292 30.25207, -97.73625 30.251868, -97.736166 30.251412, -97.73615 30.251322, -97.736002 30.25065, -97.735994 30.250611, -97.736057 30.250641, -97.736159 30.250689, -97.736236 30.250729, -97.736319 30.250765, -97.736796 30.25101, -97.737141 30.251188, -97.737846 30.251523, -97.738264 30.251837, -97.738476 30.252039, -97.738567 30.252157, -97.73922 30.252759, -97.739544 30.253091, -97.739677 30.253227, -97.740345 30.253978, -97.740501 30.254175, -97.740722 30.254453, -97.740982 30.254788, -97.7412 30.255258, -97.741918 30.257009, -97.742003 30.257553, -97.742069 30.257915, -97.742111 30.258144, -97.742219 30.258604, -97.742506 30.25916, -97.742718 30.259539, -97.742814 30.25971, -97.743157 30.260165, -97.74368 30.260695, -97.743762 30.26076, -97.744236 30.261135, -97.744331 30.261192, -97.744892 30.26153, -97.745078 30.26161, -97.745175 30.261651, -97.745156 30.261699))",46.2,2844.0,166721.0,0.0,0.0,566253.1047575612,0.0050224890179059525
"POLYGON ((-97.969007 30.210884, -97.968767 30.211053, -97.968662 30.211149, -97.96813 30.211629, -97.967567 30.212238, -97.966612 30.213341, -97.965795 30.214305, -97.963754 30.216682, -97.96303 30.21728, -97.962146 30.217973, -97.960736 30.21891, -97.959885 30.219453, -97.959316 30.219817, -97.956823 30.22141, -97.955914 30.221991, -97.954972 30.222571, -97.953309 30.223307, -97.953085 30.223418, -97.952975 30.223472, -97.949605 30.224839, -97.947344 30.225757, -97.946007 30.226347, -97.944804 30.226878, -97.943662 30.227339, -97.941988 30.228014, -97.940814 30.228497, -97.939672 30.228966, -97.938123 30.229603, -97.936775 30.230008, -97.935803 30.230267, -97.93494 30.230429, -97.934636 30.230472, -97.931796 30.230978, -97.927455 30.231707, -97.927408 30.231715, -97.925981 30.231971, -97.921368 30.232766, -97.91945 30.233097, -97.916132 30.233698, -97.914468 30.233999, -97.912175 30.234414, -97.911076 30.234498, -97.91108 30.233746, -97.911087 30.233139, -97.911099 30.232945, -97.911137 30.232807, -97.911494 30.232125, -97.912447 30.230497, -97.912405 30.230378, -97.912294 30.230238, -97.912132 30.230005, -97.912038 30.229855, -97.912007 30.229689, -97.911998 30.229448, -97.911976 30.229364, -97.911924 30.229258, -97.911841 30.229198, -97.911564 30.229065, -97.913585 30.22586, -97.911337 30.224842, -97.909964 30.224158, -97.910979 30.222475, -97.908666 30.221348, -97.908466 30.221148, -97.908379 30.221062, -97.908161 30.220524, -97.908226 30.21945, -97.90729 30.219471, -97.904681 30.219762, -97.90446 30.219867, -97.904058 30.220059, -97.902628 30.221429, -97.901937 30.221893, -97.900853 30.222621, -97.900615 30.22194, -97.899951 30.221006, -97.899507 30.220591, -97.899748 30.220158, -97.89984 30.219816, -97.899886 30.21949, -97.898852 30.219448, -97.896336 30.218231, -97.895345 30.219832, -97.894437 30.221199, -97.8941 30.221307, -97.893728 30.221296, -97.893254 30.221074, -97.893223 30.22106, -97.893619 30.220064, -97.893966 30.21919, -97.89423 30.218528, -97.894326 30.218286, -97.894442 30.217975, -97.894689 30.217316, -97.896498 30.214403, -97.896843 30.213857, -97.896875 30.213807, -97.896882 30.213796, -97.896893 30.213779, -97.897372 30.21302, -97.897447 30.212901, -97.898203 30.211703, -97.89882 30.210725, -97.898881 30.210629, -97.898958 30.210541, -97.89922 30.210245, -97.899768 30.209826, -97.900887 30.209393, -97.901322 30.209327, -97.901412 30.209313, -97.902861 30.209305, -97.903365 30.209303, -97.903573 30.209319, -97.903772 30.209335, -97.903924 30.209347, -97.906295 30.209907, -97.907512 30.209965, -97.908272 30.209675, -97.90883 30.209334, -97.909293 30.208831, -97.910273 30.207279, -97.91106 30.206022, -97.911592 30.205104, -97.91179 30.204947, -97.911998 30.204794, -97.912762 30.20447, -97.913683 30.204269, -97.915299 30.203916, -97.915814 30.203802, -97.915941 30.203774, -97.916477 30.203656, -97.917559 30.203173, -97.917972 30.202874, -97.918369 30.202442, -97.918566 30.202135, -97.919217 30.201131, -97.919527 30.200644, -97.919577 30.200566, -97.919906 30.200053, -97.921081 30.198359, -97.921172 30.198106, -97.922497 30.196033, -97.9232 30.194945, -97.923508 30.194499, -97.924105 30.193669, -97.924434 30.193337, -97.925205 30.1924, -97.925345 30.192225, -97.925602 30.191906, -97.926026 30.191378, -97.926398 30.19086, -97.926524 30.190673, -97.926958 30.189953, -97.927902 30.188388, -97.92845 30.18748, -97.928703 30.186927, -97.928856 30.1862, -97.928875 30.185706, -97.928796 30.184418, -97.928751 30.182682, -97.928737 30.182122, -97.928808 30.181703, -97.929646 30.182304, -97.944816 30.19315, -97.948131 30.195531, -97.950901 30.197507, -97.959362 30.20354, -97.969337 30.210672, -97.969007 30.210884))",48.9,2999.0,152188.0,91.0,27.0,20240527.978923574,0.00014816807165914117
"POLYGON ((-98.016073 30.376977, -98.015954 30.378376, -98.01581 30.379688, -98.015394 30.380856, -98.014786 30.38212, -98.01333 30.383448, -98.012937 30.383817, -98.012256 30.384463, -98.011164 30.385564, -98.009993 30.386648, -98.008388 30.38817, -98.006478 30.389965, -98.00513 30.391292, -98.00424 30.3922, -98.003718 30.392732, -98.002562 30.393769, -98.001712 30.394674, -98.001439 30.394724, -98.000947 30.394846, -97.999415 30.395226, -97.996417 30.396934, -97.992933 30.398842, -97.990243 30.400572, -97.988321 30.401548, -97.98815 30.401738, -97.985827 30.398919, -97.985723 30.398793, -97.985105 30.398043, -97.984711 30.397346, -97.98465 30.397198, -97.984627 30.397091, -97.984604 30.396864, -97.984506 30.395763, -97.984542 30.395241, -97.984535 30.395068, -97.984087 30.394609, -97.98372 30.394063, -97.983398 30.393815, -97.982731 30.392923, -97.982665 30.392556, -97.982806 30.3923, -97.982978 30.392177, -97.983167 30.392144, -97.983599 30.392119, -97.984424 30.392253, -97.986017 30.392933, -97.986179 30.392982, -97.986275 30.39297, -97.986345 30.392933, -97.986359 30.392865, -97.986341 30.392805, -97.986291 30.392737, -97.986206 30.39264, -97.986044 30.392442, -97.985919 30.39226, -97.985604 30.391832, -97.985258 30.391322, -97.985123 30.391147, -97.985028 30.391065, -97.984951 30.391007, -97.984838 30.39094, -97.984553 30.3908, -97.984128 30.39061, -97.983663 30.390402, -97.983411 30.390277, -97.983151 30.390109, -97.982993 30.389982, -97.982946 30.389919, -97.982904 30.389841, -97.982876 30.389754, -97.982861 30.389647, -97.982866 30.389542, -97.982906 30.389394, -97.982978 30.389242, -97.983181 30.389002, -97.983471 30.388734, -97.983588 30.388627, -97.983671 30.388574, -97.983743 30.388522, -97.984103 30.388322, -97.984336 30.388184, -97.984453 30.388132, -97.984583 30.388087, -97.984713 30.388069, -97.984833 30.388057, -97.984931 30.388059, -97.985091 30.388084, -97.985301 30.388137, -97.985614 30.388272, -97.985849 30.388384, -97.985972 30.388487, -97.986216 30.388647, -97.98661 30.388944, -97.986826 30.389097, -97.986941 30.38918, -97.987074 30.389238, -97.987234 30.389284, -97.987364 30.389294, -97.987474 30.389274, -97.987586 30.389212, -97.987721 30.389147, -97.987693 30.389028, -97.987631 30.388287, -97.987601 30.387979, -97.987601 30.387769, -97.987641 30.387514, -97.987652 30.387124, -97.987606 30.386869, -97.987526 30.386699, -97.987436 30.386559, -97.987331 30.386484, -97.987096 30.386364, -97.985908 30.385882, -97.985442 30.385724, -97.985378 30.385656, -97.985442 30.385512, -97.985487 30.385492, -97.985586 30.385448, -97.985842 30.385384, -97.985531 30.385221, -97.985247 30.384937, -97.984831 30.384918, -97.984415 30.384899, -97.983393 30.384899, -97.982769 30.384975, -97.981553 30.384299, -97.982147 30.383714, -97.982482 30.383384, -97.983922 30.382168, -97.98438 30.381766, -97.984962 30.381256, -97.986362 30.380214, -97.987084 30.379542, -97.987426 30.379227, -97.988085 30.378692, -97.988578 30.378293, -97.989586 30.377469, -97.990594 30.377491, -97.991495 30.37723, -97.992595 30.376912, -97.994787 30.37603, -97.998638 30.374675, -97.998635 30.374473, -97.998886 30.374445, -97.998991 30.374434, -98.00031 30.374351, -98.00041 30.374348, -98.00258 30.374279, -98.002631 30.374277, -98.003602 30.373816, -98.003751 30.373745, -98.004223 30.373546, -98.004565 30.373379, -98.005033 30.373121, -98.005447 30.372915, -98.006261 30.372508, -98.006734 30.37227, -98.007037 30.372118, -98.007307 30.371983, -98.007647 30.371812, -98.00801 30.371632, -98.008578 30.371413, -98.009173 30.371186, -98.009424 30.371117, -98.010658 30.370952, -98.011938 30.371368, -98.012482 30.371656, -98.012898 30.37196, -98.013346 30.37244, -98.01397 30.373176, -98.01429 30.373608, -98.014434 30.373768, -98.014849 30.374451, -98.014882 30.374504, -98.015122 30.375016, -98.015554 30.375688, -98.016082 30.376872, -98.016073 30.376977))",56.4,1619.0,112250.0,19.0,26.0,6186900.818141523,0.00026168190627085723
"POLYGON ((-98.002084 30.365807, -98.002069 30.365906, -98.002023 30.366022, -98.001982 30.366157, -98.001916 30.36629, -98.001852 30.366393, -98.001731 30.366511, -98.00162 30.366578, -98.001568 30.366621, -98.001448 30.366729, -98.001359 30.366858, -98.001295 30.366976, -98.000786 30.366836, -98.000344 30.3667, -98.000071 30.366635, -97.999704 30.366554, -97.999408 30.366463, -97.99929 30.366452, -97.999165 30.36645, -97.998984 30.366437, -97.998825 30.36641, -97.998711 30.366371, -97.99863 30.36633, -97.998539 30.36628, -97.998357 30.366196, -97.998245 30.366135, -97.998005 30.366035, -97.997623 30.366017, -97.997544 30.366033, -97.997433 30.366077, -97.997351 30.366129, -97.997288 30.366179, -97.997181 30.36628, -97.997091 30.366381, -97.997 30.366482, -97.99696 30.366509, -97.996863 30.366554, -97.996775 30.366587, -97.996672 30.36661, -97.996566 30.36661, -97.996472 30.366602, -97.996337 30.366563, -97.99619 30.366514, -97.996049 30.366458, -97.995892 30.366403, -97.99563 30.366351, -97.995518 30.366335, -97.995428 30.366334, -97.994411 30.366657, -97.993275 30.366532, -97.993375 30.366249, -97.993408 30.366086, -97.993426 30.365898, -97.993423 30.365529, -97.993399 30.3652, -97.993352 30.364827, -97.993309 30.364486, -97.993276 30.364032, -97.993023 30.363365, -97.991763 30.362318, -97.99119 30.36192, -97.990693 30.361444, -97.99039 30.360998, -97.989919 30.360651, -97.989605 30.360673, -97.989347 30.360822, -97.989207 30.360939, -97.988454 30.361912, -97.987509 30.362596, -97.986781 30.363058, -97.986405 30.363194, -97.986002 30.363233, -97.985264 30.36322, -97.985211 30.363221, -97.985055 30.363224, -97.983903 30.363217, -97.983426 30.363153, -97.983144 30.363049, -97.982494 30.362724, -97.981472 30.361877, -97.981111 30.361402, -97.981035 30.361267, -97.980821 30.36032, -97.980814 30.359857, -97.98081 30.359593, -97.980827 30.359344, -97.980838 30.359181, -97.980846 30.359065, -97.980837 30.358822, -97.98083 30.358132, -97.980823 30.357456, -97.980909 30.357464, -97.981491 30.357515, -97.981654 30.357525, -97.981871 30.357514, -97.982039 30.357495, -97.982072 30.357495, -97.982136 30.357491, -97.982422 30.35743, -97.982564 30.357369, -97.98259 30.357357, -97.982709 30.357293, -97.98284 30.357204, -97.982961 30.357112, -97.983478 30.356728, -97.983698 30.35659, -97.983888 30.356487, -97.983995 30.356434, -97.984042 30.356411, -97.98413 30.356371, -97.984455 30.356203, -97.984623 30.356116, -97.984882 30.355982, -97.985147 30.355841, -97.985779 30.355504, -97.985989 30.355398, -97.986204 30.355322, -97.98639 30.35527, -97.986616 30.355234, -97.986754 30.355232, -97.986892 30.355249, -97.987221 30.35534, -97.987511 30.355462, -97.987622 30.355516, -97.987729 30.355571, -97.988206 30.355786, -97.988353 30.355847, -97.988504 30.355896, -97.98865 30.355937, -97.988802 30.355959, -97.988926 30.355965, -97.989206 30.355938, -97.989345 30.355912, -97.989451 30.355882, -97.989549 30.355838, -97.989759 30.35572, -97.98999 30.355485, -97.990217 30.355163, -97.990312 30.354994, -97.99036 30.354907, -97.990394 30.354854, -97.990923 30.353908, -97.990983 30.353813, -97.991564 30.352836, -97.991583 30.352799, -97.991672 30.35263, -97.991792 30.352477, -97.991878 30.352388, -97.991949 30.352327, -97.992088 30.352229, -97.992236 30.352139, -97.99242 30.352033, -97.992755 30.351864, -97.993048 30.351716, -97.99326 30.351622, -97.993392 30.351569, -97.993557 30.351541, -97.993698 30.351537, -97.993936 30.351564, -97.994113 30.351622, -97.994378 30.351738, -97.994852 30.351985, -97.995317 30.352219, -97.995512 30.352357, -97.995667 30.352507, -97.995767 30.35266, -97.995817 30.352985, -97.995863 30.353843, -97.995858 30.354089, -97.995863 30.3542, -97.995897 30.35509, -97.995916 30.356032, -97.995924 30.356084, -97.99593 30.356121, -97.995928 30.356174, -97.995968 30.356668, -97.996076 30.357016, -97.996264 30.3574, -97.996513 30.357734, -97.996554 30.357791, -97.996621 30.357863, -97.997479 30.35874, -97.998189 30.359483, -97.998264 30.359563, -97.998326 30.359624, -97.999056 30.360312, -97.999336 30.360503, -97.999424 30.360567, -97.999498 30.360629, -97.999656 30.360763, -98.000065 30.361108, -98.001059 30.361812, -98.001156 30.361857, -98.001077 30.361954, -98.000992 30.362033, -98.000875 30.362133, -98.00073 30.362213, -98.000514 30.362301, -98.000474 30.362307, -97.99947 30.36246, -97.999554 30.362718, -97.999595 30.362909, -97.999608 30.362965, -97.99965 30.363046, -97.999726 30.363205, -97.999773 30.363302, -97.999833 30.363386, -97.999908 30.363461, -97.999985 30.363562, -98.000053 30.363654, -98.000134 30.363708, -98.000235 30.363749, -98.00043 30.363813, -98.000645 30.363878, -98.000869 30.363934, -98.001128 30.364, -98.00129 30.364039, -98.001468 30.36409, -98.001541 30.364123, -98.00159 30.364157, -98.001648 30.364238, -98.001673 30.364317, -98.001666 30.364382, -98.001629 30.364542, -98.001565 30.364756, -98.001509 30.364894, -98.001435 30.365064, -98.001602 30.365113, -98.001673 30.365135, -98.001772 30.36519, -98.001944 30.365302, -98.002036 30.365403, -98.002069 30.365482, -98.002081 30.36559, -98.002084 30.365807))",54.3,1456.0,145972.0,35.0,0.0,1706703.2525749912,0.0008531067119039339
"POLYGON ((-98.090551 30.312137, -98.090284 30.31231, -98.090137 30.312421, -98.089789 30.312728, -98.089597 30.312953, -98.08949 30.313112, -98.089416 30.313363, -98.089305 30.313733, -98.089176 30.313995, -98.089054 30.314183, -98.088966 30.314287, -98.088855 30.314364, -98.088751 30.31442, -98.088629 30.314468, -98.0885 30.314497, -98.088341 30.314505, -98.088061 30.31449, -98.087865 30.314501, -98.087625 30.31459, -98.087499 30.314671, -98.087429 30.314789, -98.087362 30.314963, -98.087303 30.315329, -98.08724 30.315558, -98.087189 30.315657, -98.087085 30.315772, -98.086997 30.315861, -98.086871 30.315942, -98.086723 30.316027, -98.086383 30.316163, -98.086095 30.316285, -98.085966 30.316367, -98.085855 30.316459, -98.085774 30.316559, -98.085689 30.316714, -98.085637 30.316828, -98.085593 30.317006, -98.085552 30.317198, -98.085534 30.317394, -98.085504 30.317482, -98.085423 30.317604, -98.085282 30.317804, -98.085161 30.318007, -98.085079 30.318206, -98.08505 30.318384, -98.085031 30.318565, -98.08502 30.318845, -98.085002 30.319134, -98.084968 30.319304, -98.084895 30.319433, -98.084802 30.319522, -98.084632 30.319647, -98.084422 30.319758, -98.084237 30.319836, -98.084015 30.319921, -98.083816 30.320017, -98.083716 30.320105, -98.083565 30.320253, -98.083461 30.320408, -98.083406 30.320563, -98.083347 30.320763, -98.08331 30.321036, -98.083262 30.321372, -98.083221 30.321627, -98.083192 30.321797, -98.08318 30.322034, -98.083173 30.322292, -98.083162 30.322621, -98.083136 30.323068, -98.083047 30.3235, -98.082929 30.323847, -98.082822 30.324113, -98.082711 30.324365, -98.082663 30.324583, -98.082641 30.324756, -98.082641 30.324974, -98.082652 30.325107, -98.08266 30.325222, -98.082648 30.325351, -98.082578 30.325698, -98.082552 30.325809, -98.082486 30.325905, -98.082379 30.326116, -98.082342 30.326201, -98.082283 30.326278, -98.082227 30.326378, -98.082131 30.326618, -98.082072 30.326807, -98.082024 30.326895, -98.081991 30.326969, -98.081972 30.327084, -98.08195 30.327468, -98.08195 30.327841, -98.081928 30.328026, -98.08188 30.328185, -98.081795 30.328343, -98.081703 30.328451, -98.081544 30.328576, -98.081396 30.328716, -98.081245 30.328883, -98.081041 30.329123, -98.080779 30.329459, -98.080524 30.329732, -98.080354 30.329976, -98.080229 30.330172, -98.080129 30.330268, -98.079959 30.330445, -98.079774 30.330623, -98.079645 30.330756, -98.079479 30.330977, -98.079283 30.331275, -98.079109 30.33155, -98.079052 30.331664, -98.078987 30.331809, -98.07893 30.331947, -98.078869 30.332097, -98.07883 30.332254, -98.078819 30.332339, -98.078818 30.332401, -98.078784 30.33286, -98.078716 30.333404, -98.07869 30.333513, -98.078633 30.333606, -98.078552 30.333717, -98.07842 30.33387, -98.07835 30.333975, -98.078315 30.334045, -98.078284 30.334191, -98.078232 30.334369, -98.078175 30.33452, -98.078005 30.33496, -98.077925 30.335146, -98.07772 30.335542, -98.077608 30.335721, -98.07746 30.335933, -98.077314 30.33614, -98.077181 30.336304, -98.076956 30.336565, -98.076773 30.336787, -98.07668 30.336968, -98.076631 30.337095, -98.076578 30.337237, -98.076778 30.337568, -98.076928 30.337864, -98.077037 30.338125, -98.077074 30.338278, -98.077102 30.338421, -98.077112 30.338561, -98.077096 30.338726, -98.077056 30.338888, -98.07699 30.339118, -98.076906 30.339411, -98.076856 30.339626, -98.076732 30.340062, -98.076641 30.340329, -98.076579 30.340566, -98.076551 30.340759, -98.076551 30.340893, -98.076564 30.341021, -98.076595 30.341167, -98.076663 30.341403, -98.076752 30.34167, -98.07683 30.341891, -98.076898 30.342152, -98.076942 30.342333, -98.07697 30.342523, -98.076973 30.342644, -98.076967 30.342971, -98.076967 30.34322, -98.076951 30.343435, -98.076917 30.343643, -98.076892 30.343846, -98.07688 30.344104, -98.076855 30.344247, -98.076839 30.344453, -98.076814 30.344742, -98.076796 30.344966, -98.076759 30.345201, -98.076693 30.345468, -98.076599 30.345689, -98.076512 30.345863, -98.076391 30.346081, -98.076161 30.346476, -98.075955 30.346847, -98.075862 30.346993, -98.07579 30.34708, -98.075684 30.347174, -98.075594 30.347245, -98.075395 30.347345, -98.075174 30.347441, -98.07494 30.347544, -98.074663 30.347659, -98.074479 30.347728, -98.074308 30.347781, -98.073921 30.347885, -98.073477 30.347977, -98.073197 30.348011, -98.072892 30.348045, -98.072649 30.348064, -98.072359 30.348083, -98.072201 30.348092, -98.072039 30.34812, -98.071905 30.348151, -98.071699 30.348238, -98.071522 30.348325, -98.071326 30.348422, -98.071136 30.348515, -98.070943 30.348621, -98.070734 30.348711, -98.070498 30.348811, -98.070288 30.348891, -98.068762 30.349518, -98.068457 30.349736, -98.068296 30.349931, -98.068148 30.350151, -98.067929 30.350395, -98.067668 30.350588, -98.066715 30.351182, -98.06631 30.351434, -98.064295 30.35269, -98.063804 30.352087, -98.06178 30.34981, -98.061194 30.349266, -98.060471 30.348863, -98.059333 30.348326, -98.058307 30.348101, -98.057903 30.348094, -98.05432 30.347568, -98.054277 30.347562, -98.054066 30.347533, -98.052237 30.347152, -98.050917 30.346699, -98.049691 30.346095, -98.048917 30.345525, -98.048582 30.345278, -98.046623 30.343835, -98.04604 30.343406, -98.043944 30.341864, -98.042508 30.340807, -98.041454 30.340257, -98.040676 30.340153, -98.039841 30.340131, -98.039807 30.34013, -98.039048 30.34011, -98.037827 30.339973, -98.036687 30.339471, -98.036393 30.339259, -98.035906 30.338989, -98.035681 30.338833, -98.034334 30.337886, -98.033676 30.337348, -98.032809 30.33664, -98.03169 30.335932, -98.029816 30.335008, -98.027465 30.333225, -98.025571 30.332348, -98.024524 30.3315, -98.023516 30.330508, -98.022883 30.330159, -98.022493 30.329974, -98.021506 30.329716, -98.020443 30.32932, -98.01977 30.329006, -98.018995 30.328636, -98.017616 30.327824, -98.016737 30.327251, -98.015928 30.326678, -98.015323 30.326218, -98.012109 30.323939, -98.011727 30.323675, -98.010478 30.322811, -98.010167 30.322578, -98.009572 30.322132, -98.007976 30.321008, -98.007087 30.320381, -98.007056 30.32036, -98.006941 30.320279, -98.005272 30.318995, -98.004427 30.318347, -98.004229 30.318228, -98.004003 30.318102, -98.003723 30.31798, -98.003493 30.317898, -98.003249 30.317808, -98.003062 30.317747, -98.002865 30.3177, -98.002718 30.317668, -98.002231 30.317594, -98.002167 30.317587, -98.001972 30.317567, -98.001823 30.317564, -98.001655 30.317561, -98.001296 30.317579, -98.000876 30.317616, -97.999446 30.317795, -97.997282 30.318067, -97.996807 30.318127, -97.996325 30.318164, -97.994538 30.318228, -97.994392 30.318227, -97.993684 30.318204, -97.992339 30.318059, -97.992269 30.318052, -97.991773 30.317999, -97.991178 30.317936, -97.990685 30.317883, -97.989185 30.317734, -97.988675 30.317663, -97.988112 30.317608, -97.984811 30.317288, -97.981723 30.316989, -97.980266 30.316804, -97.980253 30.316802, -97.980231 30.3168, -97.980219 30.316799, -97.980189 30.316795, -97.980104 30.316785, -97.979991 30.316764, -97.979405 30.316577, -97.97913 30.316472, -97.978738 30.316306, -97.97845 30.316167, -97.978197 30.316023, -97.977933 30.315873, -97.977621 30.31563, -97.977185 30.315294, -97.976352 30.314601, -97.975675 30.314021, -97.974928 30.313323, -97.974289 30.312795, -97.974147 30.312701, -97.974058 30.312626, -97.973919 30.312544, -97.973645 30.312343, -97.973353 30.31216, -97.973135 30.312012, -97.972943 30.311907, -97.972786 30.311807, -97.97265 30.311742, -97.972515 30.311667, -97.972354 30.311589, -97.972149 30.311506, -97.971857 30.311414, -97.97163 30.31134, -97.971268 30.311253, -97.970932 30.311161, -97.970609 30.311087, -97.969412 30.310869, -97.969305 30.310843, -97.965453 30.309977, -97.965382 30.309963, -97.965927 30.309408, -97.96607 30.309235, -97.966587 30.308895, -97.969098 30.307742, -97.970563 30.307148, -97.970923 30.307091, -97.97165 30.306975, -97.973626 30.307295, -97.974851 30.307356, -97.976128 30.307107, -97.97744 30.30665, -97.978344 30.30637, -97.97934 30.30628, -97.979438 30.306272, -97.980453 30.30637, -97.981161 30.306551, -97.98212 30.307088, -97.98262 30.307433, -97.983182 30.307677, -97.983946 30.307787, -97.984433 30.307837, -97.985685 30.307836, -97.98593 30.307836, -97.986076 30.307843, -97.987535 30.307875, -97.990188 30.307973, -97.990489 30.307976, -97.990722 30.307978, -97.99098 30.307976, -97.99115 30.307965, -97.991287 30.307952, -97.99144 30.307925, -97.991707 30.30785, -97.991837 30.307811, -97.992129 30.30772, -97.99238 30.307614, -97.992846 30.307398, -97.993298 30.307178, -97.993901 30.306929, -97.994927 30.30644, -97.996116 30.305873, -97.997126 30.305102, -97.997401 30.304804, -97.997583 30.304472, -97.997774 30.304049, -97.998713 30.301974, -97.999164 30.301231, -97.999379 30.30099, -97.999694 30.300682, -97.999967 30.300453, -98.000357 30.300161, -98.000894 30.299865, -98.0014 30.299652, -98.001643 30.299578, -98.00205 30.299455, -98.00244 30.299385, -98.002654 30.299338, -98.00412 30.299016, -98.0047 30.298892, -98.005281 30.298769, -98.005504 30.298722, -98.005726 30.298674, -98.006239 30.298458, -98.006614 30.298242, -98.006776 30.29812, -98.006918 30.298014, -98.007208 30.297723, -98.007556 30.297372, -98.007733 30.297194, -98.008258 30.296666, -98.009621 30.296174, -98.01069 30.296055, -98.012772 30.295887, -98.013632 30.295817, -98.013979 30.29573, -98.014232 30.295666, -98.014905 30.295521, -98.015336 30.295301, -98.015712 30.295134, -98.015911 30.294918, -98.016191 30.29464, -98.01624 30.294574, -98.016429 30.294319, -98.016639 30.29393, -98.017013 30.292938, -98.01731 30.292421, -98.017535 30.292092, -98.01781 30.291762, -98.018098 30.291553, -98.018543 30.291181, -98.019067 30.290946, -98.019525 30.290821, -98.019652 30.290786, -98.020796 30.29065, -98.022628 30.290897, -98.022676 30.290907, -98.027476 30.291886, -98.028687 30.292133, -98.029151 30.292228, -98.030046 30.292232, -98.030641 30.292235, -98.031857 30.29208, -98.034538 30.291739, -98.035716 30.29159, -98.036387 30.291505, -98.037076 30.291417, -98.038547 30.29123, -98.040972 30.291533, -98.041124 30.291552, -98.041534 30.291603, -98.041712 30.291566, -98.043496 30.291197, -98.044907 30.290906, -98.045739 30.290734, -98.046236 30.290513, -98.046721 30.290298, -98.046734 30.29029, -98.049735 30.288629, -98.050217 30.288364, -98.051708 30.287629, -98.051801 30.287609, -98.052847 30.287388, -98.055131 30.287244, -98.057208 30.286915, -98.058865 30.286485, -98.059731 30.286328, -98.059968 30.286285, -98.061307 30.285923, -98.06216 30.285823, -98.062882 30.285822, -98.063837 30.286078, -98.06482 30.2865, -98.067819 30.28803, -98.068193 30.288221, -98.068317 30.288277, -98.069306 30.288721, -98.073829 30.290751, -98.074588 30.290908, -98.074751 30.290919, -98.076732 30.29105, -98.076753 30.291052, -98.077648 30.291195, -98.078257 30.291374, -98.079367 30.291822, -98.08 30.292054, -98.080151 30.291718, -98.080199 30.29161, -98.080259 30.291478, -98.080705 30.290749, -98.080753 30.290673, -98.081279 30.29106, -98.081579 30.291281, -98.082226 30.291758, -98.082668 30.292084, -98.084432 30.293384, -98.084726 30.293599, -98.084955 30.293767, -98.08974 30.297288, -98.089699 30.297347, -98.08954 30.297588, -98.089258 30.297993, -98.088417 30.299046, -98.088484 30.299149, -98.088865 30.299687, -98.089069 30.300342, -98.089466 30.302046, -98.089525 30.302398, -98.08964 30.303074, -98.089783 30.303924, -98.089701 30.304817, -98.089593 30.305176, -98.089308 30.306124, -98.089356 30.307319, -98.089355 30.307363, -98.089341 30.307995, -98.089345 30.308809, -98.089672 30.310078, -98.089859 30.310807, -98.090299 30.311802, -98.090551 30.312137))",39.1,7107.0,250001.0,79.0,383.0,45093453.30778503,0.00015760602656645576
"POLYGON ((-97.695536 30.231599, -97.693938 30.23375, -97.692537 30.235622, -97.691078 30.237583, -97.690671 30.238059, -97.689559 30.238853, -97.688325 30.239734, -97.687599 30.238563, -97.687421 30.238253, -97.686996 30.237513, -97.68657 30.236771, -97.686391 30.236469, -97.686236 30.236186, -97.685893 30.235581, -97.685771 30.235367, -97.68536 30.234653, -97.685191 30.234359, -97.68532 30.234343, -97.685561 30.234444, -97.685872 30.234228, -97.686268 30.234003, -97.686316 30.233976, -97.686508 30.233929, -97.686642 30.233957, -97.686676 30.233969, -97.686748 30.23397, -97.686775 30.233976, -97.686792 30.23399, -97.686847 30.234016, -97.687047 30.234016, -97.687156 30.234051, -97.687422 30.233986, -97.687595 30.233949, -97.687688 30.23392, -97.687883 30.233734, -97.687947 30.233599, -97.68797 30.233508, -97.687971 30.233466, -97.687957 30.233382, -97.687889 30.23324, -97.687868 30.233142, -97.687871 30.233088, -97.687915 30.232935, -97.68804 30.232693, -97.688217 30.231975, -97.688263 30.231943, -97.688347 30.231873, -97.688418 30.231799, -97.688475 30.231722, -97.68869 30.231318, -97.688925 30.230892, -97.689039 30.230616, -97.689092 30.230431, -97.689142 30.23033, -97.689377 30.230008, -97.689397 30.229972, -97.689538 30.229863, -97.689875 30.229633, -97.690167 30.229667, -97.690256 30.229668, -97.690297 30.229658, -97.690347 30.229624, -97.690376 30.229595, -97.690427 30.229521, -97.690501 30.229433, -97.690538 30.229404, -97.69065 30.229351, -97.690862 30.229325, -97.691178 30.229307, -97.691777 30.229293, -97.69199 30.229286, -97.692052 30.229395, -97.692083 30.229449, -97.692115 30.229503, -97.692148 30.229557, -97.692178 30.229604, -97.692212 30.229658, -97.692238 30.229697, -97.692531 30.229871, -97.693991 30.23072, -97.694693 30.231123, -97.695536 30.231599))",29.2,1066.0,95385.0,51.0,0.0,564408.462880338,0.001888703076066395
"POLYGON ((-97.680794 30.279823, -97.679943 30.280135, -97.679355 30.280436, -97.679036 30.28068, -97.678438 30.281138, -97.677606 30.281784, -97.676648 30.282498, -97.675673 30.282808, -97.67421 30.283185, -97.671733 30.283912, -97.670765 30.284249, -97.669407 30.286311, -97.666799 30.285872, -97.665952 30.285733, -97.665508 30.285658, -97.665352 30.285633, -97.66526 30.28562, -97.665472 30.28482, -97.665836 30.283447, -97.666161 30.282219, -97.666278 30.281782, -97.66634 30.281544, -97.666663 30.280253, -97.666889 30.279402, -97.667758 30.276134, -97.667799 30.275974, -97.667863 30.27573, -97.668386 30.273672, -97.668453 30.273451, -97.668513 30.273185, -97.668697 30.272488, -97.668773 30.272197, -97.66955 30.269247, -97.669654 30.268917, -97.669783 30.268985, -97.669807 30.268998, -97.669924 30.269042, -97.670328 30.269193, -97.670813 30.269431, -97.677903 30.273184, -97.678925 30.276054, -97.67904 30.276376, -97.679637 30.27792, -97.679905 30.278137, -97.680209 30.27847, -97.680274 30.278541, -97.680457 30.278963, -97.680794 30.279823))",30.6,1082.0,65048.0,32.0,0.0,1612491.2218063802,0.0006710114048173846
"POLYGON ((-97.770518 30.190537, -97.769864 30.191389, -97.769063 30.192435, -97.767803 30.194007, -97.767447 30.194454, -97.766356 30.195818, -97.765525 30.196887, -97.765028 30.197527, -97.764879 30.197719, -97.764208 30.198526, -97.763396 30.199506, -97.761906 30.201307, -97.761649 30.201682, -97.761563 30.201636, -97.76139 30.201553, -97.761321 30.20152, -97.761286 30.2015, -97.761211 30.201448, -97.761159 30.20142, -97.761132 30.201408, -97.760998 30.201354, -97.760846 30.201275, -97.760722 30.201234, -97.760614 30.201176, -97.760466 30.20108, -97.760366 30.201003, -97.760315 30.200948, -97.760278 30.200868, -97.760237 30.200838, -97.760049 30.200736, -97.75985 30.200634, -97.759751 30.200568, -97.759377 30.20027, -97.759215 30.200178, -97.75891 30.199954, -97.758853 30.199864, -97.758829 30.199816, -97.758799 30.19978, -97.758708 30.199718, -97.758669 30.199677, -97.758653 30.199648, -97.758657 30.199588, -97.758624 30.199502, -97.758569 30.199392, -97.758547 30.199313, -97.75851 30.199143, -97.758415 30.198816, -97.758375 30.198626, -97.758372 30.198593, -97.758377 30.198488, -97.758362 30.198414, -97.758328 30.198299, -97.758314 30.198227, -97.758302 30.198094, -97.758312 30.197959, -97.758328 30.197851, -97.758324 30.19782, -97.758292 30.197738, -97.7583 30.197697, -97.758346 30.197623, -97.758402 30.197551, -97.758574 30.197266, -97.758616 30.197213, -97.75875 30.197094, -97.758809 30.197017, -97.758973 30.19686, -97.759011 30.196839, -97.759273 30.196754, -97.759364 30.19671, -97.75946 30.196648, -97.759586 30.196547, -97.759691 30.196432, -97.759724 30.196394, -97.759802 30.196304, -97.759842 30.196257, -97.759963 30.196127, -97.760078 30.196017, -97.760285 30.195775, -97.76039 30.195607, -97.760417 30.195588, -97.760474 30.195567, -97.760547 30.19549, -97.760619 30.195307, -97.760732 30.195105, -97.760769 30.195015, -97.760873 30.194928, -97.761009 30.194776, -97.761042 30.194761, -97.7611 30.194748, -97.761126 30.194717, -97.761197 30.194667, -97.76123 30.194609, -97.76133 30.194386, -97.761351 30.194331, -97.761349 30.194297, -97.761336 30.194222, -97.761315 30.193985, -97.761301 30.19389, -97.761308 30.19382, -97.76133 30.193717, -97.761327 30.193651, -97.761319 30.193611, -97.761272 30.19345, -97.761241 30.193327, -97.761223 30.193288, -97.761151 30.193192, -97.76095 30.192906, -97.760873 30.19281, -97.760812 30.192756, -97.760691 30.192688, -97.760593 30.192606, -97.76051 30.192521, -97.760643 30.192446, -97.76068 30.192439, -97.760734 30.192438, -97.760788 30.192424, -97.760923 30.192363, -97.760958 30.192335, -97.761002 30.192275, -97.761014 30.192234, -97.761 30.19217, -97.760977 30.192123, -97.760869 30.19202, -97.760846 30.191985, -97.760845 30.191967, -97.760863 30.191944, -97.76087 30.191926, -97.760885 30.191913, -97.760987 30.191869, -97.761044 30.191854, -97.761339 30.191821, -97.761583 30.191789, -97.761634 30.191769, -97.761663 30.191744, -97.761676 30.191714, -97.761678 30.191696, -97.761665 30.19162, -97.761658 30.191539, -97.762692 30.192436, -97.763018 30.192575, -97.763508 30.192805, -97.763679 30.192852, -97.763861 30.192856, -97.764236 30.192819, -97.76446 30.192771, -97.764693 30.19276, -97.7651 30.192754, -97.765184 30.192593, -97.765231 30.192339, -97.765308 30.192112, -97.765394 30.191921, -97.765615 30.19159, -97.76596 30.19122, -97.766197 30.191057, -97.767086 30.190343, -97.767303 30.190155, -97.76755 30.189804, -97.767609 30.189721, -97.767727 30.189479, -97.767856 30.189276, -97.767958 30.189315, -97.76901 30.1897, -97.769543 30.190007, -97.76997 30.190252, -97.770064 30.190305, -97.770119 30.190334, -97.770372 30.190462, -97.770518 30.190537))",32.3,653.0,46766.0,28.0,0.0,649596.7881581939,0.0010052389603887285
"POLYGON ((-97.964349 30.327575, -97.964212 30.32767, -97.963924 30.32787, -97.96366 30.328128, -97.963572 30.328309, -97.963398 30.328647, -97.963311 30.328768, -97.963179 30.328903, -97.963078 30.328989, -97.963054 30.32901, -97.963032 30.329022, -97.962875 30.329152, -97.962511 30.329389, -97.962113 30.329732, -97.961824 30.330119, -97.961716 30.330349, -97.961643 30.330507, -97.961544 30.330708, -97.961432 30.330841, -97.961289 30.33096, -97.9611 30.331038, -97.961019 30.331059, -97.960865 30.331101, -97.959947 30.331327, -97.959683 30.331392, -97.959643 30.331402, -97.959489 30.331457, -97.959392 30.331492, -97.959151 30.331622, -97.959001 30.331737, -97.958968 30.331784, -97.959086 30.331918, -97.959214 30.332066, -97.959278 30.332124, -97.959329 30.332149, -97.959403 30.33217, -97.959546 30.332193, -97.959745 30.332257, -97.959918 30.332323, -97.959979 30.332354, -97.960021 30.332388, -97.960115 30.332484, -97.960276 30.332654, -97.960351 30.332744, -97.960601 30.332951, -97.960643 30.332985, -97.960714 30.333031, -97.960819 30.333087, -97.960946 30.333152, -97.961031 30.333184, -97.961217 30.333235, -97.96138 30.33327, -97.96138 30.333645, -97.961347 30.333826, -97.961346 30.333887, -97.96135 30.333914, -97.961368 30.333958, -97.961578 30.334234, -97.961678 30.334355, -97.96174 30.334459, -97.961917 30.334858, -97.961983 30.335016, -97.962009 30.335056, -97.962087 30.335148, -97.962196 30.335318, -97.962269 30.33541, -97.962366 30.335513, -97.962434 30.335574, -97.962538 30.335645, -97.962527 30.335704, -97.962508 30.335939, -97.962511 30.336015, -97.962549 30.336222, -97.962587 30.336382, -97.962589 30.336423, -97.962584 30.336555, -97.962612 30.33677, -97.962652 30.337008, -97.962656 30.337074, -97.962638 30.337153, -97.962599 30.337236, -97.962472 30.337474, -97.962413 30.337614, -97.962402 30.337654, -97.962386 30.337751, -97.96237 30.337796, -97.962285 30.337937, -97.961977 30.338527, -97.961884 30.338689, -97.961804 30.338799, -97.961685 30.338941, -97.96163 30.338987, -97.961473 30.339087, -97.96127 30.339228, -97.961045 30.339355, -97.960661 30.339529, -97.960541 30.339585, -97.96046 30.33961, -97.960423 30.339613, -97.960339 30.339609, -97.960014 30.339619, -97.959874 30.339638, -97.959824 30.339655, -97.959778 30.339685, -97.959724 30.339747, -97.959669 30.339831, -97.959617 30.339928, -97.95954 30.340086, -97.959449 30.34024, -97.959354 30.340373, -97.959274 30.340471, -97.959214 30.34053, -97.959161 30.340583, -97.959008 30.340705, -97.958878 30.340791, -97.958745 30.340867, -97.958662 30.340908, -97.958622 30.340928, -97.958555 30.340972, -97.958398 30.341094, -97.958299 30.341185, -97.958232 30.341276, -97.958195 30.341359, -97.95818 30.341446, -97.958187 30.341586, -97.958192 30.341622, -97.958204 30.341712, -97.958234 30.341868, -97.958233 30.341909, -97.958215 30.341975, -97.958176 30.342048, -97.958002 30.342106, -97.957847 30.342147, -97.957392 30.342239, -97.957277 30.342268, -97.957114 30.342326, -97.957067 30.342354, -97.957033 30.342385, -97.956994 30.342441, -97.956951 30.34252, -97.956881 30.342695, -97.956846 30.342745, -97.956799 30.342791, -97.956722 30.342841, -97.956642 30.342882, -97.956366 30.34298, -97.956187 30.343049, -97.955881 30.343165, -97.955792 30.343193, -97.955741 30.343192, -97.955679 30.343176, -97.955571 30.343127, -97.955489 30.343075, -97.955409 30.343011, -97.95535 30.34295, -97.955263 30.342804, -97.955197 30.342725, -97.955101 30.342626, -97.954984 30.34253, -97.954903 30.342494, -97.954833 30.342479, -97.954757 30.342474, -97.9546 30.342484, -97.954501 30.342504, -97.954427 30.342531, -97.954375 30.342562, -97.954326 30.342603, -97.954225 30.342714, -97.953969 30.342761, -97.953837 30.342772, -97.953739 30.342767, -97.953571 30.342746, -97.953507 30.342748, -97.953384 30.342759, -97.953242 30.342744, -97.953187 30.342747, -97.953167 30.342758, -97.953151 30.34278, -97.953108 30.342859, -97.953082 30.34293, -97.953045 30.343059, -97.953013 30.343114, -97.952968 30.343158, -97.952887 30.34321, -97.952547 30.34339, -97.952108 30.343742, -97.952084 30.343755, -97.952002 30.343788, -97.951873 30.343886, -97.951748 30.343996, -97.951687 30.344031, -97.951611 30.344062, -97.95152 30.344093, -97.951408 30.344126, -97.951341 30.344133, -97.951255 30.34413, -97.951152 30.344117, -97.951089 30.344099, -97.951006 30.34404, -97.950697 30.343795, -97.950546 30.343651, -97.950442 30.343575, -97.949977 30.343261, -97.949761 30.343135, -97.949598 30.343024, -97.949441 30.342901, -97.949282 30.342767, -97.949059 30.342613, -97.948989 30.342546, -97.948894 30.342444, -97.948759 30.342324, -97.948715 30.342295, -97.948643 30.342268, -97.948238 30.342212, -97.948145 30.342211, -97.948052 30.342219, -97.947919 30.342244, -97.947815 30.34228, -97.947768 30.342312, -97.947644 30.342434, -97.947531 30.342512, -97.947497 30.342531, -97.947396 30.342585, -97.947324 30.342606, -97.947223 30.342608, -97.947044 30.3426, -97.946982 30.34259, -97.946914 30.342553, -97.946507 30.342364, -97.946361 30.342318, -97.946304 30.342289, -97.946244 30.342241, -97.946186 30.342145, -97.94605 30.342014, -97.945923 30.341903, -97.945871 30.34187, -97.94581 30.341851, -97.94576 30.341848, -97.945465 30.341695, -97.945332 30.341622, -97.945291 30.341593, -97.94521 30.341502, -97.945054 30.34137, -97.944887 30.341192, -97.944769 30.341084, -97.944649 30.340976, -97.944611 30.340951, -97.944478 30.340906, -97.944435 30.34088, -97.944405 30.340842, -97.944298 30.340588, -97.944273 30.340468, -97.944256 30.340328, -97.94425 30.340232, -97.944239 30.340187, -97.944215 30.34013, -97.944115 30.339957, -97.944032 30.339766, -97.944011 30.339766, -97.943994 30.339753, -97.943979 30.339724, -97.94395 30.339643, -97.943923 30.339612, -97.943686 30.339438, -97.943609 30.339396, -97.943521 30.339368, -97.943204 30.33931, -97.943028 30.33929, -97.942556 30.339278, -97.942244 30.339251, -97.942053 30.339249, -97.941813 30.33926, -97.941682 30.339274, -97.941486 30.339301, -97.941143 30.339328, -97.941074 30.339326, -97.940941 30.339304, -97.94086 30.339273, -97.940777 30.339225, -97.940702 30.339166, -97.940603 30.339054, -97.94056 30.338988, -97.940488 30.338846, -97.940385 30.33871, -97.940287 30.338591, -97.940094 30.338387, -97.940048 30.338322, -97.940012 30.3383, -97.939936 30.338276, -97.939898 30.338252, -97.939874 30.338226, -97.939855 30.33819, -97.939812 30.33808, -97.939635 30.337769, -97.939602 30.337726, -97.939556 30.337687, -97.93952 30.337662, -97.939358 30.337575, -97.939248 30.337503, -97.939192 30.337481, -97.939121 30.337467, -97.938944 30.337455, -97.938838 30.337453, -97.938799 30.337478, -97.938788 30.337554, -97.938789 30.337663, -97.938743 30.337777, -97.938695 30.337959, -97.938593 30.338314, -97.938602 30.338559, -97.938607 30.338638, -97.938602 30.338809, -97.938565 30.338932, -97.938512 30.339066, -97.938325 30.339324, -97.938211 30.339491, -97.93808 30.339572, -97.93792 30.3396, -97.937736 30.339571, -97.937308 30.339452, -97.936962 30.339325, -97.936819 30.339246, -97.93671 30.339179, -97.936678 30.33916, -97.936579 30.33906, -97.936455 30.338919, -97.936366 30.338789, -97.936217 30.338515, -97.936131 30.338419, -97.936036 30.338285, -97.93587 30.33801, -97.935851 30.337903, -97.935846 30.337766, -97.935863 30.337709, -97.935894 30.337671, -97.93593 30.337589, -97.93595 30.337469, -97.935997 30.337371, -97.936073 30.337242, -97.936177 30.337083, -97.936287 30.336985, -97.936393 30.336864, -97.936483 30.336799, -97.936573 30.336741, -97.936591 30.336731, -97.936643 30.336667, -97.936642 30.336598, -97.936621 30.336554, -97.93659 30.336533, -97.936552 30.33653, -97.936387 30.336541, -97.936233 30.336584, -97.935986 30.336689, -97.935847 30.336768, -97.935736 30.336851, -97.935646 30.336872, -97.935556 30.336829, -97.935375 30.336758, -97.935116 30.336595, -97.934499 30.336512, -97.934274 30.336481, -97.934048 30.336451, -97.934688 30.335703, -97.933988 30.331403, -97.930973 30.329162, -97.930087 30.328503, -97.92842 30.327731, -97.92724 30.327185, -97.925081 30.326185, -97.924687 30.326003, -97.92256 30.326191, -97.922565 30.325913, -97.922586 30.32549, -97.921768 30.325459, -97.920961 30.325494, -97.920676 30.325535, -97.920652 30.325077, -97.920645 30.325041, -97.920648 30.324996, -97.920662 30.324942, -97.920669 30.324914, -97.920726 30.324791, -97.920776 30.324665, -97.920812 30.324541, -97.920818 30.324475, -97.920821 30.324423, -97.920833 30.324365, -97.920858 30.324288, -97.920876 30.324253, -97.920944 30.324161, -97.921015 30.32408, -97.921141 30.323937, -97.921209 30.32385, -97.921261 30.323764, -97.921294 30.323674, -97.921317 30.323547, -97.921324 30.323356, -97.921351 30.323236, -97.921381 30.323174, -97.921436 30.323108, -97.921454 30.323086, -97.921663 30.322866, -97.921795 30.32265, -97.921924 30.322474, -97.921952 30.322447, -97.921983 30.322424, -97.922039 30.322394, -97.922099 30.32238, -97.922172 30.322375, -97.922234 30.32238, -97.922276 30.322392, -97.922319 30.322415, -97.922357 30.322446, -97.922459 30.322578, -97.92253 30.322662, -97.922582 30.322723, -97.922644 30.322765, -97.92271 30.322791, -97.922771 30.322802, -97.922849 30.322799, -97.922891 30.322786, -97.92294 30.322754, -97.92298 30.32271, -97.923006 30.32266, -97.923021 30.322602, -97.923026 30.322506, -97.922984 30.322229, -97.922974 30.322161, -97.922935 30.322077, -97.922933 30.322021, -97.922944 30.321989, -97.922988 30.321938, -97.923048 30.321897, -97.923132 30.321859, -97.923234 30.321831, -97.923437 30.32179, -97.923524 30.321759, -97.923557 30.321736, -97.92358 30.321708, -97.923595 30.321665, -97.923606 30.321594, -97.923595 30.321323, -97.923606 30.321197, -97.923656 30.321139, -97.9237 30.32108, -97.923732 30.321051, -97.92378 30.321026, -97.923864 30.320995, -97.923931 30.320984, -97.92401 30.320984, -97.924138 30.320996, -97.924312 30.32103, -97.924402 30.321036, -97.924473 30.321023, -97.924527 30.321001, -97.924706 30.320906, -97.924825 30.320868, -97.924909 30.320865, -97.924962 30.320858, -97.925025 30.320833, -97.925087 30.320793, -97.925203 30.320689, -97.925533 30.320467, -97.925585 30.320439, -97.925708 30.320392, -97.925759 30.320366, -97.925913 30.320263, -97.926053 30.320191, -97.926294 30.320019, -97.926331 30.31998, -97.926355 30.319919, -97.926379 30.319873, -97.926421 30.319821, -97.926555 30.319737, -97.926637 30.31967, -97.926724 30.319628, -97.926829 30.319597, -97.926877 30.319576, -97.9269 30.319545, -97.926932 30.319484, -97.926939 30.319446, -97.926905 30.31911, -97.926899 30.318964, -97.926903 30.318792, -97.926915 30.318621, -97.926916 30.318553, -97.926882 30.318409, -97.926884 30.318251, -97.926909 30.318111, -97.926928 30.317954, -97.926933 30.317801, -97.926926 30.317614, -97.926913 30.317517, -97.926891 30.317431, -97.926768 30.317095, -97.926734 30.316976, -97.926664 30.316584, -97.926642 30.316518, -97.92651 30.316226, -97.926459 30.316058, -97.926409 30.315863, -97.926393 30.315692, -97.926398 30.315613, -97.926465 30.315401, -97.926511 30.315302, -97.926614 30.315139, -97.926673 30.315079, -97.926756 30.314968, -97.926835 30.314841, -97.926893 30.314889, -97.926925 30.314903, -97.927075 30.314908, -97.92718 30.314924, -97.927303 30.314919, -97.927375 30.314924, -97.927485 30.314944, -97.927571 30.314966, -97.927691 30.315055, -97.927746 30.315088, -97.927793 30.315101, -97.927929 30.315106, -97.928179 30.315157, -97.928391 30.315211, -97.928594 30.315243, -97.928691 30.315248, -97.928754 30.315241, -97.928821 30.315224, -97.928911 30.315188, -97.929052 30.315096, -97.929138 30.315052, -97.929143 30.314994, -97.929163 30.314879, -97.929207 30.314723, -97.929272 30.314579, -97.929398 30.314321, -97.92969 30.313731, -97.929928 30.313788, -97.930085 30.313802, -97.930244 30.313797, -97.930415 30.313767, -97.930812 30.313576, -97.93107 30.313235, -97.931121 30.312694, -97.930933 30.312319, -97.932004 30.311734, -97.932855 30.31104, -97.932689 30.310883, -97.932593 30.310774, -97.932507 30.31066, -97.932431 30.310537, -97.932365 30.310412, -97.932311 30.310285, -97.932266 30.310152, -97.932218 30.309958, -97.932171 30.309826, -97.932114 30.309698, -97.932046 30.309576, -97.931968 30.309453, -97.931882 30.309339, -97.931786 30.30923, -97.931682 30.309126, -97.931534 30.309041, -97.931396 30.308972, -97.931254 30.308912, -97.931106 30.308862, -97.930955 30.308821, -97.930801 30.308791, -97.930644 30.308768, -97.930486 30.308757, -97.930389 30.308769, -97.930395 30.308681, -97.930397 30.308647, -97.930408 30.308492, -97.930404 30.308354, -97.930385 30.308219, -97.930379 30.308139, -97.930346 30.30807, -97.930258 30.307848, -97.930081 30.307622, -97.93001 30.307532, -97.929997 30.307516, -97.929973 30.307485, -97.929948 30.307452, -97.929895 30.307382, -97.93007 30.307287, -97.930292 30.307168, -97.930834 30.306852, -97.931278 30.306592, -97.93195 30.30614, -97.932673 30.305731, -97.932781 30.305677, -97.932837 30.305634, -97.933049 30.305536, -97.933246 30.30546, -97.933491 30.305373, -97.933749 30.305333, -97.933982 30.305306, -97.9343 30.3053, -97.934615 30.3053, -97.935024 30.305312, -97.935372 30.305312, -97.935542 30.3053, -97.935845 30.305255, -97.93604 30.305167, -97.936178 30.305105, -97.936319 30.305176, -97.937798 30.305766, -97.939973 30.306636, -97.940663 30.306911, -97.942312 30.30757, -97.942857 30.30778, -97.943533 30.308036, -97.943972 30.308176, -97.944189 30.308237, -97.944353 30.308284, -97.944792 30.308399, -97.945358 30.308482, -97.946154 30.311054, -97.946262 30.311406, -97.946432 30.311844, -97.946492 30.31194, -97.946622 30.312144, -97.946734 30.312286, -97.946857 30.312443, -97.947084 30.312649, -97.947171 30.312708, -97.947456 30.3129, -97.947913 30.313236, -97.94814 30.313442, -97.948309 30.313639, -97.948652 30.31419, -97.948839 30.31451, -97.948925 30.314656, -97.949086 30.314951, -97.949184 30.315151, -97.949264 30.315302, -97.949415 30.315624, -97.949451 30.315714, -97.949596 30.316127, -97.949632 30.316227, -97.949697 30.31644, -97.949712 30.316487, -97.949751 30.316614, -97.949843 30.31694, -97.949924 30.317199, -97.949945 30.317284, -97.950012 30.317437, -97.950022 30.317458, -97.950081 30.317581, -97.950109 30.317635, -97.950135 30.317685, -97.950147 30.317708, -97.950252 30.317867, -97.950342 30.318003, -97.950423 30.318112, -97.950593 30.318305, -97.950726 30.318434, -97.950959 30.318673, -97.950976 30.31869, -97.9512 30.318867, -97.951635 30.319187, -97.951738 30.319263, -97.952235 30.319579, -97.952513 30.319755, -97.95302 30.320119, -97.953237 30.32027, -97.95381 30.320658, -97.954207 30.320918, -97.954764 30.321266, -97.955256 30.321628, -97.955902 30.322438, -97.956058 30.322639, -97.957092 30.323965, -97.957309 30.324243, -97.957498 30.324446, -97.957813 30.324722, -97.958022 30.324874, -97.958075 30.32491, -97.958245 30.325028, -97.958361 30.325089, -97.958558 30.325192, -97.958807 30.325294, -97.95919 30.325427, -97.95962 30.325511, -97.960428 30.32565, -97.96156 30.325917, -97.962261 30.326083, -97.962741 30.326242, -97.962774 30.326259, -97.962949 30.326349, -97.963056 30.32641, -97.963184 30.32647, -97.963445 30.326635, -97.963462 30.326649, -97.963716 30.32686, -97.963778 30.326923, -97.964101 30.327258, -97.964151 30.327321, -97.964174 30.327351, -97.964262 30.327463, -97.964277 30.327482, -97.964349 30.327575))",53.5,2679.0,100401.0,0.0,10.0,9472236.844905322,0.0002828265428604554
"POLYGON ((-97.647582 30.436336, -97.647449 30.436541, -97.647078 30.437125, -97.646049 30.438727, -97.645904 30.438943, -97.64579 30.438881, -97.645611 30.438791, -97.645389 30.438682, -97.64519 30.438595, -97.645046 30.43854, -97.644913 30.438496, -97.644664 30.43843, -97.644378 30.438371, -97.643996 30.438294, -97.643767 30.438216, -97.64344 30.438065, -97.640298 30.436552, -97.63979 30.43631, -97.638479 30.435685, -97.638267 30.435585, -97.638131 30.435521, -97.637695 30.435315, -97.637889 30.434978, -97.640279 30.431282, -97.640422 30.431053, -97.640497 30.430933, -97.640613 30.430747, -97.64067 30.430655, -97.640729 30.430561, -97.640761 30.430518, -97.640766 30.430502, -97.640883 30.430314, -97.641084 30.429992, -97.64131 30.429631, -97.641457 30.429395, -97.641564 30.429223, -97.641632 30.429115, -97.641668 30.429055, -97.642516 30.428878, -97.642728 30.42885, -97.642941 30.428825, -97.643335 30.428808, -97.64476 30.428794, -97.644753 30.428814, -97.644638 30.428997, -97.644596 30.42907, -97.644583 30.429102, -97.644569 30.429175, -97.644572 30.429229, -97.64461 30.429323, -97.644608 30.429346, -97.644579 30.429407, -97.644574 30.429496, -97.644581 30.429563, -97.644604 30.42963, -97.644639 30.429698, -97.644677 30.42975, -97.644703 30.429765, -97.644728 30.429765, -97.644682 30.429855, -97.644661 30.429924, -97.644662 30.429964, -97.644679 30.430009, -97.64471 30.430052, -97.644776 30.430107, -97.644847 30.430186, -97.644859 30.430216, -97.644856 30.430468, -97.644867 30.4305, -97.64491 30.430557, -97.644974 30.430622, -97.645012 30.43067, -97.64505 30.430735, -97.645093 30.430843, -97.64513 30.430997, -97.645138 30.431068, -97.64513 30.431128, -97.64509 30.431252, -97.645045 30.43135, -97.645032 30.431387, -97.645029 30.431417, -97.645039 30.431467, -97.645067 30.431516, -97.645136 30.431584, -97.645156 30.43161, -97.645236 30.431765, -97.645248 30.431819, -97.645233 30.431852, -97.645169 30.431913, -97.645063 30.431999, -97.644999 30.432074, -97.644969 30.432132, -97.644899 30.432342, -97.644879 30.43238, -97.644847 30.432412, -97.6447 30.432516, -97.644679 30.432542, -97.644721 30.43343, -97.646679 30.434373, -97.646789 30.434432, -97.646084 30.435633, -97.646795 30.435967, -97.647477 30.436287, -97.647582 30.436336))",43.0,854.0,57546.0,0.0,43.0,574053.6019358452,0.0014876659550956722
"POLYGON ((-97.639318 30.203544, -97.639093 30.20434, -97.638769 30.205626, -97.638585 30.206359, -97.638471 30.20681, -97.638268 30.207733, -97.638248 30.207823, -97.638214 30.208057, -97.637695 30.208058, -97.637549 30.208199, -97.637341 30.208249, -97.636792 30.208132, -97.636746 30.208117, -97.6365 30.208067, -97.636158 30.208015, -97.63609 30.207998, -97.636017 30.207981, -97.635776 30.207954, -97.635544 30.207904, -97.635095 30.207788, -97.634829 30.207728, -97.634594 30.207688, -97.634399 30.207663, -97.634258 30.207646, -97.634012 30.207602, -97.632764 30.207472, -97.631931 30.207677, -97.631409 30.207886, -97.630983 30.208062, -97.630085 30.208382, -97.629523 30.208646, -97.628307 30.209091, -97.627789 30.209244, -97.627305 30.209386, -97.626915 30.2095, -97.625883 30.209716, -97.624984 30.209904, -97.623015 30.210255, -97.622746 30.210296, -97.622737 30.209944, -97.622733 30.209772, -97.62273 30.209572, -97.622733 30.209082, -97.622734 30.208788, -97.622741 30.206782, -97.622751 30.203655, -97.622732 30.200657, -97.622732 30.199308, -97.622857 30.198283, -97.623275 30.196865, -97.623763 30.196584, -97.624366 30.196307, -97.624892 30.196163, -97.625246 30.196106, -97.625734 30.196469, -97.626499 30.197062, -97.627398 30.197636, -97.628144 30.198095, -97.629091 30.198583, -97.630105 30.199052, -97.631406 30.199607, -97.632359 30.19996, -97.632898 30.200171, -97.633862 30.200532, -97.63444 30.200772, -97.636028 30.201602, -97.636124 30.201649, -97.636196 30.201685, -97.637409 30.202284, -97.637513 30.202338, -97.63759 30.202375, -97.637694 30.20243, -97.637727 30.20244, -97.63804 30.20259, -97.639274 30.203236, -97.639367 30.20329, -97.639318 30.203544))",26.7,1087.0,50000.0,0.0,0.0,1599791.1688425445,0.0006794636832421377
"POLYGON ((-97.722624 30.23418, -97.722386 30.234336, -97.722264 30.234429, -97.722148 30.234519, -97.722137 30.234611, -97.721965 30.235008, -97.721663 30.235474, -97.720982 30.236545, -97.719551 30.238803, -97.719135 30.238575, -97.717205 30.23752, -97.71797 30.236378, -97.719662 30.234707, -97.720058 30.233383, -97.720133 30.233163, -97.720377 30.232449, -97.720488 30.232498, -97.721097 30.232907, -97.722494 30.23386, -97.722575 30.233916, -97.722846 30.234103, -97.722624 30.23418))",30.9,773.0,65000.0,58.0,0.0,153513.16918885775,0.005035398618140871
"POLYGON ((-97.737643 30.303493, -97.737298 30.304066, -97.736526 30.305244, -97.735796 30.30639, -97.734905 30.30594, -97.734007 30.305498, -97.733069 30.305051, -97.732173 30.304644, -97.731243 30.304205, -97.731965 30.30305, -97.73272 30.30188, -97.733085 30.301291, -97.733548 30.30053, -97.733951 30.300718, -97.73471 30.301071, -97.735241 30.301337, -97.736311 30.301857, -97.738147 30.302741, -97.737643 30.303493))",29.2,1132.0,60357.0,23.0,174.0,232037.89823082785,0.004878513417984433
"POLYGON ((-97.676274 30.439719, -97.676228 30.439823, -97.676107 30.440178, -97.675891 30.440581, -97.675673 30.440876, -97.675583 30.441024, -97.675139 30.441759, -97.674928 30.442365, -97.675024 30.443781, -97.675466 30.44459, -97.67588 30.445314, -97.676093 30.445953, -97.675726 30.446496, -97.675671 30.44647, -97.675596 30.446432, -97.675496 30.446383, -97.675373 30.446322, -97.675239 30.446256, -97.675084 30.446179, -97.674933 30.446104, -97.67489 30.446083, -97.672646 30.444985, -97.670954 30.444153, -97.669895 30.443644, -97.669583 30.443492, -97.66893 30.443181, -97.66874 30.443095, -97.668749 30.443043, -97.668488 30.442914, -97.668135 30.442739, -97.668288 30.441853, -97.668487 30.440725, -97.66851 30.440593, -97.669309 30.440334, -97.669998 30.440114, -97.670636 30.439893, -97.671094 30.439661, -97.671223 30.439597, -97.67144 30.439455, -97.671732 30.43923, -97.6719 30.439073, -97.672116 30.438869, -97.672198 30.438771, -97.672417 30.438559, -97.673085 30.4377, -97.673643 30.437089, -97.674207 30.436471, -97.674256 30.436418, -97.67433 30.436362, -97.674558 30.436202, -97.674935 30.435976, -97.674972 30.435953, -97.675849 30.437194, -97.676056 30.437834, -97.676244 30.438654, -97.676336 30.439286, -97.676274 30.439719))",36.8,1719.0,63521.0,0.0,74.0,477136.9002209213,0.0036027395894219836
"POLYGON ((-97.736949 30.295186, -97.73687 30.295276, -97.736427 30.296015, -97.736222 30.296332, -97.735659 30.296068, -97.734805 30.295652, -97.733813 30.295161, -97.733625 30.295089, -97.732972 30.294735, -97.732467 30.294535, -97.732879 30.293844, -97.73297 30.293692, -97.733606 30.292674, -97.734104 30.2919, -97.73422 30.291721, -97.734356 30.29146, -97.734547 30.291095, -97.734735 30.290956, -97.73512 30.29145, -97.735705 30.292202, -97.736025 30.293176, -97.737507 30.294301, -97.736949 30.295186))",23.9,1019.0,39432.0,259.0,364.0,140379.8383022392,0.007258877145919508
"POLYGON ((-97.586837 30.270723, -97.58676 30.270846, -97.586746 30.270887, -97.58668 30.271375, -97.58666 30.271427, -97.586617 30.27148, -97.586538 30.271602, -97.586479 30.271741, -97.586455 30.271819, -97.586434 30.271862, -97.586346 30.271949, -97.586298 30.272021, -97.586255 30.272121, -97.586201 30.2723, -97.586188 30.272437, -97.586191 30.272545, -97.586187 30.272588, -97.586166 30.272646, -97.585982 30.272962, -97.585966 30.272975, -97.585927 30.272985, -97.585702 30.273062, -97.585616 30.273108, -97.585427 30.273249, -97.585334 30.273323, -97.585309 30.273359, -97.585249 30.273494, -97.585228 30.27375, -97.58522 30.273784, -97.585205 30.273802, -97.585142 30.273834, -97.585099 30.27384, -97.585063 30.27386, -97.585016 30.27392, -97.584986 30.273992, -97.584969 30.274065, -97.584988 30.274314, -97.584994 30.274352, -97.583713 30.274514, -97.583369 30.274449, -97.583177 30.274412, -97.582493 30.274243, -97.581281 30.273659, -97.580211 30.273086, -97.57979 30.27286, -97.57775 30.271891, -97.5746 30.270781, -97.572106 30.270092, -97.569214 30.269104, -97.569101 30.269065, -97.56804 30.268418, -97.566958 30.267498, -97.566287 30.266516, -97.566086 30.266146, -97.565792 30.265459, -97.565586 30.264861, -97.565451 30.264382, -97.565273 30.263771, -97.565099 30.263364, -97.564875 30.26292, -97.564646 30.262545, -97.564426 30.262232, -97.563982 30.261694, -97.563645 30.261376, -97.563032 30.260876, -97.562532 30.260553, -97.561966 30.260254, -97.560647 30.259603, -97.559071 30.258836, -97.557405 30.258055, -97.556072 30.25741, -97.555123 30.256947, -97.554882 30.256881, -97.554716 30.256867, -97.554679 30.256647, -97.554602 30.256088, -97.555417 30.255885, -97.556074 30.255419, -97.556208 30.255284, -97.556454 30.254938, -97.55709 30.253967, -97.557925 30.252639, -97.559156 30.250639, -97.559517 30.250026, -97.559739 30.249735, -97.560379 30.249255, -97.560725 30.249029, -97.560975 30.248866, -97.561598 30.248566, -97.564804 30.24814, -97.566328 30.248344, -97.569037 30.248999, -97.570666 30.249097, -97.571775 30.248972, -97.572982 30.248836, -97.575239 30.248834, -97.575756 30.248833, -97.577481 30.248419, -97.577945 30.248308, -97.579307 30.248161, -97.579805 30.248106, -97.580189 30.248038, -97.580579 30.247954, -97.580849 30.247881, -97.581438 30.247711, -97.581915 30.247601, -97.58214 30.247546, -97.582354 30.24752, -97.582556 30.247489, -97.58303 30.247475, -97.582989 30.247879, -97.582955 30.248033, -97.582903 30.248148, -97.582837 30.248253, -97.58279 30.248316, -97.582719 30.248381, -97.582641 30.248439, -97.582457 30.248538, -97.582253 30.248671, -97.582158 30.248744, -97.582081 30.24882, -97.582017 30.248899, -97.581561 30.249622, -97.581421 30.249852, -97.580602 30.251112, -97.580164 30.251764, -97.579726 30.252451, -97.579324 30.253005, -97.578328 30.252524, -97.57807 30.252891, -97.577388 30.253922, -97.574864 30.257682, -97.57483 30.257733, -97.574803 30.257776, -97.574475 30.258299, -97.57443 30.258259, -97.574454 30.258331, -97.57239 30.261529, -97.577343 30.264032, -97.577316 30.26411, -97.577271 30.264183, -97.57725 30.26425, -97.577258 30.264283, -97.57728 30.26432, -97.577264 30.26446, -97.577307 30.264624, -97.57731 30.2647, -97.577303 30.264761, -97.57728 30.264817, -97.577179 30.26497, -97.577119 30.265048, -97.57704 30.265122, -97.577003 30.265162, -97.576975 30.265207, -97.576963 30.265257, -97.576956 30.265334, -97.576993 30.265478, -97.576996 30.265572, -97.577015 30.265633, -97.577051 30.265711, -97.577056 30.265774, -97.577007 30.265842, -97.576929 30.265898, -97.576754 30.266076, -97.576718 30.266149, -97.576711 30.266216, -97.576626 30.266282, -97.576541 30.266242, -97.576305 30.266102, -97.576129 30.266015, -97.575661 30.265742, -97.575587 30.265674, -97.575545 30.265657, -97.575495 30.26565, -97.575426 30.265656, -97.575343 30.26569, -97.575313 30.265692, -97.575292 30.265683, -97.575265 30.265658, -97.575049 30.265519, -97.57503 30.265496, -97.574994 30.265466, -97.574868 30.265385, -97.57483 30.265349, -97.574797 30.2653, -97.574731 30.265156, -97.57469 30.265038, -97.574676 30.264959, -97.574632 30.264879, -97.574566 30.264792, -97.574524 30.264728, -97.574493 30.264704, -97.574336 30.26469, -97.574272 30.264661, -97.574233 30.264658, -97.574206 30.264676, -97.574148 30.264697, -97.574114 30.264693, -97.57393 30.264585, -97.573686 30.264407, -97.573665 30.264401, -97.573618 30.264388, -97.573615 30.26442, -97.573596 30.264502, -97.573572 30.264547, -97.573545 30.264579, -97.573316 30.264716, -97.573247 30.264767, -97.573131 30.264885, -97.573049 30.264981, -97.572995 30.265056, -97.572982 30.265084, -97.572972 30.265151, -97.572974 30.265182, -97.572995 30.265301, -97.573024 30.265384, -97.573062 30.265435, -97.573191 30.265559, -97.573247 30.265621, -97.573274 30.265657, -97.573327 30.265741, -97.573396 30.265879, -97.573433 30.265932, -97.573631 30.266077, -97.573669 30.266117, -97.573691 30.26616, -97.573699 30.266213, -97.573691 30.266295, -97.573717 30.266374, -97.573766 30.266464, -97.573826 30.266545, -97.573981 30.266717, -97.57406 30.266794, -97.574127 30.266841, -97.574267 30.266961, -97.574336 30.267034, -97.574427 30.267187, -97.57452 30.26727, -97.574819 30.26748, -97.57511 30.267704, -97.575209 30.267793, -97.575234 30.267831, -97.575253 30.267874, -97.575328 30.268125, -97.575351 30.268164, -97.575405 30.268222, -97.575456 30.268258, -97.575614 30.268323, -97.575681 30.268367, -97.575766 30.268438, -97.575804 30.268478, -97.575859 30.268511, -97.575881 30.268532, -97.575905 30.268578, -97.575907 30.268622, -97.575912 30.268643, -97.575943 30.26869, -97.575979 30.268732, -97.576021 30.268765, -97.576075 30.26879, -97.57622 30.268824, -97.576337 30.268839, -97.576373 30.268835, -97.576468 30.268773, -97.576496 30.268764, -97.576596 30.268763, -97.576691 30.268773, -97.576781 30.268795, -97.576859 30.268828, -97.576967 30.268903, -97.577046 30.268947, -97.577082 30.268973, -97.577104 30.269012, -97.577129 30.269123, -97.577131 30.269148, -97.57714 30.269172, -97.577168 30.269197, -97.57727 30.269223, -97.5773 30.269219, -97.577363 30.26917, -97.577384 30.269161, -97.577438 30.26917, -97.577459 30.269183, -97.577487 30.269213, -97.577541 30.269325, -97.577561 30.269419, -97.577565 30.26952, -97.577558 30.269606, -97.577541 30.269683, -97.577491 30.269762, -97.577484 30.269804, -97.577493 30.269847, -97.577511 30.269872, -97.577555 30.269895, -97.577579 30.2699, -97.577767 30.269909, -97.577825 30.269915, -97.578078 30.269983, -97.578119 30.270008, -97.578159 30.27005, -97.578244 30.270153, -97.578346 30.270254, -97.578416 30.270348, -97.578459 30.270397, -97.578496 30.270426, -97.578662 30.2705, -97.578709 30.27051, -97.579286 30.270518, -97.579413 30.270505, -97.579543 30.270477, -97.579562 30.270467, -97.579652 30.270419, -97.57973 30.270416, -97.579824 30.270446, -97.579856 30.270451, -97.579967 30.270428, -97.58011 30.270416, -97.580406 30.270373, -97.580646 30.270338, -97.580926 30.270303, -97.581132 30.27027, -97.581382 30.270255, -97.58154 30.270224, -97.581627 30.270218, -97.581805 30.270215, -97.582134 30.270224, -97.58236 30.270237, -97.582418 30.27024, -97.5827 30.270255, -97.582921 30.270255, -97.583048 30.270238, -97.583294 30.270176, -97.583416 30.270149, -97.583507 30.270152, -97.58365 30.270171, -97.583761 30.270194, -97.583871 30.27023, -97.583916 30.270252, -97.583964 30.270266, -97.584083 30.270281, -97.584147 30.270276, -97.584182 30.270264, -97.584222 30.270239, -97.584258 30.270202, -97.584329 30.270112, -97.584369 30.270022, -97.584589 30.269792, -97.584639 30.269701, -97.584678 30.269643, -97.584732 30.269586, -97.584796 30.26954, -97.584892 30.269494, -97.585002 30.269464, -97.585076 30.269453, -97.585341 30.269431, -97.585503 30.269427, -97.58558 30.269436, -97.585651 30.269458, -97.585797 30.269556, -97.585852 30.269592, -97.585943 30.26966, -97.586008 30.269702, -97.58606 30.269723, -97.586141 30.269731, -97.586193 30.26975, -97.586248 30.269785, -97.586334 30.269864, -97.586395 30.269934, -97.586524 30.270133, -97.586526 30.270172, -97.586539 30.270215, -97.586563 30.270258, -97.58658 30.270275, -97.586617 30.270288, -97.586712 30.270347, -97.58674 30.270374, -97.586754 30.270441, -97.586799 30.2706, -97.586829 30.270655, -97.586841 30.270692, -97.586837 30.270723))",16.9,1073.0,97638.0,67.0,70.0,3760620.676775212,0.00028532524075789356
"POLYGON ((-97.658706 30.37736, -97.658521 30.377537, -97.658321 30.377701, -97.658204 30.377786, -97.657984 30.377931, -97.657507 30.378144, -97.65627 30.378562, -97.655361 30.378877, -97.655134 30.378957, -97.654944 30.378868, -97.646086 30.374704, -97.647493 30.367441, -97.647758 30.366657, -97.647811 30.3665, -97.647814 30.36649, -97.64797 30.366573, -97.648004 30.366591, -97.648031 30.366605, -97.648085 30.366633, -97.64813 30.366657, -97.648163 30.366674, -97.648195 30.366691, -97.648205 30.366696, -97.648239 30.366714, -97.648276 30.366734, -97.648316 30.366755, -97.648341 30.366768, -97.64835 30.366773, -97.648415 30.366796, -97.648475 30.366817, -97.64852 30.366832, -97.648563 30.366847, -97.648596 30.366859, -97.648637 30.366873, -97.648692 30.366893, -97.648783 30.366925, -97.648808 30.366933, -97.64888 30.366959, -97.649022 30.367008, -97.649156 30.367055, -97.649301 30.367106, -97.649362 30.367127, -97.649406 30.367142, -97.64943 30.367151, -97.649575 30.367197, -97.649698 30.367236, -97.650047 30.367347, -97.65025 30.367417, -97.650578 30.367545, -97.650852 30.367672, -97.6512 30.367854, -97.651541 30.368044, -97.651884 30.368263, -97.652291 30.368562, -97.652414 30.368664, -97.653934 30.369758, -97.654179 30.369949, -97.654443 30.370152, -97.654567 30.370271, -97.654733 30.370453, -97.654847 30.370593, -97.654961 30.37075, -97.655095 30.370975, -97.655171 30.371115, -97.655277 30.371318, -97.655939 30.372701, -97.656523 30.373954, -97.657288 30.37558, -97.657493 30.376009, -97.657616 30.376201, -97.6577 30.37632, -97.657855 30.376505, -97.657957 30.376616, -97.658114 30.376754, -97.65824 30.376865, -97.658423 30.377001, -97.658674 30.37718, -97.658791 30.377273, -97.658706 30.37736))",31.5,2066.0,108269.0,33.0,61.0,927735.8965648093,0.0022269268739626424
"POLYGON ((-97.839184 30.231729, -97.839143 30.231779, -97.838991 30.231921, -97.838923 30.231968, -97.838811 30.232024, -97.83829 30.232239, -97.838175 30.232277, -97.838083 30.232297, -97.83799 30.232306, -97.837788 30.232309, -97.837725 30.232299, -97.837683 30.232281, -97.837648 30.232254, -97.837455 30.23206, -97.837426 30.232049, -97.837379 30.232051, -97.837331 30.232063, -97.836828 30.232227, -97.836752 30.232246, -97.836675 30.232253, -97.836606 30.232248, -97.836498 30.232239, -97.836337 30.232219, -97.836197 30.232221, -97.836095 30.232229, -97.835952 30.232249, -97.83546 30.232294, -97.835373 30.232288, -97.834838 30.232222, -97.834691 30.232193, -97.834619 30.232165, -97.834458 30.232078, -97.834418 30.232049, -97.834356 30.232003, -97.834303 30.231977, -97.834199 30.231954, -97.833876 30.231931, -97.833769 30.231932, -97.833515 30.231962, -97.83333 30.231969, -97.833185 30.231963, -97.833024 30.231943, -97.832857 30.231915, -97.832639 30.231908, -97.832527 30.231892, -97.832458 30.231875, -97.832313 30.231805, -97.832257 30.231789, -97.8321 30.231773, -97.831813 30.231767, -97.831415 30.231784, -97.830864 30.23183, -97.83073 30.231833, -97.830541 30.231822, -97.830434 30.231805, -97.830409 30.231795, -97.828013 30.230623, -97.827885 30.230573, -97.827673 30.230471, -97.827935 30.230035, -97.828753 30.228988, -97.829242 30.228506, -97.830176 30.227586, -97.830965 30.226745, -97.831295 30.227047, -97.831535 30.227267, -97.832033 30.227528, -97.832268 30.227651, -97.832597 30.227894, -97.832733 30.227995, -97.832936 30.228159, -97.833574 30.228675, -97.833642 30.228735, -97.833727 30.22881, -97.833957 30.229012, -97.834218 30.229182, -97.834633 30.229416, -97.835139 30.229643, -97.835528 30.229835, -97.835581 30.22986, -97.836262 30.23018, -97.838352 30.231166, -97.838416 30.231196, -97.838789 30.231372, -97.839262 30.231596, -97.839184 30.231729))",29.1,287.0,76522.0,20.0,0.0,328156.09582406725,0.000874583783913214
"POLYGON ((-97.689775 30.341267, -97.689698 30.341459, -97.68967 30.341628, -97.689679 30.341774, -97.689702 30.341924, -97.689756 30.342114, -97.689794 30.342318, -97.689813 30.342564, -97.68977 30.342773, -97.689715 30.342914, -97.689628 30.343063, -97.689514 30.343202, -97.689351 30.343343, -97.689101 30.343495, -97.688858 30.343581, -97.688557 30.343656, -97.688342 30.343738, -97.688196 30.343825, -97.688078 30.343939, -97.687991 30.344062, -97.686533 30.346323, -97.686127 30.346966, -97.686117 30.346982, -97.686098 30.347038, -97.686092 30.347088, -97.685963 30.347253, -97.685935 30.347323, -97.685923 30.347343, -97.68589 30.347389, -97.685809 30.347485, -97.685746 30.34758, -97.685676 30.347741, -97.685629 30.347824, -97.685622 30.347931, -97.685644 30.347973, -97.685636 30.347999, -97.685499 30.348185, -97.685572 30.348174, -97.685615 30.348163, -97.685676 30.348135, -97.685724 30.348092, -97.685826 30.348017, -97.685883 30.34799, -97.686132 30.347943, -97.686272 30.347936, -97.686562 30.347947, -97.686653 30.347956, -97.686752 30.347975, -97.686877 30.348011, -97.687031 30.348065, -97.687123 30.348106, -97.687183 30.348144, -97.687297 30.348238, -97.687385 30.348305, -97.687425 30.348325, -97.687484 30.348343, -97.687585 30.348362, -97.687882 30.348448, -97.687956 30.348479, -97.688229 30.348646, -97.688602 30.348823, -97.68876 30.348911, -97.688883 30.348967, -97.688976 30.348991, -97.688766 30.349291, -97.687877 30.350702, -97.687504 30.351296, -97.686736 30.352519, -97.686362 30.353085, -97.686285 30.353215, -97.686237 30.353312, -97.686212 30.353393, -97.686186 30.353486, -97.68617 30.353585, -97.686153 30.353708, -97.686137 30.353799, -97.686112 30.353863, -97.686029 30.353772, -97.685993 30.353735, -97.685911 30.353668, -97.685867 30.353601, -97.685829 30.353557, -97.685734 30.353469, -97.685573 30.353281, -97.685538 30.353223, -97.685508 30.353182, -97.685444 30.353124, -97.685367 30.353075, -97.685064 30.352813, -97.684999 30.352752, -97.684852 30.35263, -97.68476 30.352553, -97.684593 30.352456, -97.684507 30.3524, -97.684451 30.352358, -97.68438 30.352285, -97.684326 30.352202, -97.684302 30.352147, -97.684271 30.352035, -97.68425 30.351886, -97.684235 30.351834, -97.684207 30.351784, -97.684116 30.351675, -97.684062 30.351631, -97.683982 30.351588, -97.683832 30.351521, -97.683741 30.351471, -97.683687 30.35143, -97.683639 30.351384, -97.683557 30.351276, -97.683539 30.351233, -97.68354 30.351191, -97.683566 30.351075, -97.683604 30.350939, -97.683607 30.350898, -97.683589 30.35087, -97.683476 30.350747, -97.683415 30.350698, -97.683329 30.35066, -97.683203 30.350589, -97.683123 30.350524, -97.683065 30.350499, -97.683026 30.350494, -97.682867 30.350507, -97.682848 30.350491, -97.682829 30.350445, -97.68282 30.350339, -97.682806 30.350312, -97.682783 30.350296, -97.68269 30.350294, -97.682594 30.350311, -97.682567 30.350306, -97.682543 30.350292, -97.682497 30.350244, -97.682457 30.350184, -97.682452 30.350157, -97.682468 30.350124, -97.682584 30.349975, -97.682597 30.349933, -97.682608 30.349865, -97.682645 30.349785, -97.682702 30.349712, -97.682789 30.349632, -97.682852 30.34959, -97.68287 30.349565, -97.682877 30.349526, -97.68287 30.349468, -97.682853 30.349419, -97.682818 30.349376, -97.682689 30.349239, -97.682675 30.349194, -97.682626 30.34895, -97.682602 30.348931, -97.682568 30.34892, -97.682474 30.348909, -97.682411 30.348915, -97.682357 30.348933, -97.68232 30.348961, -97.682242 30.349054, -97.682168 30.349156, -97.682128 30.349193, -97.682088 30.349211, -97.682036 30.349211, -97.682002 30.349202, -97.681975 30.349183, -97.681914 30.349094, -97.681862 30.348995, -97.681837 30.348926, -97.681835 30.348885, -97.681846 30.34884, -97.681946 30.348629, -97.681975 30.348536, -97.681989 30.348431, -97.681976 30.348399, -97.68194 30.348363, -97.681423 30.347958, -97.681287 30.347845, -97.681117 30.347749, -97.681054 30.347697, -97.680971 30.347649, -97.680895 30.347604, -97.68085 30.347551, -97.680825 30.347498, -97.680758 30.347324, -97.680718 30.347236, -97.680613 30.347031, -97.680529 30.3469, -97.680154 30.346482, -97.680135 30.346454, -97.680046 30.34629, -97.679989 30.346223, -97.679822 30.346088, -97.679804 30.346069, -97.679784 30.346039, -97.679763 30.345964, -97.679746 30.345856, -97.679714 30.345777, -97.67959 30.345518, -97.679582 30.34548, -97.679588 30.345423, -97.679605 30.345397, -97.679806 30.345221, -97.67982 30.345194, -97.679824 30.345147, -97.679809 30.345087, -97.679776 30.345015, -97.67971 30.344909, -97.679692 30.34485, -97.679685 30.344808, -97.679682 30.344629, -97.679691 30.3446, -97.679715 30.344572, -97.679774 30.344532, -97.679813 30.344526, -97.679834 30.344527, -97.679878 30.344589, -97.679984 30.344764, -97.680047 30.344879, -97.680129 30.345005, -97.680371 30.345339, -97.680485 30.345503, -97.680527 30.345614, -97.680573 30.345713, -97.680625 30.345796, -97.680686 30.345862, -97.680766 30.345929, -97.680824 30.345967, -97.681219 30.346114, -97.681474 30.346185, -97.681537 30.346197, -97.681664 30.346209, -97.681859 30.346214, -97.682186 30.346183, -97.682291 30.346195, -97.682362 30.346218, -97.682564 30.346268, -97.682977 30.345161, -97.683717 30.343956, -97.684834 30.342249, -97.684929 30.342158, -97.685118 30.341992, -97.685887 30.34133, -97.686004 30.341214, -97.686083 30.341117, -97.686262 30.34084, -97.686448 30.340552, -97.687272 30.339257, -97.690172 30.340601, -97.689775 30.341267))",23.9,2455.0,30574.0,67.0,0.0,654016.5539543969,0.0037537276161532475
